_id,AREA_NAME,HOOD_ID,POPN_PROJ_2022,ASSAULT_2014,ASSAULT_2015,ASSAULT_2016,ASSAULT_2017,ASSAULT_2018,ASSAULT_2019,ASSAULT_2020,ASSAULT_2021,ASSAULT_2022,ASSAULT_RATE_2014,ASSAULT_RATE_2015,ASSAULT_RATE_2016,ASSAULT_RATE_2017,ASSAULT_RATE_2018,ASSAULT_RATE_2019,ASSAULT_RATE_2020,ASSAULT_RATE_2021,ASSAULT_RATE_2022,AUTOTHEFT_2014,AUTOTHEFT_2015,AUTOTHEFT_2016,AUTOTHEFT_2017,AUTOTHEFT_2018,AUTOTHEFT_2019,AUTOTHEFT_2020,AUTOTHEFT_2021,AUTOTHEFT_2022,AUTOTHEFT_RATE_2014,AUTOTHEFT_RATE_2015,AUTOTHEFT_RATE_2016,AUTOTHEFT_RATE_2017,AUTOTHEFT_RATE_2018,AUTOTHEFT_RATE_2019,AUTOTHEFT_RATE_2020,AUTOTHEFT_RATE_2021,AUTOTHEFT_RATE_2022,BIKETHEFT_2014,BIKETHEFT_2015,BIKETHEFT_2016,BIKETHEFT_2017,BIKETHEFT_2018,BIKETHEFT_2019,BIKETHEFT_2020,BIKETHEFT_2021,BIKETHEFT_2022,BIKETHEFT_RATE_2014,BIKETHEFT_RATE_2015,BIKETHEFT_RATE_2016,BIKETHEFT_RATE_2017,BIKETHEFT_RATE_2018,BIKETHEFT_RATE_2019,BIKETHEFT_RATE_2020,BIKETHEFT_RATE_2021,BIKETHEFT_RATE_2022,BREAKENTER_2014,BREAKENTER_2015,BREAKENTER_2016,BREAKENTER_2017,BREAKENTER_2018,BREAKENTER_2019,BREAKENTER_2020,BREAKENTER_2021,BREAKENTER_2022,BREAKENTER_RATE_2014,BREAKENTER_RATE_2015,BREAKENTER_RATE_2016,BREAKENTER_RATE_2017,BREAKENTER_RATE_2018,BREAKENTER_RATE_2019,BREAKENTER_RATE_2020,BREAKENTER_RATE_2021,BREAKENTER_RATE_2022,HOMICIDE_2014,HOMICIDE_2015,HOMICIDE_2016,HOMICIDE_2017,HOMICIDE_2018,HOMICIDE_2019,HOMICIDE_2020,HOMICIDE_2021,HOMICIDE_2022,HOMICIDE_RATE_2014,HOMICIDE_RATE_2015,HOMICIDE_RATE_2016,HOMICIDE_RATE_2017,HOMICIDE_RATE_2018,HOMICIDE_RATE_2019,HOMICIDE_RATE_2020,HOMICIDE_RATE_2021,HOMICIDE_RATE_2022,ROBBERY_2014,ROBBERY_2015,ROBBERY_2016,ROBBERY_2017,ROBBERY_2018,ROBBERY_2019,ROBBERY_2020,ROBBERY_2021,ROBBERY_2022,ROBBERY_RATE_2014,ROBBERY_RATE_2015,ROBBERY_RATE_2016,ROBBERY_RATE_2017,ROBBERY_RATE_2018,ROBBERY_RATE_2019,ROBBERY_RATE_2020,ROBBERY_RATE_2021,ROBBERY_RATE_2022,SHOOTING_2014,SHOOTING_2015,SHOOTING_2016,SHOOTING_2017,SHOOTING_2018,SHOOTING_2019,SHOOTING_2020,SHOOTING_2021,SHOOTING_2022,SHOOTING_RATE_2014,SHOOTING_RATE_2015,SHOOTING_RATE_2016,SHOOTING_RATE_2017,SHOOTING_RATE_2018,SHOOTING_RATE_2019,SHOOTING_RATE_2020,SHOOTING_RATE_2021,SHOOTING_RATE_2022,THEFTFROMMV_2014,THEFTFROMMV_2015,THEFTFROMMV_2016,THEFTFROMMV_2017,THEFTFROMMV_2018,THEFTFROMMV_2019,THEFTFROMMV_2020,THEFTFROMMV_2021,THEFTFROMMV_2022,THEFTFROMMV_RATE_2014,THEFTFROMMV_RATE_2015,THEFTFROMMV_RATE_2016,THEFTFROMMV_RATE_2017,THEFTFROMMV_RATE_2018,THEFTFROMMV_RATE_2019,THEFTFROMMV_RATE_2020,THEFTFROMMV_RATE_2021,THEFTFROMMV_RATE_2022,THEFTOVER_2014,THEFTOVER_2015,THEFTOVER_2016,THEFTOVER_2017,THEFTOVER_2018,THEFTOVER_2019,THEFTOVER_2020,THEFTOVER_2021,THEFTOVER_2022,THEFTOVER_RATE_2014,THEFTOVER_RATE_2015,THEFTOVER_RATE_2016,THEFTOVER_RATE_2017,THEFTOVER_RATE_2018,THEFTOVER_RATE_2019,THEFTOVER_RATE_2020,THEFTOVER_RATE_2021,THEFTOVER_RATE_2022,geometry
1,South Eglinton-Davisville,174,21418,63,61,70,82,85,70,82,121,129,344.9786,332.1355,377.827,429.4543,431.5816,345.8669,396.8446,577.4554,602.2971,5,4,3,9,15,8,15,15,11,27.37926,21.77938,16.19258,47.13523,76.16146,39.52765,72.59352,71.58538,71.58538,17,19,27,34,30,42,94,34,18,93.08948,103.452,145.7333,178.0664,152.3229,207.5201,454.9194,162.2602,162.2602,27,32,25,37,48,83,70,44,26,147.848,174.235,134.9382,193.7782,243.7167,410.0993,338.7698,209.9838,121.3932,,,1,,,1,1,1,,,,5,,,4.940956,4.839568,4.772358,,12,10,9,7,17,5,16,11,16,65.71022,48.57775,36.66073,86.31632,24.70478,77.43309,52.49594,74.70352,54.44844,1,,1,,1,1,1,,1,5.475852,,5.397528,,5.077431,4.940956,4.839568,,4.66897,18,19,13,17,19,24,43,22,18,98.56533,103.452,70.16786,89.0332,96.47118,118.5829,208.1014,104.9919,84.04146,4,3,4,1,3,3,5,6,3,21.90341,16.33453,21.59011,5.237247,15.23229,14.82287,24.19784,28.63415,14.00691,"{'type': 'MultiPolygon', 'coordinates': [[[[-79.3863542904554, 43.6978398548444], [-79.3862324340446, 43.6975123119247], [-79.3863913636077, 43.6975163226914], [-79.386459538907, 43.6975278485989], [-79.386663879176, 43.6975096619617], [-79.3870142061006, 43.6974771360455], [-79.3876488186467, 43.6974063636903], [-79.3895314540214, 43.6969997735059], [-79.3927582055459, 43.6962910788367], [-79.3950243371378, 43.6958490225004], [-79.3951317436158, 43.6958233231603], [-79.3952865927122, 43.6957885856047], [-79.3954645326988, 43.6957510684335], [-79.3955722518454, 43.6957309410345], [-79.3957195358296, 43.6957087164413], [-79.3958885294542, 43.6956939553393], [-79.3961113955372, 43.6956752014814], [-79.396207752087, 43.6961356147759], [-79.3964742830539, 43.6973825266072], [-79.3966459563685, 43.6983097963983], [-79.3968644533258, 43.6993406138405], [-79.396957183233, 43.6997952534413], [-79.397042428329, 43.700303875693], [-79.397162477738, 43.7008620361134], [-79.3972224889132, 43.7011456121255], [-79.397347410748, 43.7018027736667], [-79.3975086474542, 43.7025206437692], [-79.3976690477765, 43.70330167531], [-79.3976874703645, 43.703405198381], [-79.397828916828, 43.7041568860129], [-79.3978557085567, 43.7043594206723], [-79.3982428959998, 43.7061529920682], [-79.3983697427864, 43.7067405822138], [-79.3974775704641, 43.7069304774917], [-79.3974398979334, 43.7069385091161], [-79.3968325310586, 43.7070677699381], [-79.3954958960847, 43.7073366111638], [-79.3941367575832, 43.7076099177186], [-79.3928226112263, 43.7078697480903], [-79.3915041486188, 43.7081430514901], [-79.3902004147693, 43.7084163454407], [-79.3892957555703, 43.706093243269], [-79.3889371963968, 43.7051883120341], [-79.3885743467452, 43.7043013689975], [-79.3881601628552, 43.7033018588796], [-79.3878348373669, 43.7024779596047], [-79.3874982668738, 43.7016540473955], [-79.3870343704905, 43.7005149636618], [-79.3869765704017, 43.7003213787911], [-79.3868375062856, 43.6998441915904], [-79.3867473989704, 43.699308543833], [-79.3865336672521, 43.6983362111464], [-79.3864819989094, 43.6981831468939], [-79.3863542904554, 43.6978398548444]]]]}"
2,North Toronto,173,14544,45,52,43,52,55,77,72,104,130,386.9636,449.1277,372.0689,429.0075,433.5488,582.0106,525.9697,740.5825,893.8394,4,1,2,2,4,4,11,14,10,34.39677,8.637071,17.30553,16.50029,31.53082,30.23432,80.35649,99.69379,99.69379,5,13,9,13,17,22,50,22,10,42.99596,112.2819,77.87488,107.2519,134.006,166.2887,365.2568,156.6617,156.6617,25,44,15,24,42,36,88,49,46,214.9798,380.0311,129.7915,198.0035,331.0736,272.1089,642.8519,348.9283,316.2816,,,,,,1,1,,,,,,,,7.558579,7.305136,,,5,10,7,6,9,19,3,10,11,42.99596,60.56935,49.50087,70.94435,143.613,21.91541,71.20985,75.63256,86.3707,,,,,,,,1,1,,,,,,,,7.120986,6.875688,18,6,13,13,7,18,24,17,18,154.7854,51.82242,112.4859,107.2519,55.17894,136.0544,175.3233,121.0568,123.7624,2,3,2,3,5,4,6,2,4,17.19838,25.91121,17.30553,24.75043,39.41353,30.23432,43.83081,14.24197,27.50275,"{'type': 'MultiPolygon', 'coordinates': [[[[-79.3974398979334, 43.7069385091161], [-79.3983697427864, 43.7067405822138], [-79.3986310817159, 43.7079940617394], [-79.3986816277272, 43.7082183184038], [-79.3988724583843, 43.70909631821], [-79.3990006754634, 43.7095919428023], [-79.3992914709147, 43.7109209039787], [-79.3993199099806, 43.7110852373073], [-79.3994798298584, 43.7118475603566], [-79.3995664401904, 43.7122969439788], [-79.3993727723346, 43.7123391244408], [-79.3989526734124, 43.7124163985562], [-79.398591453769, 43.712480482733], [-79.3978734491571, 43.7126268885043], [-79.3955179429138, 43.7131171915714], [-79.3931238129498, 43.7136100208808], [-79.3922037218342, 43.7137944119651], [-79.3917825029737, 43.7126146504159], [-79.3914609026678, 43.7117202855173], [-79.3912301279233, 43.7111373423785], [-79.3906609204368, 43.7096241455388], [-79.3902004147693, 43.7084163454407], [-79.3915041486188, 43.7081430514901], [-79.3928226112263, 43.7078697480903], [-79.3941367575832, 43.7076099177186], [-79.3954958960847, 43.7073366111638], [-79.3968325310586, 43.7070677699381], [-79.3974398979334, 43.7069385091161]]]]}"
3,Dovercourt Village,172,13789,56,57,79,94,94,96,75,101,93,412.007,422.1597,587.4479,693.9318,684.9315,694.344,542.731,734.3318,674.4506,8,10,18,11,11,12,18,8,25,58.85815,74.0631,133.8489,81.20478,80.15156,86.793,130.2554,58.1649,58.1649,26,34,52,45,30,26,28,26,20,191.289,251.8145,386.6746,332.2014,218.5952,188.0515,202.6196,189.0359,189.0359,38,21,37,39,50,83,47,19,33,279.5762,155.5325,275.1339,287.9079,364.3253,600.3182,340.1115,138.1416,239.3212,1,,,1,,2,1,,,7.357268982,,,7,,14.4655,7.236413,,,24,19,13,38,31,14,15,22,10,176.5745,96.66865,280.5256,225.8817,101.2585,108.5462,159.9535,72.52158,140.7199,,,2,,,,,2,,,,14.8721,,,,,14.54122,,40,34,49,42,82,67,67,18,40,294.2908,251.8145,364.3665,310.0546,597.4935,484.5942,484.8397,130.871,290.0863,5,3,5,3,4,3,3,2,4,36.78635,22.21893,37.18025,22.14676,29.14602,21.69825,21.70924,14.54122,29.00863,"{'type': 'MultiPolygon', 'coordinates': [[[[-79.4341164166683, 43.6601538570866], [-79.4353691004116, 43.6598923454119], [-79.435534564304, 43.6602810447887], [-79.4366816141117, 43.6629756533734], [-79.4367072793061, 43.6630357515111], [-79.4370626510422, 43.6638680769057], [-79.4374415158176, 43.6647239343098], [-79.4376197726922, 43.6651298658601], [-79.4378108684715, 43.6655687224172], [-79.4379274727297, 43.665859727031], [-79.4381883046297, 43.6664368452008], [-79.4387032555645, 43.6676693873544], [-79.4389080673049, 43.6681596559458], [-79.4390391799365, 43.6684734040995], [-79.4392823339276, 43.6689922805434], [-79.4392928271951, 43.6690150775917], [-79.4366375857629, 43.6695294400883], [-79.4366240337802, 43.6695397838301], [-79.4362899137733, 43.6696116177203], [-79.4359561981924, 43.6696744405884], [-79.4352049993977, 43.6698360684316], [-79.4350410330232, 43.6698764808986], [-79.434876302492, 43.6699124014374], [-79.4347115595814, 43.6699483134651], [-79.4345468276635, 43.6699842245049], [-79.4343816996312, 43.6700201442863], [-79.4342161747352, 43.6700560538892], [-79.434050674424, 43.670091964489], [-79.4338847685661, 43.6701233817614], [-79.4337188763919, 43.6701547908766], [-79.4335526107262, 43.6701861982326], [-79.4333836058431, 43.6702176137164], [-79.4330122839547, 43.6702821706201], [-79.4329491140051, 43.6702938711568], [-79.4293996646108, 43.670981289904], [-79.4269763522755, 43.6714505285337], [-79.4229326761667, 43.6722217543491], [-79.4218563338425, 43.6724270640189], [-79.4215473938804, 43.6716307480167], [-79.4212300945407, 43.6707839272608], [-79.4210940253717, 43.6704306300716], [-79.4209360829224, 43.6700204834807], [-79.4206443908908, 43.6692625137549], [-79.4202954375709, 43.6683475192387], [-79.4202051215979, 43.6681272111031], [-79.4199376855628, 43.6673998069675], [-79.4197631352017, 43.6669395087819], [-79.4197535967176, 43.6669143704326], [-79.4196273624944, 43.6665814570019], [-79.4195954666142, 43.6664999009266], [-79.41947113714, 43.6661820483128], [-79.4187943076235, 43.6644513591617], [-79.4185781726832, 43.6639561851379], [-79.4184197912836, 43.6635933367849], [-79.4188737181833, 43.6634815301241], [-79.4189382869702, 43.6634673986463], [-79.4202522198705, 43.663179829358], [-79.420918184496, 43.6630340654597], [-79.4216266854058, 43.6628811165968], [-79.4220632197366, 43.6627868829044], [-79.4232718420585, 43.6625185246462], [-79.4244362768433, 43.6622586662296], [-79.4246485993388, 43.6622071476088], [-79.4256627285012, 43.6619934988002], [-79.4268616236685, 43.6617451416791], [-79.4280573184406, 43.6614891097452], [-79.428208537073, 43.6614450717084], [-79.4294412537159, 43.6611593444024], [-79.4302399898471, 43.6609922385063], [-79.4304241311677, 43.660953717119], [-79.4311353485784, 43.6607995039283], [-79.4316756453968, 43.6606697859837], [-79.4324384186236, 43.6604970623579], [-79.4329201267922, 43.6604005452595], [-79.4330379676926, 43.6603741418424], [-79.433838693605, 43.660194689184], [-79.4341164166683, 43.6601538570866]]]]}"
4,Junction-Wallace Emerson,171,25777,154,157,166,157,157,182,169,178,139,655.6819,658.64,684.8467,638.5748,627.0219,716.8459,661.9922,696.6459,539.2404,19,17,12,17,29,23,44,35,47,80.89581,71.3177,49.50699,69.14504,115.8193,90.59042,172.353,136.9809,136.9809,40,41,50,62,65,70,54,36,36,170.307,172.0015,206.2791,252.176,259.595,275.71,211.5242,140.8947,140.8947,37,46,41,51,91,103,110,76,56,157.534,192.9773,169.1489,207.4351,363.433,405.6875,430.8825,297.4443,217.2479,1,3,,1,,1,,,,4.257674458,13,,4,,3.938714,,,,26,30,26,27,18,30,22,11,20,110.6995,107.2652,109.8186,71.88786,118.1614,86.17651,43.05115,77.58855,125.8548,,2,1,5,3,2,5,3,3,,8.390318,4.125583,20.33678,11.98131,7.877427,19.58557,11.74122,11.63828,70,26,48,73,153,125,139,52,70,298.0372,109.0741,198.028,296.9169,611.0468,492.3392,544.4788,203.5145,271.5599,5,5,6,6,7,4,9,8,8,21.28837,20.97579,24.7535,24.40413,27.95639,15.75485,35.25402,31.30993,31.03542,"{'type': 'MultiPolygon', 'coordinates': [[[[-79.4387032555645, 43.6676693873544], [-79.4384115007614, 43.6669710960395], [-79.4381883046297, 43.6664368452008], [-79.4379274727297, 43.665859727031], [-79.4378108684715, 43.6655687224172], [-79.4376197726922, 43.6651298658601], [-79.4374415158176, 43.6647239343098], [-79.4370626510422, 43.6638680769057], [-79.4367072793061, 43.6630357515111], [-79.4366816141117, 43.6629756533734], [-79.435534564304, 43.6602810447887], [-79.4353691004116, 43.6598923454119], [-79.4364447683801, 43.6596586612993], [-79.4376111380846, 43.6594350173529], [-79.4386741349914, 43.6592211168073], [-79.4391783189305, 43.6591067365855], [-79.4397467167337, 43.6589989491829], [-79.440392229928, 43.6588670940836], [-79.440750764966, 43.6587903723362], [-79.4415820157724, 43.6586030143771], [-79.4417380292328, 43.6585700949505], [-79.4427372796813, 43.6583469974529], [-79.4440001422879, 43.6580982494363], [-79.4452218766929, 43.6578426900256], [-79.4452537086861, 43.6578360262044], [-79.4469374544528, 43.6574851552612], [-79.4469920403875, 43.6574737759889], [-79.4477753892103, 43.6573105186502], [-79.4480944590176, 43.6572431357676], [-79.448799602022, 43.6570875413756], [-79.4489375379894, 43.6570624540281], [-79.4496546365353, 43.6569257528071], [-79.4498738287957, 43.6568839658766], [-79.4513459468698, 43.6583825617625], [-79.4520346295598, 43.6590828432516], [-79.453445669697, 43.6605158104091], [-79.4535413352577, 43.6606148736805], [-79.4545500227952, 43.6616409641563], [-79.4560227957981, 43.6631390755954], [-79.4572819401943, 43.6644205437324], [-79.4578206728792, 43.6649681063013], [-79.4593211919646, 43.6664929637168], [-79.4600491419002, 43.6672345428632], [-79.4594744270668, 43.6672328920634], [-79.4585620664766, 43.667222257609], [-79.458080577646, 43.6672166457136], [-79.4564324925677, 43.6671974593734], [-79.4549690805921, 43.6671804560978], [-79.4531012651582, 43.6671509100603], [-79.4522129931815, 43.6671484896654], [-79.452207587056, 43.6671482264669], [-79.4521165003796, 43.6671438945818], [-79.4520200198456, 43.6671393536062], [-79.4519235226274, 43.6671393223664], [-79.4518266576295, 43.6671347805216], [-79.451790363025, 43.6671345670661], [-79.4517301645083, 43.6671302481346], [-79.451633679711, 43.6671302168182], [-79.4515368106571, 43.6671301757121], [-79.4514403271277, 43.6671301433492], [-79.4513434332572, 43.6671301026431], [-79.4512473288852, 43.6671345708921], [-79.4511504486746, 43.6671345293071], [-79.4510539475814, 43.6671389893155], [-79.450957450642, 43.6671389473591], [-79.4508609464137, 43.6671479163048], [-79.4507644506816, 43.6671478751021], [-79.4506679495707, 43.6671523338837], [-79.4505718176075, 43.6671612941259], [-79.4504934092685, 43.6671657603511], [-79.4504753288647, 43.6671657529125], [-79.4503792092782, 43.6671747122599], [-79.4502830938355, 43.6671791714438], [-79.4501873486151, 43.6671850527779], [-79.4500915657992, 43.6671909965491], [-79.4499926690806, 43.6671991804903], [-79.4497938721514, 43.667214053366], [-79.4496784811931, 43.6672239221213], [-79.4495680268016, 43.6672328754085], [-79.4494571754901, 43.6672418277055], [-79.4493467253253, 43.6672462788963], [-79.4492362584532, 43.6672552316931], [-79.449126199647, 43.6672641836178], [-79.4490186374377, 43.6672694831304], [-79.4491290808395, 43.6675387257639], [-79.4491642738501, 43.6676242548718], [-79.4492006247839, 43.6677052824347], [-79.4492373851056, 43.6677863110382], [-79.4492748981219, 43.6678718310724], [-79.4493135799461, 43.6679528605114], [-79.4493526557886, 43.6680383900184], [-79.4493924913545, 43.6681194197766], [-79.4494335177605, 43.6682004503702], [-79.4494748999717, 43.6682859724075], [-79.4495174634183, 43.6683670031136], [-79.4495604005477, 43.6684480253665], [-79.4496041301617, 43.6685290565527], [-79.4496490136677, 43.6686100790641], [-79.4496942815604, 43.6686911112732], [-79.4497403300112, 43.6687721342432], [-79.4497871486173, 43.6688531667401], [-79.4498347353651, 43.668934190728], [-79.4498827325712, 43.669015223864], [-79.4499322533136, 43.6690962488306], [-79.4499817796468, 43.6691727728131], [-79.4500324924352, 43.6692538066989], [-79.4500839527714, 43.6693303316543], [-79.4501358057232, 43.6694113665492], [-79.450188829211, 43.6694878919454], [-79.4502422329274, 43.6695689271113], [-79.4502964100185, 43.6696454617968], [-79.4503513800732, 43.6697219882999], [-79.4504070913458, 43.6698030240626], [-79.45046359955, 43.669879559661], [-79.4505201078727, 43.6699560961327], [-79.4512542499647, 43.6708869330448], [-79.4513825285318, 43.6710495786964], [-79.4511036510467, 43.6711061946824], [-79.4494702129197, 43.6713747953181], [-79.4494227114304, 43.6713826054756], [-79.4483070579689, 43.6715660489167], [-79.447493772343, 43.6717047037872], [-79.4472364458371, 43.6717408779646], [-79.4460516988683, 43.6719460323078], [-79.4456183177995, 43.6720186029152], [-79.4451054847489, 43.6721025567733], [-79.4447543836032, 43.6721739115312], [-79.4445522429468, 43.6722172720143], [-79.443769493465, 43.6723851607332], [-79.4426276044256, 43.6726308069731], [-79.4421148976654, 43.6727411115331], [-79.4418652312819, 43.672798791016], [-79.4409992850886, 43.6729988524036], [-79.4398105622626, 43.6732642306945], [-79.4395288261648, 43.6733310608622], [-79.4383989381584, 43.6737017806769], [-79.4383505829222, 43.6737169847393], [-79.4380946469712, 43.6737974707239], [-79.4376559389197, 43.6739143939552], [-79.4374745942141, 43.6739495265315], [-79.4373311102511, 43.6739727610895], [-79.437144235647, 43.673982829996], [-79.4359311870362, 43.6741507149562], [-79.4346540488858, 43.6742992251606], [-79.4344846824249, 43.6738883709996], [-79.4333414174831, 43.6711147068748], [-79.4331800584053, 43.6707232349459], [-79.4330954970998, 43.6705009243147], [-79.4330122839547, 43.6702821706201], [-79.4333836058431, 43.6702176137164], [-79.4335526107262, 43.6701861982326], [-79.4337188763919, 43.6701547908766], [-79.4338847685661, 43.6701233817614], [-79.434050674424, 43.670091964489], [-79.4342161747352, 43.6700560538892], [-79.4343816996312, 43.6700201442863], [-79.4345468276635, 43.6699842245049], [-79.4347115595814, 43.6699483134651], [-79.434876302492, 43.6699124014374], [-79.4350410330232, 43.6698764808986], [-79.4352049993977, 43.6698360684316], [-79.4359561981924, 43.6696744405884], [-79.4362899137733, 43.6696116177203], [-79.4366240337802, 43.6695397838301], [-79.4366375857629, 43.6695294400883], [-79.4392928271951, 43.6690150775917], [-79.4392823339276, 43.6689922805434], [-79.4390391799365, 43.6684734040995], [-79.4389080673049, 43.6681596559458], [-79.4387032555645, 43.6676693873544]]]]}"
5,Yonge-Bay Corridor,170,14213,394,525,487,603,576,660,383,324,441,3817.829,4798.464,4208.07,4995.444,4575.787,5048.573,2842.934,2350.893,3102.793,12,20,20,14,27,38,14,17,30,116.2791,182.7986,172.816,115.9804,214.49,290.6754,103.9192,123.3493,123.3493,223,156,203,215,267,219,173,169,230,2160.853,1425.829,1754.083,1781.128,2121.068,1675.208,1284.145,1226.237,1226.237,69,115,61,125,100,119,149,112,123,668.6047,1051.092,527.0889,1035.54,794.4073,910.2731,1105.998,812.6542,865.4049,1,2,,,1,2,,1,1,9.689922481,18,,,7.944074,15.29871,,7.255841,7.035812,73,52,74,88,88,63,55,51,55,707.3643,639.4193,729.02,699.0785,481.9093,408.2542,370.0479,386.9697,475.2765,1,3,,3,4,4,2,,1,9.689922,27.4198,,24.85295,31.77629,30.59741,14.84561,,7.035812,121,103,79,89,113,171,135,64,121,1172.481,941.413,682.6234,737.3043,897.6804,1308.039,1002.078,464.3738,851.3333,37,30,27,35,44,63,35,26,50,358.5271,274.198,233.3017,289.9511,349.5392,481.9093,259.7981,188.6519,351.7906,"{'type': 'MultiPolygon', 'coordinates': [[[[-79.3840431601339, 43.6449736749589], [-79.3850247331973, 43.6447841886262], [-79.3855651130512, 43.646062574091], [-79.3861138146972, 43.6474036684598], [-79.3863726980108, 43.6480179005628], [-79.3866245689436, 43.6486468327305], [-79.3868843765139, 43.6492632339458], [-79.3871409747726, 43.6499149970269], [-79.3872928051703, 43.6502670461502], [-79.3874340225411, 43.6505945015436], [-79.3875195699723, 43.6506815030548], [-79.3866318706247, 43.6508614275645], [-79.3869995225772, 43.6517645020575], [-79.3872484485372, 43.6523227779465], [-79.3875547970794, 43.6530431437607], [-79.3875852560259, 43.6531164716696], [-79.387941749827, 43.6539751817373], [-79.3883177584772, 43.6547987688246], [-79.3883240924803, 43.6548126908163], [-79.3886024073722, 43.6554741122734], [-79.3886916384781, 43.6556861810066], [-79.3889710728927, 43.6563565311111], [-79.3889750481905, 43.6563660583332], [-79.3893311162783, 43.6571405200579], [-79.3894926129435, 43.6575381492089], [-79.389651126626, 43.6579284474356], [-79.3899392358379, 43.6585993349728], [-79.3899871515899, 43.6587098006117], [-79.3903102952924, 43.6594548288143], [-79.3904978403915, 43.6598674230903], [-79.3874287293136, 43.6605234489364], [-79.3866856380882, 43.6606700303086], [-79.3858581811688, 43.6608242462864], [-79.3837092642055, 43.6612608066286], [-79.3831136170753, 43.6613804025065], [-79.3827994033259, 43.6605919415176], [-79.382493930366, 43.6599214144997], [-79.3821210810597, 43.6591045544019], [-79.3819385907493, 43.6586994047541], [-79.3819284568941, 43.6586766111218], [-79.3815904608502, 43.6579163952969], [-79.3813731983237, 43.657424533809], [-79.3812290109725, 43.6570465165757], [-79.3809296380451, 43.6563373574593], [-79.3806781193546, 43.6557826573479], [-79.3799772159493, 43.6540713872191], [-79.3792621675879, 43.6524485262198], [-79.3789879115666, 43.6517005922581], [-79.3787427794856, 43.6510640715451], [-79.3784733052283, 43.6504160652618], [-79.3779215555544, 43.6491573296056], [-79.3776514944105, 43.6485320675127], [-79.3773735732752, 43.6478548757315], [-79.3769775496449, 43.6468933747339], [-79.3770276928572, 43.6468190501833], [-79.3771055278428, 43.6467574118617], [-79.377546170846, 43.6464785086744], [-79.3776590841935, 43.6464295097062], [-79.3777924605507, 43.6463508631376], [-79.3778957451926, 43.646306389477], [-79.3779261546548, 43.646292460776], [-79.3780367480435, 43.646238003658], [-79.3781869664172, 43.6461914739379], [-79.3784725416156, 43.6461100908851], [-79.3791382068611, 43.6459956418537], [-79.3824743015335, 43.6453008387041], [-79.3825381163269, 43.6452868980528], [-79.3834299400327, 43.6450920314282], [-79.3839961020796, 43.6449827544868], [-79.3840431601339, 43.6449736749589]]]]}"
6,Bay-Cloverhill,169,18530,105,100,124,154,135,164,101,147,117,749.7858,685.0723,814.4499,971.9767,818.2314,958.6719,573.7007,817.2569,631.4085,6,4,6,7,15,13,9,22,14,42.8449,27.40289,39.40887,44.18076,90.9146,75.99229,51.12184,122.3106,122.3106,78,87,99,99,96,70,59,58,68,556.9837,596.0129,650.2463,624.8422,581.8535,409.1892,335.132,322.4551,322.4551,26,45,58,54,71,82,79,38,43,185.6612,308.2825,380.9524,340.823,430.3291,479.3359,448.7361,211.2637,232.0561,,,,,,1,,,,,,,,,5.84556,,,,11,15,19,20,29,37,19,23,19,78.54899,124.7947,126.2308,175.7682,216.2857,107.9239,127.8701,102.5364,102.7608,,,,,1,,,,1,,,,,6.060973,,,,5.396654,36,25,24,15,32,33,35,20,36,257.0694,171.2681,157.6355,94.67307,193.9511,192.9035,198.8072,111.1914,194.2795,16,13,13,14,10,10,7,10,9,114.2531,89.05939,85.38588,88.36153,60.60973,58.4556,39.76143,55.59571,48.56989,"{'type': 'MultiPolygon', 'coordinates': [[[[-79.3874287293136, 43.6605234489364], [-79.3904978403915, 43.6598674230903], [-79.3906335828866, 43.6601660737035], [-79.3906426464186, 43.6601860296755], [-79.3906789910501, 43.660265996191], [-79.3906938459416, 43.6602788198053], [-79.3907069846608, 43.6603013353346], [-79.3907201195976, 43.6603193506715], [-79.3907344190688, 43.6603373670985], [-79.3907495208995, 43.6603508829792], [-79.3907649737323, 43.6603689012367], [-79.390781216526, 43.6603824187729], [-79.3907978351679, 43.6604004372346], [-79.390815631985, 43.6604184569767], [-79.3908334361942, 43.6604319757822], [-79.3908520105571, 43.6604454955246], [-79.3908713440004, 43.6604635161852], [-79.3908910704894, 43.660477037737], [-79.3909115907369, 43.6604905587564], [-79.3909324830135, 43.6605040814085], [-79.3909541554122, 43.6605176033354], [-79.3909762258995, 43.660531126361], [-79.3909986548037, 43.6605446499266], [-79.3910214891646, 43.6605536736563], [-79.3910451099172, 43.6605671977855], [-79.3910687243832, 43.6605762216839], [-79.3910931338231, 43.6605852459645], [-79.3911175184515, 43.6605942707911], [-79.3911426882158, 43.6606077968985], [-79.3911676415239, 43.660617586946], [-79.3911997552958, 43.6606234503541], [-79.391219358025, 43.6606303729667], [-79.3913010448555, 43.6606619469484], [-79.3913521569741, 43.6606799979718], [-79.3914024792377, 43.6607025487967], [-79.3914527942035, 43.6607296005346], [-79.3915023610098, 43.6607521604909], [-79.3915515300134, 43.660774710325], [-79.3916002713092, 43.6608017605585], [-79.391648275614, 43.6608243182697], [-79.3916962716378, 43.660851367878], [-79.3917431019278, 43.6608784163678], [-79.3918160356246, 43.6609316471783], [-79.3919267477163, 43.6610124310566], [-79.3920522219806, 43.6611304941871], [-79.3921372231256, 43.6612228651523], [-79.3922179721483, 43.6613365028128], [-79.392281441426, 43.6614545973508], [-79.3923012626957, 43.6614914490324], [-79.3924084940366, 43.6617307786308], [-79.3924966006871, 43.6619049923089], [-79.392912613075, 43.6624326816099], [-79.3929524112957, 43.6624831713411], [-79.3931092152743, 43.662773674844], [-79.3932123075018, 43.6630774221843], [-79.3935915003966, 43.6640877894621], [-79.3938607009278, 43.6648141059021], [-79.3938684106407, 43.6648366158852], [-79.3938753389738, 43.664859125691], [-79.3938811150947, 43.6648816346098], [-79.3938861138526, 43.6649086435426], [-79.3938907241255, 43.6649311513827], [-79.3938945530389, 43.6649536581458], [-79.3938972173377, 43.664976163848], [-79.3938991116736, 43.6649986596297], [-79.3939006222759, 43.6650211734284], [-79.3939006071523, 43.6650298331387], [-79.3939005817661, 43.6650436681294], [-79.3939005422798, 43.6650661709481], [-79.3938989452758, 43.6650931736216], [-79.3938969585398, 43.6651156751853], [-79.3938942164737, 43.6651381760378], [-79.3938903001409, 43.6651651767287], [-79.3938856108426, 43.6651876754257], [-79.3938805234065, 43.6652101739293], [-79.3938746570559, 43.6652326722905], [-79.3938676484192, 43.6652551690038], [-79.3938598584101, 43.6652776646393], [-79.3938513006422, 43.6653001602887], [-79.3938419615003, 43.66532265486], [-79.3938335698656, 43.6653420366033], [-79.3938322254562, 43.6653451492546], [-79.3938213359382, 43.6653676427435], [-79.393809673454, 43.6653856342372], [-79.393799193214, 43.6654081280736], [-79.3937969777849, 43.6654125547527], [-79.3937879191985, 43.665430620657], [-79.3937758650213, 43.6654531130788], [-79.3937630487981, 43.6654711126623], [-79.3937494514136, 43.6654891030659], [-79.3937354623709, 43.6655115934994], [-79.3937203158671, 43.6655295819347], [-79.3937047767017, 43.6655520613814], [-79.3936888609421, 43.6655700588087], [-79.3936714074684, 43.6655880454246], [-79.3936539291873, 43.6656060316892], [-79.3936356871372, 43.6656285181541], [-79.3936170637872, 43.6656420025899], [-79.3935972661318, 43.6656599868571], [-79.3935770852296, 43.6656779702356], [-79.3935561353177, 43.6656959536053], [-79.3935348080861, 43.6657094360352], [-79.3935130656193, 43.6657274181603], [-79.3934905724951, 43.6657408994992], [-79.393467683727, 43.6657543797739], [-79.39344403115, 43.6657723611455], [-79.3934199764869, 43.6657858403273], [-79.3933955373136, 43.6657993195007], [-79.3933934397397, 43.665800442508], [-79.393356760536, 43.6658360719929], [-79.3933240425764, 43.6658683653985], [-79.3932823948663, 43.6659157452873], [-79.3932496767982, 43.6659545016468], [-79.3932139453499, 43.6660148042061], [-79.3931960691518, 43.6660686607201], [-79.3931811256846, 43.6661182167996], [-79.3931721317861, 43.6661699211156], [-79.3931720712291, 43.6662108680584], [-79.3931719908959, 43.6662561356795], [-79.3931539750309, 43.6663810937706], [-79.3935294397751, 43.667273656649], [-79.3941446527664, 43.6687288434932], [-79.3910298630236, 43.6693669101368], [-79.390588380613, 43.6694560608049], [-79.3895108188277, 43.6696776453204], [-79.3880216430617, 43.6699829974889], [-79.3874108668096, 43.670108092537], [-79.3867913051381, 43.6702349754191], [-79.386560726157, 43.6696956573979], [-79.3864281944951, 43.6693768961924], [-79.3861635120836, 43.6687508603826], [-79.3861162913078, 43.6686394397187], [-79.3858592709211, 43.6680044183378], [-79.3856956174414, 43.6675708945571], [-79.3853434075814, 43.6667036141207], [-79.3853298020519, 43.6666788737508], [-79.3852620230127, 43.6665557129193], [-79.3850549866933, 43.6660722501659], [-79.3850435670979, 43.6660462062764], [-79.3849570951138, 43.6658489998053], [-79.3845991220979, 43.6649458675482], [-79.3841608997585, 43.6639125379658], [-79.3841405223967, 43.663863748702], [-79.383792085412, 43.6630298523029], [-79.3837368662902, 43.6629046504741], [-79.3834250351416, 43.6621446737097], [-79.3833897199363, 43.6620630852814], [-79.3831136170753, 43.6613804025065], [-79.3837092642055, 43.6612608066286], [-79.3858581811688, 43.6608242462864], [-79.3866856380882, 43.6606700303086], [-79.3874287293136, 43.6605234489364]]]]}"
7,Bendale-Glen Andrew,156,20495,137,148,172,166,182,204,134,129,167,734.9391,782.4064,894.4358,849.9744,916.5533,1012.156,660.0985,634.6552,814.8329,35,37,42,25,39,35,46,76,80,187.7582,195.6016,218.4087,128.0082,196.4043,173.6542,226.601,373.9053,373.9053,10,7,4,23,2,3,1,4,6,53.64519,37.00571,20.80083,117.7675,10.07201,14.88464,4.926108,19.67923,19.67923,71,33,30,27,33,30,20,19,24,380.8809,174.4555,156.0062,138.2488,166.1882,148.8464,98.52217,93.47633,117.1017,,,2,,,1,1,,2,,,10,,,4.961548,4.926108,,9.758477,52,55,48,67,44,35,19,49,54,278.955,249.61,343.062,221.5843,173.6542,93.59606,241.0706,263.4789,290.7592,1,1,3,5,1,3,7,5,7,5.364519,5.28653,15.60062,25.60164,5.036007,14.88464,34.48276,24.59904,34.15467,84,64,44,64,53,50,44,41,84,450.6196,338.3379,228.8092,327.701,266.9084,248.0774,216.7488,201.7121,409.856,6,8,8,17,13,8,4,7,13,32.18711,42.29224,41.60167,87.04557,65.46809,39.69238,19.70443,34.43865,63.4301,"{'type': 'MultiPolygon', 'coordinates': [[[[-79.263921703284, 43.7517620544237], [-79.26505570226, 43.7515303057658], [-79.2651341238904, 43.7517194922974], [-79.2651992648544, 43.7519356548586], [-79.2653164651851, 43.7523319482604], [-79.2654023089324, 43.7526111619791], [-79.2655119843672, 43.752944431044], [-79.265578773641, 43.7531335937185], [-79.2656540709797, 43.7533317739568], [-79.2657147224445, 43.7535029214833], [-79.2657855403274, 43.7536560780863], [-79.26590783722, 43.7539443666447], [-79.266381165753, 43.7551874816362], [-79.2666687146219, 43.7559081649782], [-79.2671828605938, 43.7572683836845], [-79.267450291425, 43.7579620106308], [-79.2678370198004, 43.758916905293], [-79.2683126625176, 43.7601599888617], [-79.2689252194445, 43.761736382746], [-79.2692742874873, 43.762601174051], [-79.2696908330265, 43.7636821384941], [-79.2701850180431, 43.7649612911266], [-79.270561044816, 43.7658891681804], [-79.2707999585952, 43.7665377414824], [-79.270856117472, 43.7666728716055], [-79.2708874926951, 43.7667899496924], [-79.270924973771, 43.7669340439217], [-79.2709577987551, 43.7670781280029], [-79.2710202395969, 43.7673933036755], [-79.2710771625347, 43.7677354618165], [-79.2711136452147, 43.7679335612299], [-79.2711796368029, 43.7681454280793], [-79.2712087576477, 43.7683194968457], [-79.2712532062185, 43.7685070347387], [-79.271296407659, 43.7686793050836], [-79.2713461997381, 43.7688108037473], [-79.2713844882763, 43.7689423426423], [-79.2714572703121, 43.7691429619735], [-79.2716536069258, 43.7696659538208], [-79.2718958343248, 43.7702699477976], [-79.2719744629073, 43.7704557270639], [-79.2720395955901, 43.7706139984783], [-79.2723254622163, 43.7713176577973], [-79.2726244282083, 43.7720540537018], [-79.2729222066785, 43.7727549004398], [-79.2729895209845, 43.7729745994907], [-79.2733078294727, 43.7736854325992], [-79.273685425046, 43.7746164597075], [-79.274014586937, 43.7754479455837], [-79.2742842324991, 43.7761034386788], [-79.2745211042633, 43.7766655973691], [-79.2746561016652, 43.7769532795953], [-79.2747113169305, 43.7771196307531], [-79.2747156644085, 43.777132780551], [-79.274775840894, 43.7772817070277], [-79.2747796691566, 43.7772910485286], [-79.2746897761942, 43.7773112406055], [-79.2717896269691, 43.7779447309395], [-79.2690591228845, 43.7785112433867], [-79.2679949375498, 43.7787155296314], [-79.2660371688292, 43.7790973103554], [-79.2648771518479, 43.7793217138663], [-79.2647697472492, 43.7793425019429], [-79.2647958199135, 43.7794067961017], [-79.2639211452305, 43.7795066523554], [-79.2637109089132, 43.7795473263996], [-79.2603478598652, 43.780216437017], [-79.2579690398889, 43.7806594383255], [-79.2549830568761, 43.7812311485981], [-79.25497790831, 43.7812171403835], [-79.2549489017939, 43.7811405776208], [-79.2549189869922, 43.7810641837521], [-79.2549059510348, 43.7810317244901], [-79.2548883639722, 43.7809879591313], [-79.2548569943986, 43.7809119400874], [-79.254835965802, 43.7808621725275], [-79.2548248921387, 43.7808359917766], [-79.2548056979255, 43.7807934380608], [-79.2548023362374, 43.7807860136056], [-79.254791869311, 43.7807602932026], [-79.2547581623328, 43.7806847912527], [-79.254723660046, 43.7806093770846], [-79.2546884367125, 43.7805342319056], [-79.2546523421186, 43.7804592651843], [-79.2546156265234, 43.780384503252], [-79.2545780161137, 43.7803098752982], [-79.254539695087, 43.7802355426004], [-79.254500630084, 43.7801613704938], [-79.2544606559377, 43.7800874834059], [-79.2542285207175, 43.7796155764505], [-79.2542214397277, 43.7795973969823], [-79.2540346378083, 43.7791171254496], [-79.2538519160022, 43.7786603281931], [-79.2535885201339, 43.7780018036779], [-79.2535648543105, 43.7779411479238], [-79.2535626315425, 43.7779380644034], [-79.2531342120094, 43.7768371172486], [-79.2529269103648, 43.7763161325918], [-79.2525906876688, 43.7754470357527], [-79.2524001099758, 43.7749610375037], [-79.2522431139303, 43.774582702707], [-79.2521940197369, 43.7744718276953], [-79.2518753147388, 43.7736580792216], [-79.2517533920582, 43.7733220438729], [-79.2516891696623, 43.7731421688143], [-79.2516409763027, 43.772985147238], [-79.2516089024699, 43.7728712757553], [-79.2515806457634, 43.7727506261744], [-79.2515558398087, 43.7726303976398], [-79.2515337529931, 43.7725167635894], [-79.2515127267623, 43.7724017006712], [-79.2515016307433, 43.7721506341776], [-79.2514287283136, 43.771943448487], [-79.2513354069847, 43.7716102029682], [-79.2510682268166, 43.7708895273405], [-79.2508137265931, 43.7701921026747], [-79.25076580411, 43.7700607606264], [-79.2504033983936, 43.7690968448417], [-79.2502142999207, 43.7686463640059], [-79.2497403187184, 43.7674391519464], [-79.2489615102429, 43.7654301462178], [-79.248628837548, 43.7646013156871], [-79.2482104074447, 43.7634842575267], [-79.2476119213945, 43.7619887416908], [-79.2472440485253, 43.7610428040605], [-79.2468865260888, 43.7601663236173], [-79.2468545052736, 43.7600878161425], [-79.2466732364405, 43.7596283543666], [-79.2462251184118, 43.7583942337209], [-79.2459543494705, 43.7576784786509], [-79.2459149998615, 43.7575744544257], [-79.2459111765081, 43.7575654361446], [-79.2458235454245, 43.7573582229223], [-79.2457544026528, 43.7571870552954], [-79.2457060709254, 43.7570519302455], [-79.2456400341022, 43.7568807697117], [-79.2455956276765, 43.7567366516509], [-79.2455589181293, 43.7566105529215], [-79.2455175791004, 43.7564754433125], [-79.2455164797109, 43.7564709398845], [-79.2454845831883, 43.7561853603391], [-79.2454750328359, 43.756003938453], [-79.2454754615782, 43.7559057542052], [-79.2454758473127, 43.7558086587441], [-79.2454584831274, 43.7557392481383], [-79.2454398094167, 43.7556271776611], [-79.2454259741623, 43.7555571351547], [-79.2467621615903, 43.7552720658644], [-79.2484913206557, 43.7549248373979], [-79.2508846201308, 43.7544350041559], [-79.2509369699992, 43.7544240196514], [-79.251564313751, 43.7542924553537], [-79.2553704018321, 43.7535355541864], [-79.2559172695771, 43.753419707345], [-79.2566478692859, 43.7532513226698], [-79.2568455962563, 43.7532056481094], [-79.2580789540985, 43.752983208895], [-79.2585264701715, 43.7528671305242], [-79.2601389584058, 43.7525464375722], [-79.2616450976179, 43.7522255003842], [-79.2624629330789, 43.7520741467602], [-79.263921703284, 43.7517620544237]]]]}"
8,Downsview,155,16887,114,127,131,137,127,143,128,134,153,722.525,804.9182,828.0134,852.7325,776.3311,861.9131,766.6507,801.3395,906.0224,37,32,38,31,31,69,52,61,122,234.5037,202.814,240.1871,192.9541,189.4981,415.8881,311.4518,364.7889,364.7889,7,4,9,4,10,8,5,6,6,44.36557,25.35176,56.88642,24.8973,61.12843,48.21891,29.94729,35.88087,35.88087,30,33,28,26,42,37,45,28,32,190.1382,209.152,176.98,161.8324,256.7394,223.0125,269.5256,167.4441,189.4949,1,,,,1,2,2,,,6.337938902,,,,6.112843,12.05473,11.97892,,,30,25,11,15,34,20,7,11,25,190.1382,69.52784,93.36487,207.8367,120.5473,41.92621,65.78161,148.0429,158.4485,4,2,2,5,2,7,3,,4,25.35176,12.67588,12.64143,31.12162,12.22569,42.19155,17.96838,,23.68686,58,51,62,51,63,72,76,55,58,367.6005,323.2349,391.8842,317.4406,385.1091,433.9702,455.1989,328.908,343.4595,5,11,3,13,3,7,10,5,15,31.6897,69.71733,18.96214,80.91622,18.33853,42.19155,59.89458,29.90073,88.82572,"{'type': 'MultiPolygon', 'coordinates': [[[[-79.4645340575407, 43.7501532440085], [-79.4643003226281, 43.7501229630364], [-79.4640241769094, 43.7501451544821], [-79.4639621405468, 43.7501467642255], [-79.4633936283473, 43.7502597289247], [-79.4627748035863, 43.7503859058754], [-79.4597447219778, 43.7510422728831], [-79.4595166066132, 43.7510925001443], [-79.4591014428296, 43.7500406604346], [-79.4587110376712, 43.7490816576382], [-79.4586793158984, 43.7490037497091], [-79.4583779378676, 43.748226818486], [-79.4583195833618, 43.7480957755943], [-79.4582716749641, 43.7480308954946], [-79.4582343056955, 43.7480057137985], [-79.4581389722779, 43.7480033299496], [-79.4562575731871, 43.7484116490051], [-79.4549011396612, 43.7487102684774], [-79.4547342317405, 43.7483320793178], [-79.4545503255925, 43.7478916132825], [-79.4544723860651, 43.7476943933143], [-79.4540422135053, 43.7466059925899], [-79.453922294749, 43.746316996146], [-79.4538867253609, 43.7462312276391], [-79.4536101737844, 43.7455437108376], [-79.4535907668151, 43.7454954752499], [-79.453293230761, 43.7447557597145], [-79.4528819552918, 43.7437205412777], [-79.4528081274413, 43.7435347348746], [-79.455511481627, 43.7428846173576], [-79.4557963404236, 43.7428255541791], [-79.4571028053357, 43.7425545928192], [-79.45967307039, 43.7420214860489], [-79.4587757943087, 43.7398679935074], [-79.4577371114492, 43.740072166481], [-79.4565058847624, 43.7403141797952], [-79.456063940001, 43.7385722656462], [-79.455797101245, 43.7382813604097], [-79.4555054003776, 43.7369133396956], [-79.4527325259514, 43.7343683172897], [-79.4532722119697, 43.7340244858092], [-79.4530452630902, 43.7335639703134], [-79.4528666533194, 43.7333916941262], [-79.4530655912573, 43.7333486337204], [-79.4576635891564, 43.7323531822224], [-79.4589220135767, 43.7321012106489], [-79.4586432937858, 43.7309312649212], [-79.4583852673146, 43.7299917487164], [-79.4583705072509, 43.7299380508838], [-79.458142006111, 43.7291060098703], [-79.4579679012606, 43.7283831196843], [-79.4579445467195, 43.7282861947569], [-79.4578928579116, 43.7280770495713], [-79.4626876724196, 43.7270341214137], [-79.4661487037225, 43.7262896531278], [-79.4691595052947, 43.7256603277997], [-79.4693804631343, 43.7256147417746], [-79.4696012972774, 43.7255685882263], [-79.4698217467978, 43.725521777225], [-79.4700419466556, 43.7254743718058], [-79.4702619115699, 43.7254262812287], [-79.4704816281456, 43.7253776412731], [-79.4707010839804, 43.7253283536331], [-79.4709202794751, 43.7252783534882], [-79.4711391153467, 43.7252277853731], [-79.4713578139295, 43.7251765964404], [-79.4715761391056, 43.7251247952377], [-79.4717940937353, 43.7250723178785], [-79.4725699528135, 43.7248785026363], [-79.4733051291214, 43.7246948531288], [-79.4755443395773, 43.7241514987946], [-79.4781764358201, 43.7235072819419], [-79.4812523570513, 43.7227553593784], [-79.4813170999018, 43.7227394916334], [-79.4813568247486, 43.7229134112], [-79.4813775733353, 43.7230042913036], [-79.4814341685138, 43.7232521491607], [-79.4814511363388, 43.723329293225], [-79.4814671236324, 43.7234066250412], [-79.4814822410724, 43.723484038935], [-79.4814964912252, 43.723561433198], [-79.4815098844685, 43.7236390357645], [-79.4815222713271, 43.7237167185954], [-79.4815339153527, 43.723794418565], [-79.4815445647932, 43.7238721737457], [-79.4815543345805, 43.7239500540938], [-79.4815632593774, 43.7240279160093], [-79.481571302919, 43.7241058679567], [-79.4815784781721, 43.7241839371196], [-79.4815846601277, 43.7242619606692], [-79.481589973352, 43.7243400203947], [-79.481594416932, 43.7244181522993], [-79.4815933139661, 43.7244518343702], [-79.481697284117, 43.7251198608024], [-79.4817010623027, 43.7251440835029], [-79.4817121979577, 43.7252156811098], [-79.4820730082818, 43.7266509772176], [-79.4837051709141, 43.7262894979402], [-79.4854791959138, 43.725882160771], [-79.4862837037845, 43.7277090349783], [-79.4880595015437, 43.7273096515024], [-79.4880690507841, 43.7274142201026], [-79.4882352079703, 43.7278388522138], [-79.4882745341644, 43.727947600803], [-79.4882853044521, 43.7279691957275], [-79.4883206360836, 43.7280020992915], [-79.4884004114398, 43.7280035471246], [-79.4884961049864, 43.727976283452], [-79.4897531958717, 43.727692062631], [-79.4898195317296, 43.727677305998], [-79.4898815965228, 43.7276563207821], [-79.4899495587578, 43.7276376130897], [-79.4900185729167, 43.7276330741274], [-79.4900818609707, 43.7276501730246], [-79.4901320383649, 43.7276869655439], [-79.4901614461575, 43.7277487698969], [-79.490185612076, 43.7278333026025], [-79.4903826093421, 43.7283074691568], [-79.4906307105257, 43.7282427343924], [-79.4912236648076, 43.7280378058256], [-79.4914408123029, 43.7279427869115], [-79.4914993293034, 43.727999319001], [-79.4915140620207, 43.7280068452721], [-79.4915607504609, 43.7280588219319], [-79.4916266760123, 43.7281328794987], [-79.4916767134454, 43.7282044880768], [-79.4917305563064, 43.7283124168558], [-79.4919489147912, 43.728805817416], [-79.4927269239426, 43.7306159828949], [-79.4930819796552, 43.7314446584502], [-79.4934458997449, 43.7322318197333], [-79.4937710725307, 43.7330443522548], [-79.4939879111205, 43.7335536805598], [-79.4940886133959, 43.7336631764869], [-79.4941373529519, 43.7336223770191], [-79.4941990639032, 43.7335966722369], [-79.494339876544, 43.7335629788707], [-79.4944863865909, 43.7335232180052], [-79.4946500395494, 43.7334772657751], [-79.4947993048472, 43.7334440856574], [-79.4949147161288, 43.7334244225463], [-79.4949853385857, 43.7334159103972], [-79.4951207847259, 43.7334085985257], [-79.4960563553505, 43.7337612755254], [-79.4981683788347, 43.7345573892793], [-79.4980353879876, 43.7345712035531], [-79.4979493458874, 43.7346328605595], [-79.4979456311328, 43.7347250240401], [-79.4979570332014, 43.7348848948268], [-79.4977845877689, 43.7349857061325], [-79.4976328295241, 43.7349153399054], [-79.4975973258264, 43.7348897489623], [-79.4975805437665, 43.7348698289333], [-79.4975637610832, 43.7348399534041], [-79.4975378048535, 43.7347968009245], [-79.4975210221028, 43.7347746758495], [-79.4974950910704, 43.7347536568054], [-79.497459996896, 43.73473483485], [-79.4974218499704, 43.7347281998895], [-79.4973669303942, 43.7347270914881], [-79.4973028253455, 43.7347237598884], [-79.4972646889617, 43.7347270805037], [-79.4972067033876, 43.7347337217851], [-79.4971517714473, 43.7347447736351], [-79.4971212448696, 43.7347591482896], [-79.497089203065, 43.7347890219388], [-79.4970678483896, 43.7348211025047], [-79.4970312142477, 43.7348365925119], [-79.4969762947927, 43.7348421269196], [-79.4969163106974, 43.7348388574079], [-79.4967779734043, 43.7347757372483], [-79.4964728333112, 43.73485097875], [-79.4962735383023, 43.7348793258642], [-79.4962064283595, 43.7348888835487], [-79.4960346106911, 43.7350106819979], [-79.4958870235075, 43.7351550654833], [-79.4957025410878, 43.735291886119], [-79.4954638387019, 43.7353519511189], [-79.4952350651003, 43.7352823621621], [-79.4950180813768, 43.7352749812242], [-79.4950926644993, 43.7354190669493], [-79.4952131839733, 43.7355422537826], [-79.4952039753872, 43.7356526990319], [-79.4952091688359, 43.735758184662], [-79.4951619876807, 43.7358515430916], [-79.4950974102057, 43.7359857575863], [-79.4950492332489, 43.7361175157066], [-79.4948524341587, 43.7362079238861], [-79.4946629845083, 43.736301456512], [-79.4945470186373, 43.7364876775875], [-79.494395546681, 43.7366731129067], [-79.4943801379467, 43.7368317951927], [-79.4944125119716, 43.7368685393995], [-79.4945359106014, 43.737008604633], [-79.4945542744449, 43.737241206339], [-79.4944903220466, 43.7374389602958], [-79.4943855326568, 43.7375665922263], [-79.4943073086023, 43.7376964126609], [-79.4942775184856, 43.7377742630231], [-79.4942336898696, 43.737834316994], [-79.4943732266554, 43.7381253336754], [-79.4945611847923, 43.7382571295119], [-79.4946649773186, 43.7384783034759], [-79.4947131405501, 43.7386824720344], [-79.494723451963, 43.7388737482633], [-79.4946560337315, 43.7390893336145], [-79.4947765766134, 43.7392832521609], [-79.4952872203952, 43.7395065947199], [-79.4954314820196, 43.7396756611129], [-79.4956407961707, 43.7397088658028], [-79.4958285280994, 43.7398103255133], [-79.496002588155, 43.7399567103177], [-79.4961494626569, 43.7400840821613], [-79.4962363813567, 43.7402598966284], [-79.4963150926253, 43.7404665859361], [-79.4963661328399, 43.7406530928665], [-79.496417645, 43.7408323174186], [-79.4965820258915, 43.7409894928488], [-79.4967655291345, 43.7411075037431], [-79.4969248203607, 43.7412729510225], [-79.497010984862, 43.7414701785429], [-79.4970162115642, 43.7417213311681], [-79.4969365055011, 43.7419525613878], [-79.4968638650599, 43.7421588854927], [-79.4969402226763, 43.742356184825], [-79.4970269238775, 43.7425274083468], [-79.4964806205146, 43.7426428244822], [-79.4964461540778, 43.7426501052407], [-79.4942465785767, 43.7431147941587], [-79.4934280810521, 43.743294971681], [-79.4925548855376, 43.7434871666316], [-79.491853435189, 43.7436577364504], [-79.4909049489693, 43.7438647293986], [-79.4900495550604, 43.7440513967369], [-79.4893161709174, 43.7442114357483], [-79.4886818913761, 43.7443498580844], [-79.4885223397004, 43.7443852980613], [-79.4881149170629, 43.7444758174954], [-79.4876790230735, 43.7445723900742], [-79.4874645893825, 43.7446192816376], [-79.487217971351, 43.7446757904443], [-79.486903378341, 43.7447163236606], [-79.4867054487395, 43.7447439076464], [-79.4864557037899, 43.7447861123205], [-79.4850131588829, 43.7450451304444], [-79.4848365412528, 43.7450922825112], [-79.4846019566783, 43.7451665295778], [-79.4843533440756, 43.7452822424483], [-79.4841825678799, 43.74534728854], [-79.4840019608251, 43.7454480677749], [-79.4839177674539, 43.7454953127483], [-79.483821943075, 43.7455738886244], [-79.4836316736263, 43.7456791850123], [-79.4834934080708, 43.7458102314263], [-79.4833735117207, 43.7459180756498], [-79.4832918548804, 43.7459911262125], [-79.4830848803617, 43.7462379634085], [-79.48297591026, 43.7463877630486], [-79.4828836673525, 43.7466525836106], [-79.4828135879742, 43.7468322192741], [-79.4827763434511, 43.746987843818], [-79.4827436033018, 43.7471976489019], [-79.4827365159593, 43.7473622526217], [-79.4827254604629, 43.7475529055708], [-79.4827250157179, 43.7477136583303], [-79.4827893166272, 43.7482957934658], [-79.482872004608, 43.7508045594783], [-79.4829186639858, 43.7522186101594], [-79.4829021565709, 43.7524080651236], [-79.4828676377338, 43.7525307377617], [-79.4828006742193, 43.7527336506071], [-79.4827387493401, 43.7528539424802], [-79.4826439411503, 43.7530258060962], [-79.4826033097744, 43.7530706887302], [-79.4825422176192, 43.7531416356401], [-79.4824602088719, 43.7532375575864], [-79.4823915668643, 43.7533101688869], [-79.482255910293, 43.753451430614], [-79.4821078820112, 43.7535630405314], [-79.4819995333803, 43.753655142209], [-79.481937543191, 43.7536963131336], [-79.4817012994654, 43.7538416626396], [-79.4815793839241, 43.7539091699621], [-79.4812946082597, 43.7540567612295], [-79.4811021950347, 43.75412534612], [-79.4809804266187, 43.7541616549339], [-79.4807081410429, 43.7542285777296], [-79.4806168742497, 43.7542510027217], [-79.4802901565325, 43.7543298600434], [-79.4795002760772, 43.7545007350624], [-79.4785830685559, 43.7547081790003], [-79.4751892026896, 43.7554810829359], [-79.4749408081505, 43.7555223709315], [-79.4747142294461, 43.7555408819673], [-79.4745461469594, 43.7555453721894], [-79.4742993727773, 43.7555431562721], [-79.4737707847187, 43.7555259881303], [-79.4732875338515, 43.7554593398958], [-79.4730976159647, 43.7554194556738], [-79.4729694496654, 43.7553852205666], [-79.4724294966981, 43.7551907202721], [-79.4717088280801, 43.7549111740686], [-79.4709720527929, 43.7546207545529], [-79.4703645584105, 43.7543751177698], [-79.4699033245116, 43.7541873315977], [-79.4696655721479, 43.7540368490909], [-79.4691935345167, 43.753736353109], [-79.4688634966014, 43.7534874163501], [-79.4685410770476, 43.7532092545971], [-79.4681643361083, 43.7528327017942], [-79.4672231071061, 43.7519330717123], [-79.4664411662288, 43.7511976626624], [-79.4657196720044, 43.7505190911048], [-79.4656401693426, 43.7504669858105], [-79.4655031076531, 43.7504035218212], [-79.4653791262916, 43.7503515834717], [-79.4652565228456, 43.7503029399621], [-79.4651324594579, 43.7502666181653], [-79.4649868470665, 43.750218219044], [-79.464826050213, 43.7501887361282], [-79.4645340575407, 43.7501532440085]]]]}"
9,Oakdale-Beverley Heights,154,21255,221,232,230,278,302,295,235,293,310,1086.689,1144.153,1135.802,1355.04,1450.877,1400.76,1111.742,1388.428,1458.48,66,70,51,53,79,93,103,114,106,324.5316,345.2187,251.8519,258.335,379.534,441.5954,487.2741,540.2076,540.2076,5,8,7,1,7,8,11,9,14,24.58573,39.45357,34.5679,4.874245,33.62959,37.98671,52.03898,42.64796,42.64796,57,43,24,32,44,80,44,63,50,280.2773,212.0629,118.5185,155.9758,211.386,379.867,208.1559,298.5358,235.2388,,,1,2,,1,,,2,,,5,10,,4.748338,,,9.409551,41,39,36,49,38,41,50,29,39,201.603,177.7778,238.838,182.5607,194.6819,236.5408,137.4212,183.4862,192.3362,4,4,4,6,7,3,5,9,7,19.66858,19.72678,19.75309,29.24547,33.62959,14.24501,23.65408,42.64796,32.93343,75,41,43,62,117,119,158,113,75,368.7859,202.1995,212.3457,302.2032,562.0947,565.0522,747.469,535.4689,352.8582,10,4,8,9,11,7,14,18,19,49.17146,19.72678,39.50617,43.8682,52.8465,33.23837,66.23143,85.29593,89.39073,"{'type': 'MultiPolygon', 'coordinates': [[[[-79.5119271704271, 43.7345762240944], [-79.5115439302137, 43.7329010707507], [-79.5112532155463, 43.7329609856339], [-79.5110135216812, 43.7330297418219], [-79.5108422345983, 43.7331415807315], [-79.5106283848023, 43.7332799588797], [-79.5103891771984, 43.7333713430207], [-79.5101174278715, 43.7333572353303], [-79.5098697488431, 43.7333466543212], [-79.5096711482628, 43.7334607977213], [-79.5095383596017, 43.7336206884669], [-79.5093093105518, 43.7336742644503], [-79.5091006277769, 43.7337045256512], [-79.5088458958057, 43.7337726939163], [-79.5085942539361, 43.7338387104175], [-79.5083601267313, 43.7338941486317], [-79.5081473493827, 43.7339536889971], [-79.5079325576902, 43.7339811212523], [-79.5077641088307, 43.7340243386614], [-79.5075843534563, 43.7340986117027], [-79.5073955369517, 43.7341743237645], [-79.5072564993915, 43.7342606547677], [-79.5071260247526, 43.7343168393229], [-79.5069544488042, 43.7343897425001], [-79.5067341097774, 43.7344517826233], [-79.5065140174162, 43.7345038313358], [-79.5063130390985, 43.7345293972078], [-79.5060496156213, 43.7345289528742], [-79.5057925083129, 43.7345000719127], [-79.505541111817, 43.7344706500981], [-79.5053017864367, 43.7344870528466], [-79.5050579649452, 43.7344804843289], [-79.5048062066926, 43.7344269467138], [-79.5045487283853, 43.7344031848577], [-79.504292507971, 43.7344144465249], [-79.5040366594477, 43.7344460772595], [-79.5037718620486, 43.7344962316999], [-79.5035231026624, 43.734534666428], [-79.5032962992742, 43.7345076605106], [-79.5030627717181, 43.7345623042715], [-79.5029252079457, 43.7344510620133], [-79.5027991886358, 43.7343221496377], [-79.5025692688128, 43.7342500365734], [-79.5022971452202, 43.7342607720414], [-79.5021248428475, 43.7343191029088], [-79.5020853979834, 43.7344933674551], [-79.5019801178618, 43.7345730125084], [-79.5018661416309, 43.7344172032897], [-79.5016833946313, 43.7343499845648], [-79.501496568553, 43.7344281088675], [-79.5013600188813, 43.7345711495633], [-79.5011932855608, 43.7344901400699], [-79.5010902354919, 43.734326102558], [-79.5009406341194, 43.7342205110633], [-79.5007110903763, 43.7342069292348], [-79.5004909930917, 43.7342653220491], [-79.5002866498805, 43.734341203066], [-79.5000807040017, 43.7344047608015], [-79.4998872831254, 43.7344554378924], [-79.4996859171071, 43.7345015957855], [-79.4995139715855, 43.7345202008718], [-79.4993527023467, 43.7345793287965], [-79.4991888380396, 43.7346434078089], [-79.4990393605365, 43.7347237788288], [-79.4988867797374, 43.7348041404001], [-79.4987306097273, 43.734906671463], [-79.4985764061698, 43.7348078088831], [-79.4984662986863, 43.7346072424613], [-79.4982224791667, 43.7345517733034], [-79.4981683788347, 43.7345573892793], [-79.4960563553505, 43.7337612755254], [-79.4951207847259, 43.7334085985257], [-79.4949853385857, 43.7334159103972], [-79.4949147161288, 43.7334244225463], [-79.4947993048472, 43.7334440856574], [-79.4946500395494, 43.7334772657751], [-79.4944863865909, 43.7335232180052], [-79.494339876544, 43.7335629788707], [-79.4941990639032, 43.7335966722369], [-79.4941373529519, 43.7336223770191], [-79.4940886133959, 43.7336631764869], [-79.4939879111205, 43.7335536805598], [-79.4937710725307, 43.7330443522548], [-79.4934458997449, 43.7322318197333], [-79.4930819796552, 43.7314446584502], [-79.4927269239426, 43.7306159828949], [-79.4920121258105, 43.7289529200467], [-79.4919489147912, 43.728805817416], [-79.4919274729606, 43.7287573893525], [-79.4917305563064, 43.7283124168558], [-79.4916767134454, 43.7282044880768], [-79.4916266760123, 43.7281328794987], [-79.4915607504609, 43.7280588219319], [-79.4915140620207, 43.7280068452721], [-79.4914993293034, 43.727999319001], [-79.4914408123029, 43.7279427869115], [-79.4912236648076, 43.7280378058256], [-79.4906307105257, 43.7282427343924], [-79.4903826093421, 43.7283074691568], [-79.490185612076, 43.7278333026025], [-79.4901614461575, 43.7277487698969], [-79.4901320383649, 43.7276869655439], [-79.4900818609707, 43.7276501730246], [-79.4900185729167, 43.7276330741274], [-79.4899495587578, 43.7276376130897], [-79.4898815965228, 43.7276563207821], [-79.4898195317296, 43.727677305998], [-79.4897531958717, 43.727692062631], [-79.4884961049864, 43.727976283452], [-79.4884004114398, 43.7280035471246], [-79.4883206360836, 43.7280020992915], [-79.4882853044521, 43.7279691957275], [-79.4882745341644, 43.727947600803], [-79.4882352079703, 43.7278388522138], [-79.4880690507841, 43.7274142201026], [-79.4880595015437, 43.7273096515024], [-79.4862837037845, 43.7277090349783], [-79.4854791959138, 43.725882160771], [-79.4837051709141, 43.7262894979402], [-79.4820730082818, 43.7266509772176], [-79.4817121979577, 43.7252156811098], [-79.4817010623027, 43.7251440835029], [-79.481697284117, 43.7251198608024], [-79.4815933139661, 43.7244518343702], [-79.481594416932, 43.7244181522993], [-79.481589973352, 43.7243400203947], [-79.4815846601277, 43.7242619606692], [-79.4815784781721, 43.7241839371196], [-79.481571302919, 43.7241058679567], [-79.4815632593774, 43.7240279160093], [-79.4815543345805, 43.7239500540938], [-79.4815445647932, 43.7238721737457], [-79.4815339153527, 43.723794418565], [-79.4815222713271, 43.7237167185954], [-79.4815098844685, 43.7236390357645], [-79.4814964912252, 43.723561433198], [-79.4814822410724, 43.723484038935], [-79.4814671236324, 43.7234066250412], [-79.4814511363388, 43.723329293225], [-79.4814341685138, 43.7232521491607], [-79.4813775733353, 43.7230042913036], [-79.4813568247486, 43.7229134112], [-79.4813170999018, 43.7227394916334], [-79.4851144932434, 43.7218086270792], [-79.4853780017233, 43.7217408538958], [-79.4856416326521, 43.7216737651146], [-79.4859056351409, 43.7216072793994], [-79.486169873479, 43.7215413139157], [-79.4864343702899, 43.7214760058193], [-79.4866991161395, 43.7214112370339], [-79.486964096368, 43.7213469983596], [-79.4872294609359, 43.7212833989254], [-79.4874950605983, 43.7212203016961], [-79.4877609319682, 43.7211578800279], [-79.4880269030952, 43.7210960605136], [-79.4882932581462, 43.7210347991915], [-79.4884322691673, 43.7209951808749], [-79.4885715297247, 43.7209562463768], [-79.4887110379173, 43.7209178245988], [-79.4888509294907, 43.7208799974691], [-79.4889910577785, 43.7208427720508], [-79.4891314217083, 43.7208060429842], [-79.4892721694108, 43.720769942782], [-79.4894131646266, 43.7207344102165], [-79.4895543960965, 43.7206994982605], [-79.4896960243009, 43.7206652432484], [-79.4898377640433, 43.7206313848015], [-79.4899798881344, 43.7205982812743], [-79.4901221114705, 43.7205656191672], [-79.4902647200453, 43.7205336768747], [-79.4904075880343, 43.7205021754156], [-79.4905506786259, 43.7204713943214], [-79.4906939070825, 43.7204410992732], [-79.4908375062427, 43.7204114608165], [-79.4909812291909, 43.7203824243676], [-79.4911253380421, 43.7203538844409], [-79.491269557372, 43.7203260814018], [-79.4914139003709, 43.7202987372064], [-79.4915586042546, 43.7202720953871], [-79.4917034553921, 43.7202460117632], [-79.491848406514, 43.7202205397332], [-79.4924934176559, 43.7201053947007], [-79.4935703704823, 43.7199131480544], [-79.4952706355747, 43.7196096098266], [-79.4978770844858, 43.7191442335349], [-79.4997810271222, 43.7188042123757], [-79.5012144392159, 43.7185690305988], [-79.5013226601591, 43.7185485337124], [-79.5014311283887, 43.7185286216123], [-79.501539719643, 43.7185092494503], [-79.5016484359582, 43.7184904352604], [-79.5017574009289, 43.7184722508923], [-79.5018664886942, 43.7184545164198], [-79.501975825891, 43.7184374306862], [-79.5020852862541, 43.718420829967], [-79.5021948842223, 43.7184048324011], [-79.502304704658, 43.7183894201924], [-79.5024146611202, 43.7183745751], [-79.5025246177291, 43.7183602701325], [-79.5026348234732, 43.7183464770389], [-79.50274515282, 43.7183332517982], [-79.5028556063635, 43.7183206205289], [-79.5029661835385, 43.7183085562119], [-79.5030768850593, 43.7182971299862], [-79.503187710851, 43.7182861455673], [-79.5032986604038, 43.7182757731204], [-79.5034096096793, 43.7182659587985], [-79.503520670881, 43.7182567833045], [-79.5036213081001, 43.7182489487353], [-79.503743067624, 43.7182400247577], [-79.5038543890898, 43.7182325585697], [-79.504648271573, 43.7181430926382], [-79.5064824593124, 43.7179207621613], [-79.5078334425885, 43.7177637588494], [-79.5085403286897, 43.7176815898583], [-79.5126550547321, 43.7172158071355], [-79.515635319508, 43.7168823559312], [-79.5181996423803, 43.7166105434072], [-79.5183001980073, 43.716599887448], [-79.5183279469179, 43.7165968951055], [-79.5186115470167, 43.7165662716958], [-79.5190590932758, 43.7165179692785], [-79.5202088052282, 43.7163938517466], [-79.5204301445496, 43.7163699591897], [-79.5204615899151, 43.7163665684974], [-79.523102517418, 43.7161022202739], [-79.5247153442286, 43.7159186809854], [-79.5248589194914, 43.715898000513], [-79.5250021229941, 43.7158768342575], [-79.525145312935, 43.7158550022648], [-79.5252882669957, 43.7158324584476], [-79.525430973288, 43.7158093836303], [-79.5255735420238, 43.7157856873968], [-79.525715875202, 43.7157613162611], [-79.5258579462553, 43.7157363410116], [-79.5259999057773, 43.7157107455839], [-79.5261416038062, 43.715684519941], [-79.5262830664199, 43.7156576635198], [-79.5264244048816, 43.715630194863], [-79.5265653573388, 43.7156020601736], [-79.5265712394591, 43.7156008709762], [-79.5267061983214, 43.7155734034519], [-79.5268466536504, 43.7155441167195], [-79.5282572336626, 43.7152269054275], [-79.529663009475, 43.7149132055947], [-79.5296002820396, 43.7151227359542], [-79.5292820640324, 43.7161861001616], [-79.5292346507216, 43.7163514475181], [-79.5286382050683, 43.7184314649096], [-79.5286154447581, 43.7185108529606], [-79.5286008238852, 43.7185601830127], [-79.5285917523633, 43.7185893673393], [-79.5285854704382, 43.7186095684577], [-79.5285758757798, 43.7186596177991], [-79.5285695314945, 43.7186809967132], [-79.5285548811016, 43.7187737770053], [-79.5285390394636, 43.7188663312663], [-79.5285239423105, 43.7189589491325], [-79.5285097142556, 43.7190516115002], [-79.5284963544805, 43.719144301252], [-79.5284838641124, 43.7192371246476], [-79.5284753488115, 43.7193118916482], [-79.5284733580872, 43.7193294171561], [-79.5284740572026, 43.7193622720851], [-79.5284714635513, 43.7193897714613], [-79.5284720457062, 43.7194126972748], [-79.52847303069, 43.7194504575626], [-79.5284733079105, 43.7195110451186], [-79.528474453288, 43.7195715150984], [-79.5284736301686, 43.7196149281094], [-79.5284732910125, 43.7196322822014], [-79.5284769435564, 43.7196653885494], [-79.5284773536323, 43.7196927069091], [-79.5284802812116, 43.7197158213897], [-79.5284819608138, 43.7197531494328], [-79.5284836555227, 43.71976622769], [-79.5284870039855, 43.7198135822633], [-79.5284873899918, 43.7198166791445], [-79.5284918822112, 43.7198671115435], [-79.5284924931943, 43.7198740514494], [-79.5284974036571, 43.7199174905664], [-79.5284993854244, 43.7199344117467], [-79.528500384155, 43.7199471668083], [-79.5285020079665, 43.7199679595223], [-79.5285079649112, 43.7199944120069], [-79.5285126477613, 43.7200550616882], [-79.5285209921058, 43.7201152867151], [-79.5285302040074, 43.7201755211108], [-79.5285401619849, 43.7202356561657], [-79.5285508505679, 43.7202956646687], [-79.5285624219312, 43.7203556188089], [-79.5285748613021, 43.7204155643152], [-79.5285880450181, 43.7204753294231], [-79.5286019743808, 43.7205350131909], [-79.5286167589291, 43.7205947052662], [-79.52863230082, 43.7206540919565], [-79.5286485882028, 43.7207135053498], [-79.5286657433506, 43.7207728191657], [-79.5286836314446, 43.7208319623387], [-79.5286993551651, 43.7208817442878], [-79.5287022760307, 43.7208909873939], [-79.529047994962, 43.7222700628458], [-79.5292457947712, 43.7230592601154], [-79.5293847266378, 43.7236136201185], [-79.5322544190509, 43.7350563363865], [-79.5293312004649, 43.735704725689], [-79.5289100618318, 43.7358065294679], [-79.5272647811692, 43.7361732382032], [-79.5264904521058, 43.7363620412038], [-79.5262834026956, 43.7364101733493], [-79.5258557356554, 43.7365072771119], [-79.5238023324766, 43.7369736267077], [-79.522377965303, 43.7373045659961], [-79.5201376726616, 43.7378152705923], [-79.516697477173, 43.7386016504278], [-79.5132243061179, 43.739397921093], [-79.5124524336252, 43.7366967043964], [-79.5123144951955, 43.7361986180655], [-79.5122491185169, 43.735938597354], [-79.5119271704271, 43.7345762240944]]]]}"
10,Avondale,153,15800,38,40,43,49,74,46,43,56,38,296.0885,295.421,301.3948,335.8695,495.3809,301.8175,278.2991,360.2676,240.5063,9,4,6,1,8,15,34,34,19,70.12623,29.5421,42.05509,6.854479,53.55469,98.41874,220.0505,218.7339,218.7339,3,8,17,22,6,13,37,20,29,23.37541,59.08419,119.1561,150.7986,40.16602,85.29624,239.4667,128.667,128.667,11,9,7,11,13,13,13,17,8,85.70983,66.46972,49.06427,75.39928,87.02637,85.29624,84.13695,109.367,50.63291,,,,,11,,1,,1,,,,,73.6377,,6.472073,,6.329114,4,4,3,10,11,5,9,8,4,31.16721,21.02755,68.54479,73.6377,32.80625,58.24866,51.4668,25.31646,29.5421,1,,,1,,,1,,,7.791803,,,6.854479,,,6.472073,,,10,7,14,9,9,22,36,27,10,77.91803,51.69867,98.12855,61.69032,60.24903,144.3475,232.9946,173.7005,63.29114,2,1,6,5,5,4,3,5,9,15.58361,7.385524,42.05509,34.2724,33.47168,26.245,19.41622,32.16675,56.96202,"{'type': 'MultiPolygon', 'coordinates': [[[[-79.4083873435246, 43.7536279203055], [-79.4083919547393, 43.7536249529728], [-79.408444983128, 43.7538177117242], [-79.4084766215352, 43.7539664458482], [-79.4084913204718, 43.7540178719706], [-79.4085068888936, 43.7540690652987], [-79.4085231893855, 43.7541201958898], [-79.4085403853987, 43.7541712831274], [-79.4085583021392, 43.754222126494], [-79.4085772368055, 43.7542728543803], [-79.408596904095, 43.7543233583688], [-79.4086173170978, 43.7543737538895], [-79.408638723793, 43.7544239174426], [-79.4086607514132, 43.75447390056], [-79.4086837986635, 43.7545237042917], [-79.408707540818, 43.7545733016058], [-79.4087320407767, 43.7546227564039], [-79.4087574484479, 43.7546718961004], [-79.408783576461, 43.7547209008617], [-79.4088589216732, 43.7548479772232], [-79.4088918298645, 43.754905782088], [-79.4089265052134, 43.7549679180388], [-79.4089603124679, 43.7550301436337], [-79.4089934988025, 43.7550926468917], [-79.4090259392084, 43.7551554107666], [-79.4090576344665, 43.7552182650991], [-79.409088584342, 43.755281406168], [-79.4091187891622, 43.755344680915], [-79.4091482479725, 43.7554081721617], [-79.4091769620111, 43.7554718331066], [-79.409204806794, 43.7555356737219], [-79.4092452893587, 43.7556099752377], [-79.4092848040412, 43.7556846171117], [-79.4093234475449, 43.7557594656348], [-79.4093613219247, 43.7558344664055], [-79.4093983395932, 43.7559097370547], [-79.4094343502748, 43.7559852763917], [-79.4094696278836, 43.7560610134991], [-79.4095040364948, 43.7561369212752], [-79.4095375757511, 43.7562131068604], [-79.4095692520543, 43.7562897049877], [-79.4095925211174, 43.7563411295828], [-79.4096435287594, 43.7564939649028], [-79.4096989328529, 43.7566639603861], [-79.4098535925862, 43.7572352616169], [-79.4098839487678, 43.7573472880956], [-79.4099462646971, 43.7575961209176], [-79.4100685383796, 43.7580274915091], [-79.4101272675559, 43.7582347895781], [-79.4103426905791, 43.7590619347634], [-79.4105631734648, 43.7599561412143], [-79.4105887018943, 43.7600597835565], [-79.410601947209, 43.7601135400168], [-79.4107519729708, 43.7607225423426], [-79.4108061200502, 43.76097423939], [-79.4109412315635, 43.7615174318639], [-79.4096141007925, 43.7618131951271], [-79.4082675549323, 43.7621103949025], [-79.4071739120419, 43.7623422285398], [-79.4047614216016, 43.7628973362639], [-79.404200215423, 43.7630186712182], [-79.4040715514312, 43.7630465028596], [-79.403959200144, 43.7630707923452], [-79.4039335939318, 43.7630763249241], [-79.4037946555911, 43.7631063528112], [-79.4028740884135, 43.7633053554839], [-79.4023087660293, 43.7634398104538], [-79.4013163147471, 43.7636540948823], [-79.3996906571853, 43.7640050676203], [-79.3987607834333, 43.7642122198738], [-79.3983281043174, 43.7643086074545], [-79.3970567865384, 43.7645918262579], [-79.3947194297418, 43.7651105593693], [-79.3931284509459, 43.7654660782103], [-79.3920268407532, 43.7657102713898], [-79.3900427301379, 43.7661433888601], [-79.3889107239641, 43.7663824183067], [-79.388446758747, 43.7664951660134], [-79.3881827854425, 43.7665617411104], [-79.3880594567708, 43.7665978773443], [-79.3878430408884, 43.765754047618], [-79.3876084546416, 43.764886967267], [-79.3875918879279, 43.7648257791857], [-79.3875335774761, 43.7646591734847], [-79.3874932796197, 43.7645239901346], [-79.3874513942533, 43.7643935212237], [-79.3874116386324, 43.7642674383531], [-79.3873726937393, 43.7641323649839], [-79.3873344992308, 43.7640017824426], [-79.3872974967429, 43.7638712293148], [-79.3872616619625, 43.7637406854504], [-79.387195870111, 43.7634781734171], [-79.3871553427542, 43.7633203333101], [-79.392131565294, 43.7622490911987], [-79.392253204804, 43.7622205826306], [-79.3923737144466, 43.762191721297], [-79.3924938653203, 43.7621623820931], [-79.3926138916608, 43.762132539503], [-79.3927335343169, 43.7621021286565], [-79.3928530653585, 43.762071195699], [-79.3929722131309, 43.762039632367], [-79.3930911385308, 43.7620076002904], [-79.3932096665877, 43.7619750456883], [-79.3933280839823, 43.7619419329764], [-79.3934461419558, 43.761908180325], [-79.3935637909704, 43.761874013933], [-79.3936813541749, 43.7618392888822], [-79.3937983838786, 43.7618040222897], [-79.3939153143366, 43.7617682346668], [-79.3940317492663, 43.7617318790269], [-79.3941480246763, 43.7616950726404], [-79.3942638529467, 43.7616576539006], [-79.3943794332332, 43.7616197939772], [-79.3944947527845, 43.761581365739], [-79.3946095907099, 43.7615424066003], [-79.3947241788066, 43.7615028892061], [-79.3948384093641, 43.7614629389969], [-79.394952366936, 43.7614223671825], [-79.3950658275281, 43.7613813272827], [-79.3951790419062, 43.7613398723412], [-79.3952919086948, 43.7612977515318], [-79.3954042661031, 43.761255161566], [-79.3955163775078, 43.7612121484611], [-79.3956281152761, 43.7611685141444], [-79.3957393459015, 43.76112441971], [-79.3958503538323, 43.7610798664518], [-79.395960827179, 43.7610347176371], [-79.3960710662087, 43.7609891728633], [-79.3961808210447, 43.7609430062317], [-79.3962901927732, 43.7608964793703], [-79.3963990668605, 43.7608493223615], [-79.3965075826977, 43.7608018045737], [-79.3966200616876, 43.7607529215038], [-79.3967320448623, 43.760703525356], [-79.3968436807894, 43.7606535885039], [-79.3969547831623, 43.7606031560546], [-79.3970655137838, 43.7605523095122], [-79.3971757733874, 43.760500858407], [-79.3972855237875, 43.7604489300578], [-79.3973947917415, 43.7603964528113], [-79.397503661603, 43.760343524192], [-79.3976120482942, 43.7602900736792], [-79.3977200756503, 43.7602361624352], [-79.3978274458672, 43.7601816845434], [-79.397934492775, 43.7601267923471], [-79.3980325052286, 43.7600757350343], [-79.3981469257371, 43.7600154474315], [-79.3982524477484, 43.7599591136695], [-79.398357486106, 43.7599022292046], [-79.3984619038742, 43.759844804724], [-79.3985659618742, 43.7597870284614], [-79.398669512077, 43.7597286750506], [-79.3987724539061, 43.7596698358221], [-79.3988748985569, 43.7596106266829], [-79.3989768107871, 43.7595508319516], [-79.3990782767334, 43.7594906221063], [-79.3991790977866, 43.7594299448454], [-79.3992795577641, 43.759368824855], [-79.3993792613439, 43.7593072728053], [-79.4003900023478, 43.7586598293077], [-79.4032897431979, 43.7568515408688], [-79.4056781108975, 43.7553321908577], [-79.4067487976128, 43.7546586813027], [-79.4083873435246, 43.7536279203055]]]]}"
11,East Willowdale,152,17974,43,34,53,47,46,52,40,53,58,271.911,213.0593,328.621,284.8312,271.5947,300.387,227.9982,299.8416,322.6883,17,19,32,14,14,29,23,44,43,107.4997,119.0625,198.4127,84.84335,82.65926,167.5235,131.099,248.9251,248.9251,7,9,15,6,1,4,16,12,8,44.26458,56.39804,93.00595,36.36143,5.904233,23.1067,91.19927,67.88866,67.88866,69,58,54,73,56,54,36,26,40,436.3222,363.4541,334.8214,442.3974,330.6371,311.9404,205.1984,147.0921,222.5437,,,,,,,,,,,,,,,,,,,14,19,14,30,32,23,18,9,12,88.52915,86.80556,181.8072,188.9355,132.8635,102.5992,50.9165,66.7631,119.0625,1,,,,1,2,2,1,2,6.323511,,,,5.904233,11.55335,11.39991,5.657389,11.12718,25,20,35,36,37,45,48,53,25,158.0878,125.329,217.0139,218.1686,218.4566,259.9503,273.5978,299.8416,139.0898,3,4,3,6,3,9,4,5,13,18.97053,25.0658,18.60119,36.36143,17.7127,51.99006,22.79982,28.28694,72.32669,"{'type': 'MultiPolygon', 'coordinates': [[[[-79.4071739120419, 43.7623422285398], [-79.4082675549323, 43.7621103949025], [-79.4083206006624, 43.7622725212015], [-79.4083828406639, 43.7625370264134], [-79.408432935941, 43.7627694496003], [-79.4084642637575, 43.7628957076806], [-79.408479502653, 43.7629531746534], [-79.4086653705303, 43.7636922125854], [-79.4086806577305, 43.7637829201659], [-79.4086754400051, 43.7638412979132], [-79.4086547989475, 43.763889726035], [-79.4086307192763, 43.7639369267755], [-79.4085929293524, 43.7639990133121], [-79.4085448432771, 43.7640536301019], [-79.4084573095396, 43.7641169289636], [-79.4084109225089, 43.7641889366531], [-79.4083851048591, 43.7642522847286], [-79.4083798761418, 43.7643168730764], [-79.4083915887668, 43.7644065972093], [-79.4086268172938, 43.7649742649275], [-79.4090886774263, 43.7657844427528], [-79.4093101046855, 43.7661728660026], [-79.4093485266847, 43.7662596412522], [-79.4097127520756, 43.7671209282496], [-79.4100787614129, 43.7679932953734], [-79.4104497276338, 43.7688712287427], [-79.4108125126822, 43.7697373889962], [-79.411204838936, 43.7705579983542], [-79.4115777118979, 43.7713780873462], [-79.4118677612965, 43.7720588807823], [-79.4119572617088, 43.7722689379994], [-79.4120423920781, 43.7724687395001], [-79.4123294453018, 43.7732349235834], [-79.412450854201, 43.7738073019761], [-79.4124789134934, 43.7741069996239], [-79.4099020910531, 43.7746847714568], [-79.4104267550912, 43.7759164710108], [-79.4105324113555, 43.7761644993218], [-79.4108999666866, 43.7770272870706], [-79.4110593051327, 43.7774013012148], [-79.4114571555167, 43.7784209288208], [-79.4118896786217, 43.7794327506819], [-79.4123192257775, 43.7804843437947], [-79.4097210034818, 43.7810654975587], [-79.407109035032, 43.7816341491259], [-79.4044777573628, 43.7822119521134], [-79.4018853373252, 43.7827688810536], [-79.400610235319, 43.7830551500158], [-79.3992997990121, 43.7833493128779], [-79.3976919829894, 43.783700783491], [-79.3963417945314, 43.783990205091], [-79.3959563994817, 43.7840896057657], [-79.3947036405712, 43.7843556848054], [-79.3936102560905, 43.7845964070557], [-79.3932829335118, 43.7846694257329], [-79.3929617351451, 43.7847566609038], [-79.3925873398131, 43.7848547462874], [-79.3924059352034, 43.7849018775038], [-79.3921506736216, 43.7850142048656], [-79.3921122073793, 43.7847726319533], [-79.3919219643219, 43.7838779180261], [-79.3917128491593, 43.7829238404575], [-79.3914980658715, 43.7819410346048], [-79.391377678112, 43.7814135516581], [-79.391260526623, 43.7808636138568], [-79.3912466844589, 43.7808031851088], [-79.3911412170993, 43.7803334221351], [-79.3909962628129, 43.7797167045979], [-79.3909204295755, 43.7793833559688], [-79.3906188489724, 43.7780515440024], [-79.3904683952083, 43.7774191672095], [-79.3903982604767, 43.7770628254879], [-79.3901888420988, 43.7761039823077], [-79.3899850247531, 43.7752507283902], [-79.3897872040016, 43.7743421217571], [-79.3895865125772, 43.7734845666597], [-79.3893893388503, 43.7725542134409], [-79.3891901143935, 43.7716615365948], [-79.3889789163665, 43.7707523487221], [-79.3888338173627, 43.7701041503107], [-79.3886657919154, 43.7693895455684], [-79.3885808513066, 43.7690641418676], [-79.3884188226679, 43.7682002855352], [-79.3882670431914, 43.7675644917962], [-79.3882222274019, 43.767378871022], [-79.3881075022061, 43.7669028214582], [-79.3880594567708, 43.7665978773443], [-79.3881827854425, 43.7665617411104], [-79.388446758747, 43.7664951660134], [-79.3889107239641, 43.7663824183067], [-79.3900427301379, 43.7661433888601], [-79.3920268407532, 43.7657102713898], [-79.3931284509459, 43.7654660782103], [-79.3947194297418, 43.7651105593693], [-79.3970567865384, 43.7645918262579], [-79.3987607834333, 43.7642122198738], [-79.3996906571853, 43.7640050676203], [-79.4013163147471, 43.7636540948823], [-79.4023087660293, 43.7634398104538], [-79.4028740884135, 43.7633053554839], [-79.4039335939318, 43.7630763249241], [-79.403959200144, 43.7630707923452], [-79.4040715514312, 43.7630465028596], [-79.404200215423, 43.7630186712182], [-79.4047614216016, 43.7628973362639], [-79.4071739120419, 43.7623422285398]]]]}"
12,Yonge-Doris,151,22946,69,71,78,85,86,81,64,77,83,320.1856,328.5364,359.1491,385.61,384.1,357.5212,281.0839,338.3426,361.7188,7,5,4,10,19,29,22,39,42,32.4826,23.13637,18.4179,45.36588,84.85931,128.0014,96.6226,171.3683,171.3683,12,15,18,9,13,12,26,14,28,55.68446,69.4091,82.88056,40.82929,58.06163,52.9661,114.1903,61.51683,61.51683,8,8,12,10,7,22,27,19,17,37.12297,37.01818,55.25371,45.36588,31.26396,97.10452,118.5823,83.48713,74.08699,,,,,,,,,,,,,,,,,,,7,11,25,14,26,19,12,29,7,32.4826,115.1119,63.51223,116.1233,83.86299,52.70324,127.4277,30.50641,50.90001,,,,,,,,,,,,,,,,,,,14,11,17,22,25,75,88,81,14,64.96519,50.90001,78.27608,99.80492,111.657,331.0381,386.4904,355.9188,61.01281,4,5,5,7,6,15,10,9,14,18.56149,23.13637,23.02238,31.75611,26.79768,66.20763,43.91936,39.54653,61.01281,"{'type': 'MultiPolygon', 'coordinates': [[[[-79.4096141007925, 43.7618131951271], [-79.4109412315635, 43.7615174318639], [-79.4111594607987, 43.7623607965302], [-79.4113814591389, 43.763271222439], [-79.4115426720189, 43.7639012144962], [-79.411569030573, 43.7640081598607], [-79.4116429969415, 43.7643083882801], [-79.4117678575371, 43.7648228753818], [-79.4119956863272, 43.7656659221693], [-79.4122162619823, 43.7665730137572], [-79.4122506974513, 43.7666963841035], [-79.4123209405862, 43.7669480022343], [-79.4124518234921, 43.7674803517149], [-79.412674004442, 43.768402719481], [-79.4129078422039, 43.7692828617689], [-79.4131136747595, 43.7701476890707], [-79.4132182811762, 43.7705810844564], [-79.4133197892511, 43.7710016424088], [-79.4135784300854, 43.7720010494016], [-79.4136411632093, 43.7722666314629], [-79.4138359332609, 43.7729862689151], [-79.4140340208954, 43.7737867837648], [-79.414387707421, 43.7751656591622], [-79.4145179970221, 43.775668714602], [-79.4147575783081, 43.7765937631126], [-79.414853178707, 43.7769552126286], [-79.4150898114645, 43.7778995746344], [-79.4152896737015, 43.7786888909025], [-79.4153078030499, 43.778756664747], [-79.4153168731831, 43.7787905337363], [-79.4155809535054, 43.7797776879797], [-79.4149360251238, 43.7799175927469], [-79.4141445532964, 43.7800893005476], [-79.4123192257775, 43.7804843437947], [-79.4118896786217, 43.7794327506819], [-79.4114571555167, 43.7784209288208], [-79.4110593051327, 43.7774013012148], [-79.4105324113555, 43.7761644993218], [-79.4104267550912, 43.7759164710108], [-79.4099020910531, 43.7746847714568], [-79.4124789134934, 43.7741069996239], [-79.412450854201, 43.7738073019761], [-79.4123294453018, 43.7732349235834], [-79.4120423920781, 43.7724687395001], [-79.4115777118979, 43.7713780873462], [-79.411204838936, 43.7705579983542], [-79.4109980319867, 43.7701254570137], [-79.4108535244374, 43.7698231840931], [-79.4108125126822, 43.7697373889962], [-79.4104497276338, 43.7688712287427], [-79.4100787614129, 43.7679932953734], [-79.4097127520756, 43.7671209282496], [-79.4093485266847, 43.7662596412522], [-79.4093101046855, 43.7661728660026], [-79.4086268172938, 43.7649742649275], [-79.4083915887668, 43.7644065972093], [-79.4083798761418, 43.7643168730764], [-79.4083851048591, 43.7642522847286], [-79.4084109225089, 43.7641889366531], [-79.4084573095396, 43.7641169289636], [-79.4085448432771, 43.7640536301019], [-79.4085929293524, 43.7639990133121], [-79.4086307192763, 43.7639369267755], [-79.4086547989475, 43.763889726035], [-79.4086754400051, 43.7638412979132], [-79.4086806577305, 43.7637829201659], [-79.4086653705303, 43.7636922125854], [-79.408479502653, 43.7629531746534], [-79.4084642637575, 43.7628957076806], [-79.408432935941, 43.7627694496003], [-79.4083828406639, 43.7625370264134], [-79.4083206006624, 43.7622725212015], [-79.4082675549323, 43.7621103949025], [-79.4096141007925, 43.7618131951271]]]]}"
13,Fenside-Parkwoods,150,22516,106,101,120,96,90,104,112,84,103,494.2647,472.8907,562.931,444.0128,409.9107,467.731,501.0962,375.9567,457.4525,19,16,17,29,10,21,21,33,33,88.59461,74.91338,79.74856,134.1289,45.54564,94.44569,93.95553,147.6973,147.6973,1,4,8,8,2,4,2,5,3,4.662874,18.72835,37.52873,37.00106,9.109127,17.98966,8.948146,22.37837,22.37837,45,35,24,31,44,34,24,20,11,209.8293,163.873,112.5862,143.3791,200.4008,152.9121,107.3777,89.5135,48.85415,,,,,1,1,,1,,,,,,4.554564,4.497414,,4.475675,,5,17,22,28,16,24,5,8,9,23.31437,103.204,129.5037,72.87302,107.9379,22.37036,35.8054,39.97158,79.59547,,2,2,5,1,1,3,2,3,,9.364173,9.382183,23.12567,4.554564,4.497414,13.42222,8.951349,13.32386,55,53,44,53,24,74,49,45,55,256.4581,248.1506,206.408,245.132,109.3095,332.8086,219.2296,201.4054,244.2707,5,3,2,5,3,2,1,4,2,23.31437,14.04626,9.382183,23.12567,13.66369,8.994828,4.474073,17.9027,8.882572,"{'type': 'MultiPolygon', 'coordinates': [[[[-79.3185994081678, 43.7654302493766], [-79.3181674809832, 43.7645238287567], [-79.3181212337934, 43.7644154528593], [-79.3180428718917, 43.7642279054844], [-79.3179584234379, 43.7639757559626], [-79.317534946069, 43.7630295427956], [-79.3173300976797, 43.7625792822238], [-79.317243280899, 43.762388435034], [-79.3170897723441, 43.7620302484235], [-79.3170464581877, 43.7619347671524], [-79.3169006795691, 43.7616123992455], [-79.3166216306398, 43.7610008340183], [-79.3163283333274, 43.7603480830982], [-79.31617976824, 43.7599687687526], [-79.3160865134492, 43.7597617712142], [-79.3158964853823, 43.7593821281376], [-79.3156263073394, 43.7587757862362], [-79.3152486671268, 43.7578780277189], [-79.3148392620851, 43.7567252128731], [-79.3146186155726, 43.756071971846], [-79.3144985222219, 43.7557164910111], [-79.3140220322687, 43.7543497038087], [-79.3149212564025, 43.7541600774701], [-79.3159309644278, 43.7539319707383], [-79.3162191718828, 43.7538869244532], [-79.316460807395, 43.7538681034118], [-79.3165942535484, 43.7538630249627], [-79.3169224473478, 43.7538990520935], [-79.3173269694947, 43.753977812137], [-79.3179393039884, 43.7541271192978], [-79.3183272019492, 43.7542217000273], [-79.3189831061388, 43.7543539243802], [-79.3191963868373, 43.7543657207497], [-79.3194471213398, 43.7543482580441], [-79.31953762545, 43.7543433333063], [-79.3196602248901, 43.7543323023608], [-79.3197283080027, 43.7543252542132], [-79.3198045750756, 43.7543103247543], [-79.3198671867088, 43.7543021147218], [-79.3199475804089, 43.7542814492457], [-79.3200124316286, 43.7542631167602], [-79.3200776792222, 43.7542494837075], [-79.3205215539622, 43.7541474417423], [-79.3216107081343, 43.7538963926785], [-79.3216346706247, 43.7538895803842], [-79.3217786412629, 43.7538486337558], [-79.3238814939198, 43.7533672509278], [-79.3255695062588, 43.7529825178057], [-79.3264448530693, 43.7527728081728], [-79.3265256375361, 43.7529635486324], [-79.3265733060448, 43.7530164134536], [-79.3266484262771, 43.7530486169486], [-79.3268404901747, 43.7531179381876], [-79.327075580899, 43.753183498834], [-79.3274708549049, 43.7532943785377], [-79.3278472160502, 43.7534101347405], [-79.3280156345102, 43.753272732614], [-79.3281366703815, 43.7531815346957], [-79.3282795604646, 43.7530949961762], [-79.3284238571172, 43.753011726598], [-79.3285750030529, 43.752955740183], [-79.3287089357456, 43.7529096931228], [-79.3287954005164, 43.7528791376731], [-79.3288136969431, 43.7528726659761], [-79.3292941503733, 43.7527634887648], [-79.3301632084272, 43.7525408697524], [-79.3303874126727, 43.7524909942421], [-79.3308912501166, 43.7523789196334], [-79.3313822437977, 43.7522673278203], [-79.3315859080098, 43.752248690075], [-79.3318073948487, 43.7522368101563], [-79.3320466110212, 43.752235316903], [-79.3325172731409, 43.7522220736999], [-79.3327544586813, 43.7522006204721], [-79.3328923763531, 43.7521752766952], [-79.3332668461564, 43.7520925713409], [-79.3337081575986, 43.751992265699], [-79.3337164986956, 43.7520473019927], [-79.3337304139606, 43.7521341748305], [-79.3337450861645, 43.7522210758104], [-79.3337606045106, 43.7523078342616], [-79.3337768922507, 43.7523945751169], [-79.3337940375641, 43.7524811646058], [-79.3338120633062, 43.7525677192094], [-79.3338308241518, 43.7526541494718], [-79.3338504406082, 43.7527404994676], [-79.3338708279495, 43.7528267787653], [-79.3338920838242, 43.7529129599764], [-79.3339140867573, 43.7529990341263], [-79.3339369453044, 43.7530849388708], [-79.3339605501671, 43.7531707635535], [-79.3339850374847, 43.753256481347], [-79.3340102321239, 43.7533420473797], [-79.3340363348065, 43.7534274798839], [-79.3340631694108, 43.7535128591257], [-79.3340907617852, 43.7535980594291], [-79.3341199850677, 43.7537136143646], [-79.3341501152066, 43.7538291248875], [-79.3341809531913, 43.7539444665456], [-79.3342126846197, 43.7540598446279], [-79.3342452744867, 43.7541749092786], [-79.3342786102265, 43.7542900018982], [-79.334312815332, 43.7544048352665], [-79.3343479017407, 43.7545196508567], [-79.334383722121, 43.7546342970585], [-79.3344202755099, 43.7547487639531], [-79.3344578478034, 43.7548631340394], [-79.3344961406979, 43.7549773246361], [-79.3345351921759, 43.7550914443408], [-79.3345751252365, 43.7552053580887], [-79.3346095528014, 43.7553074183064], [-79.3346135932061, 43.7553193873242], [-79.3346574654145, 43.7554327660061], [-79.3346998842034, 43.7555461531996], [-79.334743036546, 43.7556594322168], [-79.3347870585378, 43.755772578029], [-79.3348380266676, 43.7558840774235], [-79.3348792427813, 43.7559790001827], [-79.3349195772946, 43.7560741387737], [-79.3349591905188, 43.7561694009943], [-79.3349980590333, 43.7562647802013], [-79.3350361557917, 43.7563604452715], [-79.3350733965372, 43.7564561644826], [-79.3351100165695, 43.7565520979286], [-79.335145902355, 43.7566481737268], [-79.3351809067652, 43.7567444563619], [-79.3352151525681, 43.7568408188701], [-79.3352486792701, 43.756937269931], [-79.335281459538, 43.7570338991842], [-79.3353134706931, 43.7571307180048], [-79.3353446233978, 43.7572275882353], [-79.335375155064, 43.7573246835054], [-79.3354048307308, 43.7574218311228], [-79.3354337355919, 43.7575190944549], [-79.3354617700012, 43.7576165278737], [-79.3355366086142, 43.7580053967172], [-79.3356014734274, 43.7583266436097], [-79.3362175611825, 43.7607702977924], [-79.3366021236972, 43.7622954056038], [-79.3368684966272, 43.7622325978611], [-79.3378276525487, 43.7619793916057], [-79.3378737860171, 43.7619905916328], [-79.3379443627576, 43.7620010874497], [-79.3380310482775, 43.7620067466306], [-79.3381263142847, 43.7619900671649], [-79.3382250546907, 43.7619930059292], [-79.3383230210198, 43.7620249370283], [-79.3383906712233, 43.7620709204829], [-79.3384241553961, 43.7621257943549], [-79.3384360821143, 43.7621843370886], [-79.3384302169705, 43.7622360853044], [-79.3384244345352, 43.7623034237592], [-79.3384144314017, 43.7623609092946], [-79.3384280815994, 43.7623926487118], [-79.3384729321669, 43.7624701764351], [-79.3385265538521, 43.762537328841], [-79.3385949464053, 43.7626119466837], [-79.3386441296515, 43.7626764918486], [-79.3386822323148, 43.7627459440818], [-79.3387323515557, 43.7628318866442], [-79.3387719583211, 43.7629009996648], [-79.3390697347164, 43.7635866433023], [-79.3391130151523, 43.7636297024226], [-79.3391411641922, 43.7636413716253], [-79.3391707083521, 43.7636563195438], [-79.3392168306998, 43.7636675278696], [-79.3392984435778, 43.7636575251287], [-79.3404878569083, 43.7634072386265], [-79.3408199769495, 43.7633227042733], [-79.3409648444222, 43.7632984313413], [-79.3410359888646, 43.7633063971436], [-79.341616335968, 43.763384378815], [-79.3417106382939, 43.7634039250393], [-79.3417765124154, 43.7634419025144], [-79.3418078359532, 43.763484062297], [-79.3430519375213, 43.7632075513333], [-79.345107560438, 43.7631094426134], [-79.3456791685418, 43.7625734215694], [-79.345875168721, 43.7623874961113], [-79.3460184671169, 43.7622518981708], [-79.3461468720089, 43.7621700878908], [-79.3462862953726, 43.7620677787971], [-79.3463937078515, 43.7620063189523], [-79.3465071365952, 43.761962716707], [-79.3468304573512, 43.7618693309022], [-79.347080263691, 43.7618009420372], [-79.3472330407455, 43.7617604788225], [-79.3474977299441, 43.7617343777962], [-79.3478140601905, 43.7616978042214], [-79.3488676955445, 43.761539287509], [-79.3493659001225, 43.7614760997865], [-79.3496543933004, 43.7614362170823], [-79.3498530422804, 43.7614313023002], [-79.3498590956796, 43.7614440561544], [-79.3498453195994, 43.7615047511762], [-79.3498239047075, 43.7615707741267], [-79.3497903377259, 43.7616587068007], [-79.3497516961329, 43.7617501982757], [-79.3497069412343, 43.7618622406727], [-79.3496729284764, 43.7619994910508], [-79.3496241898656, 43.7621448499635], [-79.3495916087247, 43.7622505800565], [-79.3495649336417, 43.7623933935305], [-79.3495377518699, 43.762569942916], [-79.3495109932455, 43.7626815851869], [-79.349488790954, 43.7628582046769], [-79.349443311431, 43.7630112277131], [-79.3494216639909, 43.7631697370119], [-79.3494289370242, 43.7632953494071], [-79.3495432673489, 43.763466675037], [-79.3496677767847, 43.7635804877558], [-79.3498053297083, 43.7636589789465], [-79.3499484755493, 43.7637506367397], [-79.3500935732709, 43.7638274366898], [-79.3502370095827, 43.7638926039742], [-79.3504071907454, 43.763966204708], [-79.3504396371241, 43.763984150234], [-79.3506335183885, 43.7640668632902], [-79.3507697148434, 43.7641072318043], [-79.3509028921044, 43.7641134811128], [-79.3510067754145, 43.7640974599987], [-79.3510982303486, 43.7640445800975], [-79.3511507683855, 43.7639740251898], [-79.3511713521406, 43.7639021952292], [-79.3511686458946, 43.7638415692596], [-79.3511767064194, 43.7637713341201], [-79.3512072885792, 43.7636996799383], [-79.351278401343, 43.7636261516522], [-79.3513672084591, 43.7635786778737], [-79.3514786942152, 43.7635417468356], [-79.3515892775484, 43.7635182173101], [-79.3516659234601, 43.7635118003869], [-79.351700942334, 43.7635088661268], [-79.3517335464854, 43.7635133818151], [-79.3518633441101, 43.763534216796], [-79.3520965820954, 43.7635725403753], [-79.3521644944198, 43.7635926373662], [-79.3522037359499, 43.7636103850643], [-79.3522323819253, 43.7636227352894], [-79.352280108244, 43.7636443454611], [-79.3523034385572, 43.7636574545606], [-79.3523384226134, 43.7636836664408], [-79.3523988463768, 43.7637237633141], [-79.3524518750223, 43.7637507638632], [-79.3525566854423, 43.7637917194304], [-79.352763832648, 43.7638396569005], [-79.3528062953738, 43.7638451121321], [-79.3528583208557, 43.7638459350265], [-79.3529039841465, 43.7638429152391], [-79.3529528500827, 43.7638352821731], [-79.3529932347, 43.7638222551602], [-79.3530368021864, 43.7638023015299], [-79.3530974164494, 43.7637700568017], [-79.3531744015725, 43.7637371575166], [-79.353402130658, 43.7636824527462], [-79.3535725963579, 43.7636404190105], [-79.353689208656, 43.7636194521446], [-79.3537833632705, 43.7636146933424], [-79.3538931926262, 43.7636197132201], [-79.3540299121904, 43.7636296357094], [-79.3541374694866, 43.7636443907582], [-79.3542248495064, 43.7636623791473], [-79.3542741207414, 43.7636770598671], [-79.3543166378218, 43.7637063589686], [-79.354382555201, 43.7637707917338], [-79.3545223588835, 43.7639178243615], [-79.3546095065546, 43.7640316744025], [-79.3546452182408, 43.7640966903753], [-79.3546719586174, 43.7641633508892], [-79.3547031203812, 43.7642559859599], [-79.3547519912455, 43.7644363867435], [-79.3547809369324, 43.7645209081438], [-79.3548301301962, 43.7645729529289], [-79.3548861107388, 43.7645973900719], [-79.354948838148, 43.7646104670901], [-79.3550720858979, 43.7646301200798], [-79.3552580836716, 43.7646531017855], [-79.3554654003232, 43.7646786301426], [-79.3554976455372, 43.7646826767996], [-79.3556252086697, 43.7647105702766], [-79.3557442641405, 43.7647379675333], [-79.3559122254308, 43.764767631397], [-79.3561020336387, 43.7648020211427], [-79.3562829879208, 43.7648311871044], [-79.356462655038, 43.7648534212111], [-79.3565619315317, 43.764857632166], [-79.356631829651, 43.764858808538], [-79.3567498105086, 43.7648216200305], [-79.3569029434728, 43.7647777780267], [-79.357044155777, 43.7647485926398], [-79.357190314361, 43.7647387209378], [-79.3573047727521, 43.7647359294373], [-79.3574537230551, 43.7647326324308], [-79.3576152961842, 43.7647589192059], [-79.3577678482332, 43.7648028368349], [-79.3579251571992, 43.7648889032971], [-79.358054698632, 43.7649679690106], [-79.3582100142467, 43.765088102614], [-79.3583429505579, 43.7651712135277], [-79.358486076819, 43.7652472523935], [-79.3586461531, 43.7653242935717], [-79.3587791353021, 43.7653881862006], [-79.3589414023891, 43.7654587397402], [-79.358989901961, 43.7654911050487], [-79.3590806914116, 43.7655296338482], [-79.3592508052904, 43.7656224388721], [-79.3593939583345, 43.7657140759217], [-79.3595160498564, 43.7658260208245], [-79.3596136591053, 43.7659386549604], [-79.3596670878971, 43.7660407488975], [-79.3596684302358, 43.7660567281554], [-79.3596756200711, 43.7661420857595], [-79.359673608768, 43.7661734438416], [-79.3596691487898, 43.766243161319], [-79.3596702048366, 43.7663493852156], [-79.3596709047587, 43.7664216392803], [-79.3596672090423, 43.7664940760439], [-79.3593118435112, 43.7665105883514], [-79.356984927188, 43.7666187745308], [-79.3533881832554, 43.7667895513598], [-79.3507488237057, 43.7669050050481], [-79.3487966522601, 43.7670148374646], [-79.3467810543864, 43.7671434891891], [-79.3436391660776, 43.7673156841842], [-79.3406291587525, 43.7675003800905], [-79.3389654915897, 43.7676111031613], [-79.3387918188655, 43.7676226592814], [-79.3386212271941, 43.7676339943259], [-79.3380115577897, 43.7676745369611], [-79.3375802423192, 43.7677040154165], [-79.3375508616561, 43.7677060261593], [-79.3374817253633, 43.7677115083328], [-79.3373693332203, 43.7677193511972], [-79.3372609408068, 43.7677269109135], [-79.3371042985834, 43.767737839829], [-79.3356352953473, 43.767823983992], [-79.3355505952513, 43.7678293175252], [-79.3339666074716, 43.7679292713948], [-79.3320679772398, 43.7680490756843], [-79.3299441214347, 43.7681695309931], [-79.328875191555, 43.768231906307], [-79.3260097149363, 43.7683289515208], [-79.3244782493222, 43.7683571515854], [-79.3238321201417, 43.7683596581451], [-79.3231859789406, 43.7683617485027], [-79.3225398159366, 43.7683632397391], [-79.3218936907111, 43.7683641345298], [-79.3212475556289, 43.768364404264], [-79.3206012973827, 43.7683641472175], [-79.3197973690765, 43.7683719106892], [-79.3197147349826, 43.768193170395], [-79.3196339368676, 43.7680157013488], [-79.3196274582956, 43.7680014783595], [-79.3195994013201, 43.767939245402], [-79.3195436552086, 43.7678156699388], [-79.3194607715912, 43.7676295661479], [-79.3193786105865, 43.7674433639755], [-79.3193120267276, 43.7672728034081], [-79.3192469437941, 43.7671033615271], [-79.3191828805451, 43.7669336779988], [-79.3191198113598, 43.7667638244778], [-79.319057698923, 43.7665938022173], [-79.3188314381998, 43.766016324096], [-79.3185994081678, 43.7654302493766]]]]}"
14,Parkwoods-O'Connor Hills,149,14742,46,45,49,57,46,56,37,51,62,318.4934,311.8936,339.1238,391.3491,312.6912,377.8168,249.8818,346.7501,420.5671,16,18,10,17,9,8,23,20,37,110.7803,124.7574,69.20894,116.7182,61.17871,53.97382,155.3319,135.9804,135.9804,1,1,1,9,4,2,2,3,,6.923769,6.930967,6.920894,61.79197,27.19054,13.49346,13.50712,20.39706,20.39706,25,26,22,35,34,34,24,17,18,173.0942,180.2052,152.2597,240.3021,231.1196,229.3887,162.0855,115.5834,122.1001,,,,,,,1,,,,,,,,,6.753562,,,7,1,11,18,5,10,4,15,7,48.46638,76.12984,123.5839,33.98817,67.46728,27.01425,101.9853,47.48338,6.930967,1,,1,2,,,2,2,2,6.923769,,6.920894,13.73155,,,13.50712,13.59804,13.56668,37,43,44,50,32,29,36,29,37,256.1795,298.0316,304.5193,343.2887,217.5243,195.6551,243.1283,197.1716,250.9836,1,3,1,5,4,3,1,1,1,6.923769,20.7929,6.920894,34.32887,27.19054,20.24018,6.753562,6.799021,6.78334,"{'type': 'MultiPolygon', 'coordinates': [[[[-79.3390697347164, 43.7635866433023], [-79.3387719583211, 43.7629009996648], [-79.3387323515557, 43.7628318866442], [-79.3386822323148, 43.7627459440818], [-79.3386441296515, 43.7626764918486], [-79.3385949464053, 43.7626119466837], [-79.3385265538521, 43.762537328841], [-79.3384729321669, 43.7624701764351], [-79.3384280815994, 43.7623926487118], [-79.3384144314017, 43.7623609092946], [-79.3384244345352, 43.7623034237592], [-79.3384302169705, 43.7622360853044], [-79.3384360821143, 43.7621843370886], [-79.3384241553961, 43.7621257943549], [-79.3383906712233, 43.7620709204829], [-79.3383230210198, 43.7620249370283], [-79.3382250546907, 43.7619930059292], [-79.3381263142847, 43.7619900671649], [-79.3380310482775, 43.7620067466306], [-79.3379443627576, 43.7620010874497], [-79.3378737860171, 43.7619905916328], [-79.3378276525487, 43.7619793916057], [-79.3368684966272, 43.7622325978611], [-79.3366021236972, 43.7622954056038], [-79.3362175611825, 43.7607702977924], [-79.3356014734274, 43.7583266436097], [-79.3355366086142, 43.7580053967172], [-79.3354617700012, 43.7576165278737], [-79.3354337355919, 43.7575190944549], [-79.3354048307308, 43.7574218311228], [-79.335375155064, 43.7573246835054], [-79.3353446233978, 43.7572275882353], [-79.3353134706931, 43.7571307180048], [-79.335281459538, 43.7570338991842], [-79.3352486792701, 43.756937269931], [-79.3352151525681, 43.7568408188701], [-79.3351809067652, 43.7567444563619], [-79.335145902355, 43.7566481737268], [-79.3351100165695, 43.7565520979286], [-79.3350733965372, 43.7564561644826], [-79.3350361557917, 43.7563604452715], [-79.3349980590333, 43.7562647802013], [-79.3349591905188, 43.7561694009943], [-79.3349195772946, 43.7560741387737], [-79.3348792427813, 43.7559790001827], [-79.3348380266676, 43.7558840774235], [-79.3347870585378, 43.755772578029], [-79.334743036546, 43.7556594322168], [-79.3346998842034, 43.7555461531996], [-79.3346574654145, 43.7554327660061], [-79.3346135932061, 43.7553193873242], [-79.3346095528014, 43.7553074183064], [-79.3345751252365, 43.7552053580887], [-79.3345351921759, 43.7550914443408], [-79.3344961406979, 43.7549773246361], [-79.3344578478034, 43.7548631340394], [-79.3344202755099, 43.7547487639531], [-79.334383722121, 43.7546342970585], [-79.3343479017407, 43.7545196508567], [-79.334312815332, 43.7544048352665], [-79.3342786102265, 43.7542900018982], [-79.3342452744867, 43.7541749092786], [-79.3342126846197, 43.7540598446279], [-79.3341809531913, 43.7539444665456], [-79.3341501152066, 43.7538291248875], [-79.3341199850677, 43.7537136143646], [-79.3340907617852, 43.7535980594291], [-79.3340631694108, 43.7535128591257], [-79.3340363348065, 43.7534274798839], [-79.3340102321239, 43.7533420473797], [-79.3339850374847, 43.753256481347], [-79.3339605501671, 43.7531707635535], [-79.3339369453044, 43.7530849388708], [-79.3339140867573, 43.7529990341263], [-79.3338920838242, 43.7529129599764], [-79.3338708279495, 43.7528267787653], [-79.3338504406082, 43.7527404994676], [-79.3338308241518, 43.7526541494718], [-79.3338120633062, 43.7525677192094], [-79.3337940375641, 43.7524811646058], [-79.3337768922507, 43.7523945751169], [-79.3337606045106, 43.7523078342616], [-79.3337450861645, 43.7522210758104], [-79.3337304139606, 43.7521341748305], [-79.3337164986956, 43.7520473019927], [-79.3337081575986, 43.751992265699], [-79.3332668461564, 43.7520925713409], [-79.3328923763531, 43.7521752766952], [-79.3327544586813, 43.7522006204721], [-79.3325172731409, 43.7522220736999], [-79.3320466110212, 43.752235316903], [-79.3318073948487, 43.7522368101563], [-79.3315859080098, 43.752248690075], [-79.3313822437977, 43.7522673278203], [-79.3308912501166, 43.7523789196334], [-79.3303874126727, 43.7524909942421], [-79.3301632084272, 43.7525408697524], [-79.3292941503733, 43.7527634887648], [-79.3288136969431, 43.7528726659761], [-79.3287954005164, 43.7528791376731], [-79.3287089357456, 43.7529096931228], [-79.3285750030529, 43.752955740183], [-79.3284238571172, 43.753011726598], [-79.3282795604646, 43.7530949961762], [-79.3281366703815, 43.7531815346957], [-79.3280156345102, 43.753272732614], [-79.3278472160502, 43.7534101347405], [-79.3274708549049, 43.7532943785377], [-79.327075580899, 43.753183498834], [-79.3268404901747, 43.7531179381876], [-79.3266484262771, 43.7530486169486], [-79.3265733060448, 43.7530164134536], [-79.3265256375361, 43.7529635486324], [-79.3264448530693, 43.7527728081728], [-79.3255695062588, 43.7529825178057], [-79.3238814939198, 43.7533672509278], [-79.3217786412629, 43.7538486337558], [-79.3216346706247, 43.7538895803842], [-79.3216107081343, 43.7538963926785], [-79.3205215539622, 43.7541474417423], [-79.3200776792222, 43.7542494837075], [-79.3200124316286, 43.7542631167602], [-79.3199475804089, 43.7542814492457], [-79.3198671867088, 43.7543021147218], [-79.3198045750756, 43.7543103247543], [-79.3197283080027, 43.7543252542132], [-79.3196602248901, 43.7543323023608], [-79.31953762545, 43.7543433333063], [-79.3194471213398, 43.7543482580441], [-79.3191963868373, 43.7543657207497], [-79.3189831061388, 43.7543539243802], [-79.3183272019492, 43.7542217000273], [-79.3179393039884, 43.7541271192978], [-79.3173269694947, 43.753977812137], [-79.3169224473478, 43.7538990520935], [-79.3165942535484, 43.7538630249627], [-79.316460807395, 43.7538681034118], [-79.3162191718828, 43.7538869244532], [-79.3159309644278, 43.7539319707383], [-79.3149212564025, 43.7541600774701], [-79.3140220322687, 43.7543497038087], [-79.3138077149951, 43.7537350326971], [-79.3135390946096, 43.7530144717845], [-79.3132660466562, 43.7522219113313], [-79.313027943611, 43.7515067822016], [-79.3127562868985, 43.7506908555105], [-79.312646317935, 43.7503649218254], [-79.3124371866706, 43.7497451877408], [-79.3121148140695, 43.7488445198836], [-79.3119740583277, 43.7484392255834], [-79.3118211111158, 43.7479709022117], [-79.3117143075862, 43.7476286715907], [-79.3114175679445, 43.746737035505], [-79.311177699847, 43.7460525029726], [-79.3111328738001, 43.7459624342533], [-79.311054788068, 43.7457374913565], [-79.3109421632832, 43.7454130363724], [-79.3107937782647, 43.7449717225396], [-79.3105806648312, 43.7443862731623], [-79.3103109128663, 43.7435577051158], [-79.3100326131865, 43.7427291125575], [-79.3097969784179, 43.7421526437139], [-79.3114461862494, 43.7418088112123], [-79.3128202060716, 43.7416310086742], [-79.3137275446203, 43.7415469528301], [-79.3142436868344, 43.7415072781649], [-79.3160770761469, 43.741388384647], [-79.3161726931492, 43.7413821927269], [-79.3162080094038, 43.7413799003679], [-79.3180042639715, 43.7412747059257], [-79.3192824959076, 43.7411911856797], [-79.3197085935198, 43.7411603279616], [-79.3221466474341, 43.7410155372679], [-79.3241700380501, 43.7408566455578], [-79.3247091249203, 43.7407989752619], [-79.3256743835945, 43.7406744247391], [-79.3274458782348, 43.7403890383434], [-79.3284465621337, 43.7402014830515], [-79.3296615123047, 43.7399695925075], [-79.3305579494164, 43.7397984698675], [-79.3306544255113, 43.7399088147847], [-79.3307277628147, 43.7400098547677], [-79.330786575133, 43.7401456800934], [-79.3308134685864, 43.7402547697958], [-79.3308018994263, 43.7403951357971], [-79.3306860242624, 43.7406304811258], [-79.3305376833978, 43.740817252187], [-79.3305123904453, 43.7409237625327], [-79.330537595486, 43.741019779388], [-79.3306602743823, 43.7412737864252], [-79.3309092977215, 43.7414645399977], [-79.331263488635, 43.7415506288249], [-79.3316039527301, 43.7415778378177], [-79.3319254230966, 43.7415603980659], [-79.3320999222215, 43.7415464603009], [-79.3322700119815, 43.7415286529316], [-79.3322844108133, 43.7415254614651], [-79.3326616734068, 43.7414460651828], [-79.3327617609587, 43.7414253286286], [-79.3328482932153, 43.7413505473094], [-79.33289167975, 43.7413122832173], [-79.3329516170124, 43.7412464461918], [-79.3329898494373, 43.7411997315827], [-79.3330575676007, 43.7411130139749], [-79.3331307865146, 43.7410394725177], [-79.3332177702125, 43.7409712990455], [-79.3333186950273, 43.7409168623813], [-79.3334317624606, 43.7408717424291], [-79.3335613324539, 43.7408385904137], [-79.333706330438, 43.7408068562246], [-79.3338487649025, 43.7407768735169], [-79.3340117541091, 43.7407448043209], [-79.3341747702506, 43.7407246985646], [-79.334334605337, 43.7406969092265], [-79.3344586352567, 43.7406781507602], [-79.3346377249522, 43.7406689138526], [-79.3347920661376, 43.7406794519939], [-79.3349479055626, 43.7406776973316], [-79.3351140365777, 43.740680861691], [-79.3352720411464, 43.740700190697], [-79.3353870055338, 43.7407229585926], [-79.3355093004688, 43.7407752691078], [-79.3356354477284, 43.7408447058091], [-79.3356771233608, 43.7408775219338], [-79.3358047771559, 43.7409861872111], [-79.3358677417075, 43.7411018173583], [-79.3359253762095, 43.7412006435859], [-79.3360098493523, 43.741328330465], [-79.3360722239924, 43.7414464981635], [-79.336156065244, 43.7415647407022], [-79.3362501981309, 43.7416879221181], [-79.3363155330003, 43.7417814760181], [-79.3363994247396, 43.7418721478345], [-79.3364893802639, 43.7419614969778], [-79.3365649826411, 43.7420599793943], [-79.3366213641187, 43.7421914328016], [-79.336664941455, 43.7422921374799], [-79.3366529513108, 43.7424097931716], [-79.3365964957085, 43.7425156207304], [-79.3365047399294, 43.7426040073274], [-79.3363861124148, 43.7427030763359], [-79.3363135664361, 43.7427860628852], [-79.3362997362357, 43.7428082664433], [-79.3362537771201, 43.7429393481909], [-79.3362426640597, 43.7430076877778], [-79.3362368780554, 43.7430808508], [-79.3362572973597, 43.7431734391954], [-79.3362777802594, 43.7432384482406], [-79.3363244271416, 43.7433109295673], [-79.3363980427294, 43.743396672562], [-79.3364696731014, 43.743481638396], [-79.3365523455525, 43.7435653963604], [-79.3366662905363, 43.7436411063498], [-79.3368013670723, 43.7437122023562], [-79.3369522452237, 43.7437618516655], [-79.3371044519933, 43.7438028170912], [-79.3372380342849, 43.7438347011383], [-79.3373801324802, 43.7438395392393], [-79.3375613022247, 43.7437758967932], [-79.3376904813757, 43.7437140710071], [-79.3378149384977, 43.7436448842528], [-79.3379845795382, 43.7435693973737], [-79.3381308664116, 43.7435170019345], [-79.3382859418982, 43.7434698662486], [-79.338418497839, 43.7434636085332], [-79.3386156033128, 43.7434659936982], [-79.3388084794063, 43.7434621161583], [-79.3389787568052, 43.7434871359519], [-79.3391022356087, 43.7435224148275], [-79.3392359457737, 43.7435902017319], [-79.339304008422, 43.7436507858194], [-79.3394071602622, 43.7437480361421], [-79.33952071239, 43.7438465881811], [-79.3396155062517, 43.7439396768792], [-79.3397194258119, 43.7440427508895], [-79.3398029850899, 43.7441167233118], [-79.3398959427668, 43.7442054164796], [-79.3399821077811, 43.7442895990563], [-79.340063326281, 43.7443856477748], [-79.3401215912795, 43.7444939241318], [-79.3401852741114, 43.7445914062344], [-79.3402456944825, 43.744669252368], [-79.3402751466683, 43.744747874073], [-79.3402695295753, 43.744777839778], [-79.340261355551, 43.7448215926908], [-79.3402138330008, 43.7448895127402], [-79.3401729368348, 43.7449535889846], [-79.3401111297449, 43.7450426052509], [-79.3400517247201, 43.7451334976421], [-79.3400109996399, 43.7452454699198], [-79.3399943709436, 43.7452886525007], [-79.3399725143796, 43.7453509461062], [-79.3399534933826, 43.7454437846803], [-79.3399116304906, 43.7455727763674], [-79.3398781972833, 43.745650796971], [-79.3398382991759, 43.7457410056414], [-79.3397687290717, 43.745862883326], [-79.3396767600105, 43.7459705076192], [-79.3395743400949, 43.7460768031856], [-79.3394332999177, 43.7461616037249], [-79.3393449885228, 43.7462384673953], [-79.3392620199822, 43.7463321249937], [-79.339208767412, 43.746406093774], [-79.3391958750485, 43.7464820105117], [-79.3392025814498, 43.7465416614272], [-79.3392371592824, 43.7466167626797], [-79.3392810848545, 43.7466826412901], [-79.3393441735224, 43.746743118824], [-79.3394269939378, 43.746783695787], [-79.3395238320786, 43.7468104206503], [-79.3396141342983, 43.7468253996201], [-79.3397054833544, 43.7468389486286], [-79.339826797245, 43.7468651050795], [-79.3399485359883, 43.7468803892546], [-79.340066757949, 43.7468832546749], [-79.3401449292508, 43.7468889092012], [-79.3403255340879, 43.7469188741965], [-79.3404472743492, 43.7469341569619], [-79.3405487816016, 43.7469562614206], [-79.3406648802316, 43.7470015471211], [-79.3407695046935, 43.7470469506103], [-79.3408606717933, 43.7470916967141], [-79.3409795530975, 43.7471555458929], [-79.3410695707386, 43.7472173201212], [-79.3411840198817, 43.7472665537962], [-79.341286442006, 43.7472908641914], [-79.3413855214649, 43.7473111013035], [-79.3414838348334, 43.7473255315029], [-79.341606032496, 43.7473419217302], [-79.3417218943613, 43.7473549083045], [-79.3418235494083, 43.7473734122791], [-79.3419358988752, 43.7473859533027], [-79.342075141383, 43.7474273803519], [-79.3421516036259, 43.7474645614147], [-79.3422196981488, 43.7475251523025], [-79.3422735083176, 43.7476068495736], [-79.3423010366181, 43.7476966839828], [-79.3423276938189, 43.7477963009154], [-79.3423538092961, 43.7478708669809], [-79.3423888307038, 43.7479866255872], [-79.3424248689919, 43.7480889923642], [-79.3424522888337, 43.7482339766598], [-79.3424471740254, 43.7483285632732], [-79.3424291717737, 43.7484079924226], [-79.3424129840019, 43.7484918336105], [-79.3423398067315, 43.7486168946264], [-79.3422926924691, 43.7487135028296], [-79.3422536913681, 43.7488454603416], [-79.3422125719957, 43.7489287552163], [-79.3421881483938, 43.749032369737], [-79.3421975380565, 43.749126175448], [-79.3422383480942, 43.7492083143695], [-79.3422680720619, 43.7492796896433], [-79.3423014312069, 43.7493478835027], [-79.3423523454918, 43.7494266061865], [-79.3424196594228, 43.7495209145148], [-79.3424843428049, 43.7496050122225], [-79.342549841842, 43.7496949345364], [-79.3425912305313, 43.7497745444658], [-79.3426070970523, 43.749856153077], [-79.3426039967455, 43.7499634794669], [-79.342602540797, 43.7500309863719], [-79.342600746944, 43.7501139748012], [-79.342567253997, 43.7502195665104], [-79.3425340493713, 43.7503574551891], [-79.3424830626948, 43.7504764616884], [-79.3424700819176, 43.7505679773401], [-79.3424852557574, 43.7506677049312], [-79.3425292073091, 43.7507455630052], [-79.342611970006, 43.7508017357768], [-79.342714630414, 43.7508463616694], [-79.3428154098369, 43.7508746292155], [-79.3429173822069, 43.7508978394673], [-79.3430199436295, 43.7509185209175], [-79.343128703095, 43.7509342509563], [-79.3432560212665, 43.7509471175747], [-79.3433901824015, 43.750964475281], [-79.3435114872997, 43.750978665321], [-79.3436394072702, 43.7509889939799], [-79.343677355322, 43.7509890821603], [-79.3438623348568, 43.7509701534663], [-79.3440033480953, 43.7509644323487], [-79.3441347259723, 43.7509632344637], [-79.344269877764, 43.7509671989308], [-79.3443766217841, 43.7509701799011], [-79.3444794768022, 43.7509836144873], [-79.344567211713, 43.7510003494905], [-79.3446802730282, 43.750994770009], [-79.3448190468655, 43.7509955341476], [-79.344855947198, 43.7509970428556], [-79.3450248897604, 43.7510187668459], [-79.3451184980938, 43.7510258336466], [-79.3452030369395, 43.7510348777027], [-79.3453002982457, 43.7510507344812], [-79.3454050233402, 43.7510805163859], [-79.3454925232473, 43.7511164774535], [-79.3455619200048, 43.7511564017979], [-79.3456437478102, 43.751210384435], [-79.3457601817431, 43.7512603904538], [-79.3458782327293, 43.7512944480363], [-79.3460095840792, 43.7513327902155], [-79.3461445584673, 43.7513679415368], [-79.3462597802646, 43.7514110236371], [-79.3463576308392, 43.7514638753871], [-79.3464021148576, 43.7515152506858], [-79.3464090642029, 43.7515556663757], [-79.3463960610631, 43.75159565917], [-79.3463585553439, 43.7516362310568], [-79.346287312966, 43.7517105396822], [-79.3462309238057, 43.7517888015825], [-79.3461706203806, 43.751877489849], [-79.3460861959946, 43.7519834645683], [-79.3460018599541, 43.7520738217244], [-79.34588278338, 43.752211334484], [-79.3457753726959, 43.7523175389492], [-79.3456010863724, 43.7524887049156], [-79.345510667522, 43.7525684230553], [-79.3454366829715, 43.7526361466178], [-79.3453716784268, 43.7527174931604], [-79.3453005641154, 43.7528277152972], [-79.3452903985113, 43.7528982527927], [-79.3453082721248, 43.7529926006279], [-79.3453282971692, 43.7530960517744], [-79.3453650659563, 43.7531922524686], [-79.3454001363761, 43.7532684591793], [-79.3454566521767, 43.7533447576124], [-79.3455088998144, 43.7534148032509], [-79.3455419734918, 43.7534902327943], [-79.3455840387947, 43.7535792846058], [-79.3456109846556, 43.7536716379562], [-79.3456226634093, 43.7537709363288], [-79.3456350439028, 43.7538916503297], [-79.345665462922, 43.7540239908978], [-79.3456659459631, 43.7541161366731], [-79.345652780412, 43.7541993080067], [-79.3456179024687, 43.7542896326754], [-79.345566933231, 43.7543691080524], [-79.3455069960667, 43.7544349515624], [-79.3454396378504, 43.7544988229119], [-79.3453425432602, 43.7545704128968], [-79.3452511512237, 43.754635961943], [-79.3451553385465, 43.7546868959656], [-79.3449975875765, 43.754751409923], [-79.3447969679574, 43.7548396739913], [-79.3446712174092, 43.7548899722525], [-79.3445374875966, 43.7549132660348], [-79.3444165972291, 43.7549277554656], [-79.3443759389863, 43.754933064711], [-79.3441101122327, 43.7549637114767], [-79.3439732740487, 43.7550032653064], [-79.3438386838864, 43.7550758736318], [-79.3437141069789, 43.755160665826], [-79.3436313694517, 43.7552351095451], [-79.3436119822849, 43.7553507938399], [-79.343636630092, 43.7554376616562], [-79.3436776657278, 43.7555401156703], [-79.343721398854, 43.7556371903243], [-79.3437761741555, 43.7557330375366], [-79.3438279314981, 43.7558295468714], [-79.3438613706774, 43.7559216840843], [-79.3438591540123, 43.7560192361611], [-79.343865704928, 43.7561220474361], [-79.3438693034384, 43.7562375021701], [-79.3438656350548, 43.756268263359], [-79.343905215966, 43.7565056602662], [-79.3440242641111, 43.7568291193886], [-79.3440297177326, 43.7568807123462], [-79.3441040158195, 43.7570201520374], [-79.3441813336788, 43.7571589295448], [-79.3442711867649, 43.7572960950931], [-79.3443833068483, 43.7574234891237], [-79.3444994820529, 43.7575487637923], [-79.3446747051054, 43.7577040478243], [-79.3448709089147, 43.7578426625683], [-79.3450618378338, 43.7579572182531], [-79.3452835352388, 43.7580781166297], [-79.3454857009, 43.7581841808456], [-79.3456876993042, 43.7582782646259], [-79.3458566881714, 43.7583917450196], [-79.345984321287, 43.7585012546426], [-79.3460808464131, 43.7586153307337], [-79.3461681202648, 43.7587386745321], [-79.3462436781984, 43.758869437938], [-79.3462634290977, 43.7590126732168], [-79.3462830378422, 43.7591439368812], [-79.34631225886, 43.7592706586159], [-79.3463853258127, 43.7594187819621], [-79.3464844650994, 43.759511861031], [-79.3466459440688, 43.7595922068097], [-79.3468086150305, 43.7596482775601], [-79.3469446922907, 43.7596574699301], [-79.3470894919755, 43.7596599229738], [-79.347188963408, 43.7596524319444], [-79.3472179923632, 43.7596551892011], [-79.3473385397203, 43.7596666559037], [-79.3474776720697, 43.7596907749802], [-79.347585936779, 43.7597121893751], [-79.3477080709886, 43.7597545136867], [-79.3478702390096, 43.7597938854509], [-79.347983027638, 43.759814288034], [-79.3481452311064, 43.7598692669741], [-79.3482897773555, 43.7599137712239], [-79.3484229779216, 43.7599704310966], [-79.3485480216273, 43.7600661166108], [-79.3486375529217, 43.7601637458839], [-79.3487070312873, 43.7602802677264], [-79.3487666566742, 43.7603929790246], [-79.34881818655, 43.7605255084485], [-79.3489199767384, 43.7606480136507], [-79.3490357240946, 43.7607373778378], [-79.3491446870899, 43.7608030505363], [-79.3492536761468, 43.760833906114], [-79.3493675018764, 43.760852868211], [-79.3495152739443, 43.7608894636178], [-79.3496505481241, 43.7609432528077], [-79.3497594161813, 43.7610125520476], [-79.3498084478575, 43.7610772180991], [-79.3498392424702, 43.7611687831879], [-79.3498495603381, 43.7612589072829], [-79.349857714445, 43.7613555278262], [-79.3498530422804, 43.7614313023002], [-79.3496543933004, 43.7614362170823], [-79.3493659001225, 43.7614760997865], [-79.3488676955445, 43.761539287509], [-79.3478140601905, 43.7616978042214], [-79.3474977299441, 43.7617343777962], [-79.3472330407455, 43.7617604788225], [-79.347080263691, 43.7618009420372], [-79.3468304573512, 43.7618693309022], [-79.3465071365952, 43.761962716707], [-79.3463937078515, 43.7620063189523], [-79.3462862953726, 43.7620677787971], [-79.3461468720089, 43.7621700878908], [-79.3460184671169, 43.7622518981708], [-79.345875168721, 43.7623874961113], [-79.3456791685418, 43.7625734215694], [-79.345107560438, 43.7631094426134], [-79.3430519375213, 43.7632075513333], [-79.3418078359532, 43.763484062297], [-79.3417765124154, 43.7634419025144], [-79.3417556407721, 43.7634298659769], [-79.3417106382939, 43.7634039250393], [-79.341616335968, 43.763384378815], [-79.3410359888646, 43.7633063971436], [-79.3409648444222, 43.7632984313413], [-79.3408199769495, 43.7633227042733], [-79.3405490651487, 43.7633916624661], [-79.3404878569083, 43.7634072386265], [-79.340138426438, 43.763480767415], [-79.3392984435778, 43.7636575251287], [-79.3392168306998, 43.7636675278696], [-79.3391707083521, 43.7636563195438], [-79.3391411641922, 43.7636413716253], [-79.3391130151523, 43.7636297024226], [-79.3390697347164, 43.7635866433023]]]]}"
15,East L'Amoreaux,148,23665,59,90,83,86,75,92,104,79,77,259.6717,399.9289,371.6473,379.5736,325.3091,393.9368,443.0056,336.6286,325.375,7,8,13,11,13,13,14,18,45,30.8085,35.54924,58.20982,48.55012,56.3869,55.66498,59.63537,76.70019,76.70019,,2,2,2,4,2,1,2,3,,8.887309,8.955358,8.827294,17.34982,8.563844,4.259669,8.522243,8.522243,35,50,20,33,35,40,23,14,24,154.0425,222.1827,89.55357,145.6503,151.8109,171.2769,97.9724,59.6557,101.4156,,,1,,,,,,,,,4,,,,,,,31,16,17,15,21,45,11,7,7,136.4377,76.12054,66.2047,91.08653,192.6865,46.85637,29.82785,29.57955,71.09847,1,1,2,1,1,3,3,2,2,4.401215,4.443655,8.955358,4.413647,4.337454,12.84577,12.77901,8.522243,8.4513,44,32,28,26,34,26,34,17,44,193.6534,142.1969,125.375,114.7548,147.4734,111.33,144.8288,72.43906,185.9286,3,7,2,3,6,2,2,4,11,13.20364,31.10558,8.955358,13.24094,26.02472,8.563844,8.519339,17.04449,46.48215,"{'type': 'MultiPolygon', 'coordinates': [[[[-79.3003215676408, 43.8086012224901], [-79.3000162286509, 43.8079166130419], [-79.2993963147975, 43.8065203727461], [-79.2988403530344, 43.8052862607074], [-79.2985411457545, 43.8046286700039], [-79.2982119305753, 43.8038900065302], [-79.2978425444625, 43.8030882636531], [-79.2975463391757, 43.8024756718952], [-79.2974591688195, 43.8022954947589], [-79.2973426005903, 43.8020882538688], [-79.2972459706968, 43.8019530745029], [-79.2970883082745, 43.8017187564805], [-79.2968909981826, 43.8014933866238], [-79.2966019798145, 43.8012768458629], [-79.2957017684272, 43.8014912760667], [-79.2945691119785, 43.8017682986484], [-79.2942993931738, 43.8018218291719], [-79.2930004150451, 43.8021345411653], [-79.2916089150629, 43.8024740643133], [-79.2913948597788, 43.802158634923], [-79.2912016968832, 43.8018612358672], [-79.291078942529, 43.801644984266], [-79.2908850763852, 43.8013295911427], [-79.2905573633759, 43.8006268938213], [-79.2900534880979, 43.7994378127039], [-79.2892189465412, 43.797528028395], [-79.2885770026715, 43.7960776701294], [-79.2892113072211, 43.7959258139222], [-79.2894344984214, 43.7958452144523], [-79.2898007582472, 43.7957108721613], [-79.2902174979225, 43.7955856133817], [-79.2904429157407, 43.7955320193172], [-79.2906543538526, 43.79547840024], [-79.2913538851162, 43.7953266426506], [-79.2919927089982, 43.7952107829517], [-79.292749251315, 43.7951941460246], [-79.2931469271189, 43.7951858562559], [-79.2933232818057, 43.7951681729528], [-79.2934545725765, 43.795159409716], [-79.2946936025866, 43.7948465932096], [-79.2947702326049, 43.7948294666611], [-79.2948933351184, 43.794801946485], [-79.2952695990396, 43.7946945983242], [-79.2955681976444, 43.7945871195006], [-79.2957736654702, 43.7944524697423], [-79.2960398452867, 43.7942819234688], [-79.2962322666815, 43.7941022436696], [-79.2963850867206, 43.7939224934926], [-79.2965918822959, 43.7936258240024], [-79.2972648272332, 43.7925648947434], [-79.2974974724495, 43.7921872597339], [-79.2976964297269, 43.791908576824], [-79.2978967148311, 43.7916929038879], [-79.298110837904, 43.7915222605666], [-79.2984740230354, 43.7913608812192], [-79.2986046604848, 43.7913071046843], [-79.2988386092235, 43.7912444993925], [-79.2993864881795, 43.7911194469107], [-79.3005452515983, 43.7908424309446], [-79.301488640455, 43.7906460394181], [-79.3022984745564, 43.7904494087689], [-79.3037852273373, 43.7901009176644], [-79.3055859308506, 43.7896899238687], [-79.3059869479613, 43.7896005941243], [-79.3062411150158, 43.7895290158104], [-79.3064408870344, 43.7894753475277], [-79.3066018767365, 43.7894036108869], [-79.3066318203356, 43.7893885935615], [-79.3067271022208, 43.7893408149757], [-79.3069012567164, 43.7892781101105], [-79.3070094258769, 43.7892062843652], [-79.3071130062799, 43.7891164471095], [-79.3072553434183, 43.7890446780793], [-79.3073309662277, 43.7889547946795], [-79.3074314832408, 43.7888469503209], [-79.3075219409298, 43.7887300963523], [-79.3075827855379, 43.7886491893272], [-79.307647550791, 43.7885502852727], [-79.3076999216506, 43.7884423686041], [-79.3077601546623, 43.788307452888], [-79.3078118404674, 43.7881725321022], [-79.3078169039422, 43.7880465241414], [-79.3078437108608, 43.7879205626828], [-79.3078907069171, 43.7877946255929], [-79.3078903280238, 43.7876686090523], [-79.3079680021639, 43.7871736856393], [-79.3080143592237, 43.787002750353], [-79.3080334006727, 43.7868767665721], [-79.3080647789, 43.7867778063256], [-79.3081381634983, 43.7866519132207], [-79.3082161635396, 43.7865440399343], [-79.3082723321859, 43.7864631235992], [-79.3083409434824, 43.7863732275118], [-79.3084375491512, 43.7862743766024], [-79.3085083640757, 43.786229490003], [-79.3086359325246, 43.786157694151], [-79.3087526126475, 43.7860948811239], [-79.3088910644667, 43.786023103819], [-79.3090348890323, 43.7859693375821], [-79.3092261155608, 43.7859066485781], [-79.3099084362402, 43.7857367723445], [-79.3109559761327, 43.7854864782876], [-79.3123083350702, 43.7885850102782], [-79.3132847870005, 43.7907992702654], [-79.3133887640134, 43.7910350176441], [-79.3136864041624, 43.7917195723899], [-79.3138861112791, 43.7921879562356], [-79.3140612069907, 43.7925752901734], [-79.3146017374386, 43.7938363276479], [-79.3150396690331, 43.7948811686676], [-79.315149681116, 43.7952233987195], [-79.3152882728225, 43.7956106803168], [-79.315476404998, 43.7960610496921], [-79.3156181600473, 43.796439317093], [-79.3157693355677, 43.7967816031649], [-79.3160130759789, 43.7973400663009], [-79.3161812599762, 43.7977093739493], [-79.3163695575024, 43.7981057176857], [-79.3165409046376, 43.7984660289978], [-79.3166180665878, 43.7986281639223], [-79.3166821807, 43.7987452719355], [-79.3167587211901, 43.7988624099135], [-79.3168584540838, 43.7990155799981], [-79.3169126307421, 43.7990786743887], [-79.3169977384131, 43.7991868149918], [-79.3170836168031, 43.7992949659817], [-79.3171858518501, 43.7993941326608], [-79.3172942731645, 43.7995023201836], [-79.3174421799734, 43.799646565289], [-79.3176025252795, 43.7997908303859], [-79.3177767711748, 43.7999621299185], [-79.3179161694118, 43.8000973598177], [-79.3180299429249, 43.8002325490678], [-79.3181321269808, 43.8003497259572], [-79.318177012092, 43.8004038044589], [-79.3182465619491, 43.8005209204494], [-79.3183315924014, 43.8006560725783], [-79.3184080849492, 43.8007912016267], [-79.3184837530839, 43.8009443411105], [-79.3185523971639, 43.8011064609634], [-79.3186149372366, 43.8012325762579], [-79.3187492703215, 43.8015028142496], [-79.3194701755501, 43.8030521121562], [-79.3201770409334, 43.8046283951947], [-79.3206278212155, 43.805583221536], [-79.320680282901, 43.8056992114408], [-79.3152161261887, 43.8069005809966], [-79.3107975421512, 43.8078718722749], [-79.3099608424721, 43.8080677697315], [-79.3093500190024, 43.8082107793886], [-79.309399010921, 43.8083601716016], [-79.3090337590797, 43.8082848253335], [-79.3068523386326, 43.8087950067098], [-79.3064173213069, 43.8088967931234], [-79.3060556183576, 43.808976955857], [-79.3058770797513, 43.8090165277172], [-79.3010155571183, 43.8100938264097], [-79.3007628107723, 43.8095380986551], [-79.3004725711024, 43.8089218537433], [-79.3003215676408, 43.8086012224901]]]]}"
16,L'Amoreaux West,147,23987,68,73,93,100,88,107,82,101,95,299.8501,324.2715,414.9563,439.2708,379.523,454.6034,345.8019,425.1736,396.0479,11,12,15,14,19,26,20,18,28,48.50516,53.3049,66.92843,61.49791,81.94247,110.4644,84.34192,75.77352,75.77352,2,1,5,7,7,6,5,7,3,8.819119,4.442075,22.30948,30.74896,30.18933,25.49178,21.08548,29.46748,29.46748,33,34,30,40,41,46,25,17,17,145.5155,151.0306,133.8569,175.7083,176.8232,195.437,105.4274,71.56388,70.87172,1,,1,1,,,3,,1,4.409559926,,4,4,,,12.65129,,4.168925,24,22,22,27,22,20,16,8,10,105.8294,98.1617,118.6031,94.88075,84.9726,67.47354,33.67712,41.68925,97.72565,1,3,5,11,6,6,8,3,4,4.40956,13.32623,22.30948,48.31979,25.87657,25.49178,33.73677,12.62892,16.6757,35,35,24,32,32,32,39,37,35,154.3346,155.4726,107.0855,140.5667,138.0084,135.9562,164.4668,155.7567,145.9124,1,2,2,3,3,,3,3,5,4.40956,8.884151,8.923791,13.17812,12.93828,,12.65129,12.62892,20.84462,"{'type': 'MultiPolygon', 'coordinates': [[[[-79.3216513417602, 43.7755931889632], [-79.3230203344156, 43.7752532279587], [-79.3241738167142, 43.7777516964212], [-79.3242347623949, 43.7778836480141], [-79.3250458921363, 43.7795950320097], [-79.3253985336676, 43.7803606245223], [-79.3262883982999, 43.7822432029313], [-79.3264107092192, 43.7825010917407], [-79.3269591413382, 43.7836573561249], [-79.3270612135692, 43.7838827110535], [-79.3272284216297, 43.7842518305161], [-79.3279368230527, 43.7857381252578], [-79.3280011666232, 43.7858731397499], [-79.3290085126205, 43.7880079320423], [-79.3295897362037, 43.7892599681765], [-79.3307911098316, 43.7917729802087], [-79.3314156576597, 43.7931150727723], [-79.3318317142894, 43.7940247824145], [-79.3322917055795, 43.795069562777], [-79.332696828171, 43.795974995649], [-79.3329485894007, 43.7965376555311], [-79.3334101980205, 43.7975734050296], [-79.3336364361406, 43.7980597774832], [-79.3342046057348, 43.799329725955], [-79.3346980558126, 43.8004391266237], [-79.3348615836178, 43.8008068163561], [-79.335123352055, 43.8013832394366], [-79.3353873008188, 43.8020136894821], [-79.3355388144609, 43.8023378667176], [-79.3304625997263, 43.8034990916067], [-79.327056389439, 43.8042781475735], [-79.3250724073576, 43.8047333301104], [-79.323625858164, 43.8050514660454], [-79.320680282901, 43.8056992114408], [-79.3206278212155, 43.805583221536], [-79.3201770409334, 43.8046283951947], [-79.3194701755501, 43.8030521121562], [-79.3187492703215, 43.8015028142496], [-79.3186149372366, 43.8012325762579], [-79.3185523971639, 43.8011064609634], [-79.3184837530839, 43.8009443411105], [-79.3184080849492, 43.8007912016267], [-79.3183315924014, 43.8006560725783], [-79.3182465619491, 43.8005209204494], [-79.318177012092, 43.8004038044589], [-79.3181321269808, 43.8003497259572], [-79.3180299429249, 43.8002325490678], [-79.3179161694118, 43.8000973598177], [-79.3177767711748, 43.7999621299185], [-79.3176025252795, 43.7997908303859], [-79.3174421799734, 43.799646565289], [-79.3172942731645, 43.7995023201836], [-79.3171858518501, 43.7993941326608], [-79.3170836168031, 43.7992949659817], [-79.3169977384131, 43.7991868149918], [-79.3169126307421, 43.7990786743887], [-79.3168584540838, 43.7990155799981], [-79.3167587211901, 43.7988624099135], [-79.3166821807, 43.7987452719355], [-79.3166180665878, 43.7986281639223], [-79.3165409046376, 43.7984660289978], [-79.3163695575024, 43.7981057176857], [-79.3161812599762, 43.7977093739493], [-79.3160130759789, 43.7973400663009], [-79.3157693355677, 43.7967816031649], [-79.3156181600473, 43.796439317093], [-79.315476404998, 43.7960610496921], [-79.3152882728225, 43.7956106803168], [-79.315149681116, 43.7952233987195], [-79.3150396690331, 43.7948811686676], [-79.3146017374386, 43.7938363276479], [-79.3140612069907, 43.7925752901734], [-79.3138861112791, 43.7921879562356], [-79.3136864041624, 43.7917195723899], [-79.3133887640134, 43.7910350176441], [-79.3132847870005, 43.7907992702654], [-79.3123083350702, 43.7885850102782], [-79.3109559761327, 43.7854864782876], [-79.3124136879499, 43.7851558107318], [-79.31295452894, 43.7850216708209], [-79.3144401760677, 43.784682021471], [-79.3147920005161, 43.7846036703695], [-79.3149058746324, 43.7845774005995], [-79.3149912783314, 43.7845576193873], [-79.3151070592596, 43.7845295155749], [-79.3152325004222, 43.7844993670913], [-79.3153221117897, 43.7844764054476], [-79.3154561745674, 43.7844423817], [-79.3155102164066, 43.7844274733069], [-79.315589842086, 43.784403487279], [-79.3156875672874, 43.7843722040093], [-79.3157766185071, 43.7843419596767], [-79.3158678508309, 43.78430909944], [-79.3159344592702, 43.7842840578505], [-79.3159822999006, 43.7842650611003], [-79.316035107257, 43.7842436065946], [-79.3160966599513, 43.7842180348123], [-79.3161575418861, 43.7841928033549], [-79.3162517981119, 43.7841538540651], [-79.3164889844531, 43.7840372110847], [-79.316693459054, 43.7839322613766], [-79.3168803115455, 43.7838038087121], [-79.3170491487259, 43.7836960653695], [-79.3171924624081, 43.7835890911405], [-79.3173115270302, 43.7834979734535], [-79.3173955848349, 43.7834253514109], [-79.3181996624048, 43.782770791719], [-79.3182946116158, 43.7826989334603], [-79.3184347610807, 43.7825731401965], [-79.3186044584239, 43.7824293906446], [-79.3187313310087, 43.7823305792563], [-79.3188535307373, 43.7822317601973], [-79.3189881542568, 43.7821329608189], [-79.3190932304551, 43.7820521175362], [-79.3192580599816, 43.7819803689867], [-79.3193514273005, 43.7819175082604], [-79.3194882504019, 43.7818637176496], [-79.3196957523008, 43.7818010280196], [-79.3198744774909, 43.7817563040018], [-79.3201682125877, 43.7816847568313], [-79.3198011810176, 43.780820086226], [-79.3194697031534, 43.7800094686857], [-79.3191858539357, 43.7793789474363], [-79.3185944329071, 43.7780327153907], [-79.3185444147797, 43.7779188524668], [-79.3185210711078, 43.7778657266041], [-79.318515356217, 43.7778533587674], [-79.3183876276496, 43.7775774867977], [-79.3182409522759, 43.7772982169287], [-79.318074902788, 43.7770099253936], [-79.317767365911, 43.7765233907733], [-79.3187929724844, 43.7762729344677], [-79.3203181008244, 43.7759152060105], [-79.3204113234201, 43.7758973408784], [-79.3216513417602, 43.7755931889632]]]]}"
17,Malvern East,146,27821,141,193,173,182,177,217,167,142,128,518.268,717.5255,649.2288,675.45,647.4031,784.8953,602.5618,513.5438,460.0841,18,13,18,27,35,40,42,43,45,66.16187,48.33073,67.54982,100.2041,128.0176,144.6812,151.5425,155.5098,155.5098,5,4,5,3,2,2,3,7,1,18.3783,14.87099,18.76384,11.13379,7.315289,7.234058,10.82446,25.31554,25.31554,29,22,41,23,33,15,14,20,16,106.5941,81.79047,153.8635,85.35906,120.7023,54.25544,50.51416,72.33012,57.51051,,,4,2,1,,1,1,1,,,15,7,3.657645,,3.608155,3.616506,3.594407,24,28,31,34,32,23,17,22,18,88.21584,116.3358,126.183,117.0446,83.19167,61.33863,79.56313,64.69933,104.097,2,4,9,6,7,5,10,4,5,7.35132,14.87099,33.77491,22.26758,25.60351,18.08514,36.08154,14.46602,17.97204,29,20,27,52,26,36,61,26,29,106.5941,74.35497,101.3247,192.9857,95.09875,130.213,220.0974,94.02915,104.2378,6,1,2,3,5,3,4,2,8,22.05396,3.717749,7.505535,11.13379,18.28822,10.85109,14.43262,7.233011,28.75526,"{'type': 'MultiPolygon', 'coordinates': [[[[-79.2346263128236, 43.7857920695884], [-79.2352947107172, 43.785606692284], [-79.2353713593031, 43.785794912785], [-79.2354036615294, 43.7858742072203], [-79.235447996542, 43.7859830700286], [-79.2354955069094, 43.7860875034346], [-79.2355440000544, 43.7861918673618], [-79.2355932392326, 43.7862958448257], [-79.2356434863067, 43.7863997441927], [-79.2356946180235, 43.786503277242], [-79.2357467180832, 43.7866066406441], [-79.2357997021275, 43.7867097448593], [-79.2358535583426, 43.7868126536301], [-79.2359065423764, 43.7869156857635], [-79.2359477339925, 43.7869884923884], [-79.2359880409957, 43.7870615041291], [-79.2360032489561, 43.787089784427], [-79.2360274649373, 43.7871348371578], [-79.2360660558041, 43.7872083130742], [-79.2361038759899, 43.7872820922072], [-79.2361409492051, 43.7873560866876], [-79.2361771634598, 43.7874302587728], [-79.2362125093425, 43.7875045903109], [-79.2362469704304, 43.7875792170045], [-79.2362806861252, 43.787654005051], [-79.2363135171538, 43.7877290414373], [-79.2363456167949, 43.7878041853722], [-79.2363764992558, 43.7878789665695], [-79.2365203434002, 43.7882293790246], [-79.2365256832615, 43.788244234646], [-79.2365747042519, 43.7883789863979], [-79.2370617190419, 43.7895630828566], [-79.2374620131259, 43.7905451090981], [-79.2377653316691, 43.7913378876209], [-79.2378265378589, 43.7915203993258], [-79.2379677296159, 43.7919414097414], [-79.238293990774, 43.7927791635223], [-79.2384063066422, 43.7930675382537], [-79.2386608874537, 43.7936441836119], [-79.2387561820637, 43.7938784312219], [-79.2349347637084, 43.7946708140793], [-79.2323609664007, 43.7951871244765], [-79.2321845514671, 43.7952225173801], [-79.2303250228509, 43.7956033489294], [-79.2300117969696, 43.7956674982599], [-79.2294450557304, 43.7957921827207], [-79.2275459868733, 43.796156735758], [-79.2230379300927, 43.7970460041277], [-79.2182288718679, 43.7980063705608], [-79.2176690562448, 43.7981310135233], [-79.2178120067659, 43.7984631575269], [-79.2178869949636, 43.7986527445855], [-79.2181013823084, 43.7992274908604], [-79.2181458763814, 43.799361528679], [-79.2181958234163, 43.7994775226898], [-79.2182338858919, 43.799588987985], [-79.2182618819941, 43.7996847298944], [-79.2182943035439, 43.7997830654275], [-79.218312028746, 43.7998511041232], [-79.2183289861564, 43.7999289150968], [-79.2183502862994, 43.8000321750435], [-79.2183519996731, 43.8001014154312], [-79.218360121611, 43.8001740294744], [-79.2183658829313, 43.8002411649066], [-79.2183722831629, 43.8003021545134], [-79.2183742792972, 43.8003797402774], [-79.218375992428, 43.8004489896609], [-79.218367323262, 43.8005325802062], [-79.2183641407684, 43.8006173538505], [-79.2183512390317, 43.8007103033987], [-79.2183381707308, 43.8007912908151], [-79.2183225454616, 43.8008740714961], [-79.2183061690996, 43.8009474082508], [-79.2182854358566, 43.8010145050664], [-79.2182657640903, 43.801080183251], [-79.2182520356933, 43.8011481167899], [-79.2182103148109, 43.80123557665], [-79.2181458948271, 43.8013509557097], [-79.2180744946434, 43.801523151357], [-79.217865955422, 43.8019567875749], [-79.2178027504461, 43.802082719631], [-79.2177541490521, 43.8021849243799], [-79.2175476681582, 43.8026156938023], [-79.2174371729884, 43.8028315103443], [-79.2173898790356, 43.8029406222024], [-79.2173377062648, 43.8030460312525], [-79.2172890082746, 43.8031710710951], [-79.2172602038703, 43.8032808315315], [-79.217230327602, 43.8033727939578], [-79.2172203972039, 43.803412328824], [-79.2172108474486, 43.8034504344494], [-79.2171989725501, 43.8035227383072], [-79.2171750571426, 43.8036554001132], [-79.2171674199822, 43.8037567518855], [-79.217166592128, 43.8038661943313], [-79.2171746972718, 43.8039580165019], [-79.2171770689126, 43.8040403106965], [-79.2171948684578, 43.8041239395689], [-79.2171994877609, 43.8041961217398], [-79.2172101437263, 43.8042477509755], [-79.2172133519217, 43.8042974542665], [-79.2172252254015, 43.8043596007329], [-79.2172532020631, 43.8044361161589], [-79.2172851432478, 43.8045333621738], [-79.2173266074336, 43.8046488684701], [-79.2173707062105, 43.8047589794627], [-79.217424032813, 43.8048597886996], [-79.217470067584, 43.8049495447345], [-79.217485843755, 43.8049803050732], [-79.2175502011077, 43.8050798358583], [-79.2176206726299, 43.8051743956454], [-79.2176971786097, 43.8052675846325], [-79.2177592809542, 43.8053580188648], [-79.2181578075807, 43.8058803832286], [-79.2185254206427, 43.8063809228536], [-79.2186575112595, 43.8065455987326], [-79.2189542693688, 43.8069468701369], [-79.2194714537902, 43.8076333590536], [-79.2195371185932, 43.8077205965999], [-79.2196481056494, 43.8078516281134], [-79.2197434606352, 43.8079501811564], [-79.2198375847697, 43.8080381996046], [-79.2199448139934, 43.8081412556278], [-79.2200321528582, 43.8082212008895], [-79.2201460667708, 43.8083167564002], [-79.2202557406164, 43.8084024633072], [-79.2203583557129, 43.80847175369], [-79.2204606842214, 43.8085519158977], [-79.2205659226933, 43.8086158195673], [-79.2206774004179, 43.8086903059305], [-79.2208235417973, 43.8087761921563], [-79.2209211643578, 43.8088262067534], [-79.2210200063058, 43.8088867465852], [-79.2211191217891, 43.8089364043053], [-79.2212556620719, 43.8090076482529], [-79.2213845485683, 43.8090650027418], [-79.2214960310897, 43.8091202890453], [-79.2216237899767, 43.8091634990216], [-79.2216621461371, 43.8091826119968], [-79.2217564653735, 43.8092296113689], [-79.2219224009821, 43.8093038240382], [-79.2221357406118, 43.80939975527], [-79.2225134884306, 43.8095702450961], [-79.222816139894, 43.8097084526543], [-79.2232181199368, 43.8098890806037], [-79.2234338917823, 43.8099868596607], [-79.2236423189083, 43.8100791030339], [-79.2237853537365, 43.8101500892825], [-79.223915944835, 43.8102190568768], [-79.2240482587943, 43.8102996657779], [-79.22421512146, 43.81039527313], [-79.2244081178905, 43.8105246078983], [-79.2245346702612, 43.8106149145335], [-79.2245447046725, 43.810622311181], [-79.2245176901637, 43.8106477731989], [-79.2244178284768, 43.8107428446047], [-79.224318672124, 43.8108383959722], [-79.224220173856, 43.8109342176847], [-79.2241221582496, 43.8110303556369], [-79.2240361097722, 43.8111241287965], [-79.2239506443606, 43.8112182719985], [-79.2238658109323, 43.8113126869648], [-79.2237818710365, 43.8114075263228], [-79.2236985255516, 43.811502646768], [-79.2236159249332, 43.81159804794], [-79.2235340795871, 43.8116938821635], [-79.2234528544046, 43.81178992585], [-79.2233724606003, 43.8118863938704], [-79.2232927242735, 43.8119830710367], [-79.2232137310394, 43.8120801729679], [-79.2231354699334, 43.8121774825076], [-79.2230579653011, 43.8122752269274], [-79.2230054489342, 43.8123422119143], [-79.2229811926, 43.8123731438415], [-79.2229051628252, 43.8124714495095], [-79.222829902887, 43.8125699912899], [-79.2227553385445, 43.8126688409585], [-79.2226815415756, 43.8127680518543], [-79.2226084895953, 43.8128674984804], [-79.2225362068361, 43.8129672442403], [-79.2224646433874, 43.813067253245], [-79.2223938111991, 43.8131675418882], [-79.2223237490142, 43.8132681035713], [-79.2222554257697, 43.8133687588938], [-79.2188902860673, 43.8181245863413], [-79.2183891120453, 43.8188328097001], [-79.2179780458338, 43.8194136810152], [-79.2177113063724, 43.8197905818581], [-79.2176704579359, 43.819848313228], [-79.2176316072245, 43.8198329331216], [-79.2173850324995, 43.8197343024699], [-79.2169297546367, 43.8195521723519], [-79.2160630716016, 43.8192262709204], [-79.2158695239381, 43.8191534931925], [-79.2157105412411, 43.8190900901955], [-79.2156034917987, 43.8190538201495], [-79.2155282920646, 43.8190176278958], [-79.215405820177, 43.8189623172427], [-79.215253835489, 43.818875880036], [-79.2150795834164, 43.8187767841124], [-79.2149308133816, 43.8186836935077], [-79.2137266987809, 43.8179302710971], [-79.2111781508727, 43.8163412867918], [-79.2093736910024, 43.8152036633462], [-79.206399280307, 43.8133477390974], [-79.2061490963722, 43.8132060847294], [-79.2057317336894, 43.8130024868355], [-79.2050692289619, 43.8125687169749], [-79.205032028006, 43.8125506186917], [-79.204994827073, 43.8125325203968], [-79.2049583957311, 43.812514424277], [-79.2049223510733, 43.8124963288188], [-79.2048867167117, 43.8124782343936], [-79.2048518621654, 43.8124556513012], [-79.2048173831054, 43.8124375506969], [-79.2047833121435, 43.8124149600878], [-79.2047499890594, 43.8123968722246], [-79.2047167014102, 43.8123742830995], [-79.2046845687706, 43.8123516968079], [-79.2046528227891, 43.8123291120814], [-79.2046214734071, 43.8123065290764], [-79.204590894911, 43.8122839464722], [-79.204560714229, 43.8122613665099], [-79.2045316898218, 43.812238788504], [-79.2045026995969, 43.8122117101191], [-79.2044744460425, 43.8121891343087], [-79.2044469974806, 43.8121620603296], [-79.2044203322042, 43.8121349878496], [-79.2043940523412, 43.8121079169188], [-79.2043654476573, 43.8120808391557], [-79.2043341308455, 43.8120492538652], [-79.2043032013204, 43.81202217106], [-79.2042730532193, 43.8119905888151], [-79.2042433029658, 43.8119590083135], [-79.2042142881499, 43.811931929468], [-79.2041860920169, 43.8119003526703], [-79.2041586530459, 43.8118687778628], [-79.2041316243732, 43.8118372040957], [-79.2041053665307, 43.8118056325347], [-79.2040799025503, 43.8117695617329], [-79.2040548134065, 43.8117379932245], [-79.2040308929309, 43.8117064277752], [-79.2040077420647, 43.8116748636144], [-79.2039845924651, 43.8116432994687], [-79.2039626332746, 43.8116072387165], [-79.2039414436931, 43.811571179254], [-79.2039206302019, 43.8115396212066], [-79.203900972916, 43.8115080669258], [-79.2038817240829, 43.8114720127512], [-79.2038636426663, 43.8114359616199], [-79.2038459373301, 43.8114044119049], [-79.2038290233739, 43.811368362915], [-79.2038128938765, 43.8113323172515], [-79.2037975227927, 43.8112962727045], [-79.2037829461337, 43.8112602307409], [-79.2037687561451, 43.8112241894522], [-79.2034975250743, 43.8106114107679], [-79.2034465848586, 43.8104964879812], [-79.2029761865785, 43.8094354216655], [-79.2028423973067, 43.8091470570104], [-79.2027617949413, 43.809003738976], [-79.2027275930589, 43.8089429100021], [-79.2025212101356, 43.8084936588951], [-79.2025070306876, 43.8084531256941], [-79.2024924430196, 43.8084170833784], [-79.2024767347624, 43.8083765378253], [-79.202460581978, 43.8083404915895], [-79.2024432949677, 43.8082999410007], [-79.2024256143801, 43.8082638905303], [-79.2024067734223, 43.8082233370953], [-79.202387163004, 43.8081827805542], [-79.2023671453389, 43.8081467239154], [-79.2023463432469, 43.8081106657351], [-79.2023243957363, 43.8080701039231], [-79.2023020410053, 43.8080340411127], [-79.2022789155481, 43.8079979760745], [-79.2022550424715, 43.8079574091606], [-79.2022303412227, 43.8079258409371], [-79.2022045164619, 43.8078852685125], [-79.2021782488869, 43.8078536963392], [-79.2021516410146, 43.8078131214834], [-79.2021203618463, 43.8077770361502], [-79.2020910451995, 43.8077364546689], [-79.2020620784067, 43.807700374195], [-79.2020339291553, 43.8076597957633], [-79.202006550689, 43.8076192195504], [-79.2019795576461, 43.8075786439941], [-79.2019537331721, 43.8075380724158], [-79.2019286795053, 43.8074975021579], [-79.2019040236845, 43.8074569327533], [-79.2018801498523, 43.8074163648459], [-79.2018570467691, 43.8073758000601], [-79.2018347157301, 43.8073352366158], [-79.2018131542212, 43.8072946753745], [-79.2017923978327, 43.8072496159846], [-79.2017720173886, 43.8072090571171], [-79.2017528274222, 43.8071640016653], [-79.2017343614453, 43.8071234486132], [-79.2017163044867, 43.8070828965935], [-79.2016994517, 43.8070378473057], [-79.2016829362951, 43.8069972988356], [-79.2016676250605, 43.8069522530981], [-79.2003650905359, 43.8040730084847], [-79.2003466512415, 43.8040324556112], [-79.2003289814562, 43.8039919040513], [-79.2003120948198, 43.8039513549204], [-79.2002959801746, 43.8039108071428], [-79.2002802617992, 43.8038702701067], [-79.2002660978345, 43.8038297188379], [-79.2002519333476, 43.8037891855663], [-79.2002389117837, 43.8037486378834], [-79.2002266865141, 43.8037081099454], [-79.2002152437073, 43.80366756552], [-79.2002049796787, 43.8036225423495], [-79.200194670655, 43.8035865103937], [-79.2001859250653, 43.803545982343], [-79.2001776117318, 43.8035009547841], [-79.20017004734, 43.8034604210293], [-79.2001632875699, 43.8034154071378], [-79.2001576623942, 43.8033748778198], [-79.2001482132139, 43.8033208557454], [-79.2001395254277, 43.8032713267709], [-79.2001316428067, 43.8032172996608], [-79.2001245405257, 43.8031587731236], [-79.2001181760287, 43.8031092510341], [-79.2001126306844, 43.8030552202253], [-79.200107843043, 43.803001210356], [-79.2001042576661, 43.8029426842973], [-79.2001010005833, 43.8028931787451], [-79.2000976311029, 43.8028661669928], [-79.2000939110292, 43.8028346443004], [-79.2000893855401, 43.802807628742], [-79.2000841126235, 43.8027761112979], [-79.2000780206249, 43.8027491007723], [-79.2000711597304, 43.8027220700298], [-79.2000631769703, 43.8026905459082], [-79.2000547495732, 43.8026635201978], [-79.2000455639259, 43.8026364924452], [-79.2000355951513, 43.8026094631586], [-79.2000248901706, 43.8025779312614], [-79.2000133685971, 43.8025509063209], [-79.2000010753528, 43.8025238710225], [-79.1999880117084, 43.8024968244858], [-79.1999741532454, 43.8024697933365], [-79.1997750094766, 43.8019832102139], [-79.1990835007207, 43.8002890733064], [-79.1989703653012, 43.8000258793371], [-79.1986457655435, 43.799270811486], [-79.1985393392904, 43.7990975647096], [-79.1982899695721, 43.7986958708379], [-79.197851811387, 43.7980030310488], [-79.1977843120986, 43.7978962969597], [-79.1977486802101, 43.7978377946964], [-79.1974961800169, 43.7974232725828], [-79.1973516003878, 43.7971780598954], [-79.1972214707409, 43.7969333883473], [-79.197184098324, 43.7968631528066], [-79.197138847267, 43.7967780530758], [-79.1970944538187, 43.7967126326067], [-79.1970837224819, 43.7966894166533], [-79.1970569614303, 43.7966315583496], [-79.1970132453738, 43.7965305220382], [-79.1974452214691, 43.7964691444844], [-79.2002617945379, 43.7960618749907], [-79.203165822532, 43.7956423869707], [-79.2063690255902, 43.7951774446593], [-79.2091590215771, 43.7947701036255], [-79.2134046012159, 43.7941531173329], [-79.2139102886549, 43.7940692152464], [-79.214432851514, 43.7939717972668], [-79.2148683016446, 43.793885871271], [-79.2153057877633, 43.7937919279548], [-79.2157250069358, 43.7936875947], [-79.2159713495192, 43.7936258922211], [-79.216352266876, 43.7935271242864], [-79.2168905358347, 43.7933726581197], [-79.2175539979742, 43.7931754736652], [-79.2182392649286, 43.7929460699897], [-79.2188783304475, 43.7927159905812], [-79.2194454142235, 43.792497827625], [-79.2199427899747, 43.7922891776312], [-79.2205622551101, 43.7920251601535], [-79.2210058292837, 43.7918117374785], [-79.2214031766425, 43.7916252400833], [-79.2217518502977, 43.7914466614787], [-79.2220399288862, 43.791317619656], [-79.2221252591765, 43.7912685549327], [-79.222226291996, 43.7912095639464], [-79.2223268535201, 43.7911502387046], [-79.2224267845831, 43.7910902462982], [-79.2225262076128, 43.79102990106], [-79.222625036309, 43.7909690954059], [-79.2228854703643, 43.7908116038226], [-79.2231465344551, 43.7906546985715], [-79.2234080553009, 43.7904981455602], [-79.2236702304626, 43.7903422404757], [-79.2239328738256, 43.7901868048492], [-79.2241961360857, 43.7900318284146], [-79.2244600516458, 43.7898773666246], [-79.2247243985246, 43.7897234448373], [-79.2249892765802, 43.7895700907116], [-79.2250863535469, 43.7895108988593], [-79.225186399503, 43.7894517503418], [-79.2252870762548, 43.7893930347056], [-79.2253880996264, 43.7893347790481], [-79.2254897538561, 43.7892770382033], [-79.2255242223223, 43.7892576781508], [-79.2255918038061, 43.7892196941715], [-79.2256944343918, 43.7891628821768], [-79.225797572915, 43.7891064129125], [-79.2259010821988, 43.7890505120397], [-79.226005222524, 43.7889950359386], [-79.2261097199741, 43.7889401271146], [-79.2262147131824, 43.7888855527233], [-79.2263201878631, 43.7888316276697], [-79.2264261953332, 43.7887780457243], [-79.2265326462114, 43.7887250134827], [-79.2266394928841, 43.7886724599763], [-79.226746847859, 43.7886203212233], [-79.2268545473697, 43.7885687135291], [-79.2269628902665, 43.7885175758036], [-79.227071430235, 43.7884669965582], [-79.227180525276, 43.7884169318271], [-79.2272900789966, 43.788367236955], [-79.2274000153307, 43.788318172767], [-79.227510433775, 43.7882695688355], [-79.2276212227388, 43.7882214162252], [-79.2277323941442, 43.7881738582782], [-79.2278743148452, 43.7881128349875], [-79.2280184850766, 43.7880519706574], [-79.2281630123459, 43.7879915474582], [-79.2283080097975, 43.7879317742269], [-79.2284534259877, 43.7878724151688], [-79.2285992867497, 43.7878137317889], [-79.2287454307683, 43.7877554631797], [-79.2288920449157, 43.7876977625979], [-79.2290390534503, 43.7876405856503], [-79.2291865197235, 43.7875839756344], [-79.2293342801782, 43.7875277895565], [-79.2294825115771, 43.7874722705526], [-79.229631099954, 43.787417237682], [-79.2297799332565, 43.7873627819449], [-79.22992927373, 43.7873087768501], [-79.2300790091769, 43.7872554025316], [-79.2302290903211, 43.7872025600846], [-79.2303794167554, 43.7871502407498], [-79.2305302382239, 43.7870984889104], [-79.2306813047501, 43.7870472682802], [-79.2318787263457, 43.7866444738862], [-79.2326496750598, 43.7864053013184], [-79.2346263128236, 43.7857920695884]]]]}"
18,Malvern West,145,19219,78,90,107,111,101,118,72,89,85,417.3131,485.0967,579.8829,595.3339,534.1089,617.058,375.4693,465.5542,442.2707,7,18,18,30,27,38,24,22,54,37.45118,97.01935,97.5504,160.901,142.7816,198.7136,125.1564,115.0808,115.0808,2,3,3,4,2,5,4,1,3,10.70034,16.16989,16.2584,21.45347,10.57642,26.14652,20.85941,5.230946,5.230946,34,21,24,12,31,29,11,14,8,181.9057,113.1892,130.0672,64.36042,163.9344,151.6498,57.36337,73.23325,41.62547,,,,,2,1,,2,,,,,,10.57642,5.229305,,10.46189,,15,20,32,31,21,25,7,20,13,80.25253,173.4229,166.2644,111.0524,130.7326,36.50396,104.6189,67.6414,107.7993,2,3,1,2,4,8,5,6,2,10.70034,16.16989,5.419466,10.72674,21.15283,41.83444,26.07426,31.38568,10.40637,39,32,38,41,42,45,31,24,39,208.6566,172.4789,205.9397,219.8981,222.1047,235.3187,161.6604,125.5427,202.9242,4,3,6,4,11,6,2,2,3,21.40067,16.16989,32.5168,21.45347,58.17028,31.37583,10.4297,10.46189,15.60955,"{'type': 'MultiPolygon', 'coordinates': [[[[-79.2178593998569, 43.8200395485826], [-79.217777319603, 43.8200302730206], [-79.2176632581511, 43.8200148784379], [-79.2175635056625, 43.8199991955723], [-79.2176704579359, 43.819848313228], [-79.2177113063724, 43.8197905818581], [-79.2179780458338, 43.8194136810152], [-79.2183891120453, 43.8188328097001], [-79.2188902860673, 43.8181245863413], [-79.2222554257697, 43.8133687588938], [-79.2223237490142, 43.8132681035713], [-79.2223938111991, 43.8131675418882], [-79.2224646433874, 43.813067253245], [-79.2225362068361, 43.8129672442403], [-79.2226084895953, 43.8128674984804], [-79.2226815415756, 43.8127680518543], [-79.2227553385445, 43.8126688409585], [-79.222829902887, 43.8125699912899], [-79.2229051628252, 43.8124714495095], [-79.2229811926, 43.8123731438415], [-79.2230054489342, 43.8123422119143], [-79.2230579653011, 43.8122752269274], [-79.2231354699334, 43.8121774825076], [-79.2232137310394, 43.8120801729679], [-79.2232927242735, 43.8119830710367], [-79.2233724606003, 43.8118863938704], [-79.2234528544046, 43.81178992585], [-79.2235340795871, 43.8116938821635], [-79.2236159249332, 43.81159804794], [-79.2236985255516, 43.811502646768], [-79.2237818710365, 43.8114075263228], [-79.2238658109323, 43.8113126869648], [-79.2239506443606, 43.8112182719985], [-79.2240361097722, 43.8111241287965], [-79.2241221582496, 43.8110303556369], [-79.224220173856, 43.8109342176847], [-79.224318672124, 43.8108383959722], [-79.2244178284768, 43.8107428446047], [-79.2245176901637, 43.8106477731989], [-79.2245447046725, 43.810622311181], [-79.2245346702612, 43.8106149145335], [-79.2244081178905, 43.8105246078983], [-79.22421512146, 43.81039527313], [-79.2240482587943, 43.8102996657779], [-79.223915944835, 43.8102190568768], [-79.2237853537365, 43.8101500892825], [-79.2236423189083, 43.8100791030339], [-79.2234338917823, 43.8099868596607], [-79.2232181199368, 43.8098890806037], [-79.222816139894, 43.8097084526543], [-79.2225134884306, 43.8095702450961], [-79.2221357406118, 43.80939975527], [-79.2219224009821, 43.8093038240382], [-79.2217564653735, 43.8092296113689], [-79.2216621461371, 43.8091826119968], [-79.2216237899767, 43.8091634990216], [-79.2214960310897, 43.8091202890453], [-79.2213845485683, 43.8090650027418], [-79.2212556620719, 43.8090076482529], [-79.2211191217891, 43.8089364043053], [-79.2210200063058, 43.8088867465852], [-79.2209211643578, 43.8088262067534], [-79.2208235417973, 43.8087761921563], [-79.2206774004179, 43.8086903059305], [-79.2205659226933, 43.8086158195673], [-79.2204606842214, 43.8085519158977], [-79.2203583557129, 43.80847175369], [-79.2202557406164, 43.8084024633072], [-79.2201460667708, 43.8083167564002], [-79.2200321528582, 43.8082212008895], [-79.2199448139934, 43.8081412556278], [-79.2198375847697, 43.8080381996046], [-79.2197434606352, 43.8079501811564], [-79.2196481056494, 43.8078516281134], [-79.2195371185932, 43.8077205965999], [-79.2194714537902, 43.8076333590536], [-79.2189542693688, 43.8069468701369], [-79.2186575112595, 43.8065455987326], [-79.2185254206427, 43.8063809228536], [-79.2181578075807, 43.8058803832286], [-79.2177592809542, 43.8053580188648], [-79.2176971786097, 43.8052675846325], [-79.2176206726299, 43.8051743956454], [-79.2175502011077, 43.8050798358583], [-79.217485843755, 43.8049803050732], [-79.217470067584, 43.8049495447345], [-79.217424032813, 43.8048597886996], [-79.2173707062105, 43.8047589794627], [-79.2173266074336, 43.8046488684701], [-79.2172851432478, 43.8045333621738], [-79.2172532020631, 43.8044361161589], [-79.2172252254015, 43.8043596007329], [-79.2172133519217, 43.8042974542665], [-79.2172101437263, 43.8042477509755], [-79.2171994877609, 43.8041961217398], [-79.2171948684578, 43.8041239395689], [-79.2171770689126, 43.8040403106965], [-79.2171746972718, 43.8039580165019], [-79.217166592128, 43.8038661943313], [-79.2171674199822, 43.8037567518855], [-79.2171750571426, 43.8036554001132], [-79.2171989725501, 43.8035227383072], [-79.2172108474486, 43.8034504344494], [-79.2172203972039, 43.803412328824], [-79.217230327602, 43.8033727939578], [-79.2172602038703, 43.8032808315315], [-79.2172890082746, 43.8031710710951], [-79.2173377062648, 43.8030460312525], [-79.2173898790356, 43.8029406222024], [-79.2174371729884, 43.8028315103443], [-79.2175476681582, 43.8026156938023], [-79.2177541490521, 43.8021849243799], [-79.2178027504461, 43.802082719631], [-79.217865955422, 43.8019567875749], [-79.2180744946434, 43.801523151357], [-79.2181458948271, 43.8013509557097], [-79.2182103148109, 43.80123557665], [-79.2182520356933, 43.8011481167899], [-79.2182657640903, 43.801080183251], [-79.2182854358566, 43.8010145050664], [-79.2183061690996, 43.8009474082508], [-79.2183225454616, 43.8008740714961], [-79.2183381707308, 43.8007912908151], [-79.2183512390317, 43.8007103033987], [-79.2183641407684, 43.8006173538505], [-79.218367323262, 43.8005325802062], [-79.218375992428, 43.8004489896609], [-79.2183742792972, 43.8003797402774], [-79.2183722831629, 43.8003021545134], [-79.2183658829313, 43.8002411649066], [-79.218360121611, 43.8001740294744], [-79.2183519996731, 43.8001014154312], [-79.2183502862994, 43.8000321750435], [-79.2183289861564, 43.7999289150968], [-79.218312028746, 43.7998511041232], [-79.2182943035439, 43.7997830654275], [-79.2182618819941, 43.7996847298944], [-79.2182338858919, 43.799588987985], [-79.2181958234163, 43.7994775226898], [-79.2181458763814, 43.799361528679], [-79.2181013823084, 43.7992274908604], [-79.2178869949636, 43.7986527445855], [-79.2178120067659, 43.7984631575269], [-79.2176690562448, 43.7981310135233], [-79.2182288718679, 43.7980063705608], [-79.2230379300927, 43.7970460041277], [-79.2275459868733, 43.796156735758], [-79.2291654898404, 43.7958458515769], [-79.2294450557304, 43.7957921827207], [-79.2300117969696, 43.7956674982599], [-79.2303250228509, 43.7956033489294], [-79.2321845514671, 43.7952225173801], [-79.2349347637084, 43.7946708140793], [-79.2387561820637, 43.7938784312219], [-79.2388242631713, 43.7939415950578], [-79.2389230442713, 43.7940858381394], [-79.2391269643579, 43.7943473282376], [-79.2393556995654, 43.7946178834798], [-79.2394661389122, 43.794762153567], [-79.2394869703631, 43.7947982055379], [-79.239683364334, 43.7951857017822], [-79.2398427038421, 43.7955191154444], [-79.2399156194222, 43.7957263070407], [-79.240206528223, 43.7964309288965], [-79.2402392410504, 43.7965101417358], [-79.2404021903948, 43.7969065699616], [-79.2407557592331, 43.7977714721101], [-79.2408908458164, 43.7981498161994], [-79.2409647127039, 43.7983481531042], [-79.2410451778764, 43.7985642089692], [-79.2410836358896, 43.798654307161], [-79.2411805583337, 43.7990595775682], [-79.2413752667039, 43.7998521258673], [-79.2416509784693, 43.8009689071476], [-79.2418544823714, 43.8017074670797], [-79.2419188227964, 43.8019236486476], [-79.2420209457235, 43.8022029138903], [-79.2421306586529, 43.8024806211301], [-79.2422058156633, 43.8026295973958], [-79.2426565117809, 43.803626559773], [-79.2429590164695, 43.8042753297498], [-79.2431452050489, 43.8046988094884], [-79.243392243017, 43.8052394406838], [-79.2435299949699, 43.805545796741], [-79.2435975810875, 43.8057259702825], [-79.2436675434465, 43.8058971487607], [-79.2437467121889, 43.806095349961], [-79.2438288339464, 43.8063295723146], [-79.2438848147189, 43.8065007194109], [-79.2439200601312, 43.806617812285], [-79.2439399100875, 43.8066988664711], [-79.2439565771819, 43.8067979168169], [-79.243969430774, 43.8068789553009], [-79.2439815136214, 43.8069599927408], [-79.2439828488083, 43.8070140017519], [-79.2439886908452, 43.8071040261373], [-79.2439889614162, 43.8072210505224], [-79.2439885389881, 43.8073200614893], [-79.2439811952777, 43.8074010461472], [-79.2439768951151, 43.8075000578369], [-79.2439719645116, 43.8075630543067], [-79.2439561335589, 43.8076350282315], [-79.2439449120541, 43.8077160127065], [-79.2439314308475, 43.8077789902966], [-79.2439218407494, 43.8078419763701], [-79.2439051489338, 43.8079319506206], [-79.2438917188239, 43.8079859271574], [-79.2438782762614, 43.8080399035007], [-79.2438639465929, 43.8081208816054], [-79.2438481541432, 43.8081838533684], [-79.2438449311178, 43.8082108498391], [-79.2438158373286, 43.8082917945783], [-79.2438046917786, 43.8083547774362], [-79.2437724260252, 43.8084537166841], [-79.2437487746754, 43.8085346739313], [-79.2437204625412, 43.8086156207529], [-79.2437007410444, 43.8086875852452], [-79.2436654308384, 43.808768516314], [-79.2436387503565, 43.8088314548213], [-79.2436174998233, 43.8088944146695], [-79.2435892385724, 43.8089663604054], [-79.2435680267301, 43.8090203199078], [-79.243542937326, 43.8090742702152], [-79.24352172667, 43.8091282288259], [-79.2435059586981, 43.8091821999774], [-79.243476208401, 43.8092361398383], [-79.2434526464181, 43.8092990947276], [-79.2434329759134, 43.8093530571901], [-79.2434156662077, 43.8094070253323], [-79.2433953025226, 43.8094429842753], [-79.2433779427438, 43.8095059525702], [-79.2433630730391, 43.8095329230173], [-79.2433418996624, 43.809577880334], [-79.2433183638019, 43.8096318346645], [-79.2433033787389, 43.8096858070164], [-79.2432822054975, 43.8097307562196], [-79.2432664759794, 43.809775726995], [-79.2432413471192, 43.8098386775507], [-79.2432185429938, 43.8099016341338], [-79.2431950066226, 43.8099555974316], [-79.2431722260389, 43.8100185534657], [-79.2431533895599, 43.810063516965], [-79.2431329212588, 43.8101264788336], [-79.2430811489671, 43.8102433763625], [-79.2430497282452, 43.8103243157077], [-79.2430214142489, 43.8104052623018], [-79.2430016012659, 43.8104952198963], [-79.2429779614181, 43.8105761852352], [-79.2429558231961, 43.8106661466769], [-79.242941544138, 43.81073812358], [-79.2429326441317, 43.8108191139022], [-79.2429144625094, 43.8108910812041], [-79.2429072067835, 43.8109540724466], [-79.2428991288518, 43.8110260636748], [-79.2428870452818, 43.8111250482996], [-79.2428766436995, 43.8111970335004], [-79.2428692723133, 43.811287028439], [-79.2428658287222, 43.8113680306351], [-79.2428585604437, 43.8114310216765], [-79.2428520376837, 43.8115030161049], [-79.2428485816197, 43.8115840181059], [-79.2428451267857, 43.8116650201247], [-79.2428340529918, 43.8117460148104], [-79.2428334882509, 43.8117501360885], [-79.2428288518227, 43.811796346125], [-79.242825799419, 43.8118269970455], [-79.242829381771, 43.8118990136269], [-79.2428399487326, 43.811971046691], [-79.2428420022971, 43.812034058641], [-79.2428502332063, 43.8121060863876], [-79.2428578210727, 43.8121511176743], [-79.2428668077887, 43.8122321390597], [-79.2428835510191, 43.8123131860945], [-79.242887968457, 43.8123672028575], [-79.2428962885214, 43.812421228318], [-79.2429246145864, 43.8125203040653], [-79.2429436825935, 43.8126013661317], [-79.2429612092666, 43.812682415295], [-79.2429896890159, 43.8127454779837], [-79.2430212266313, 43.8128175580006], [-79.2430450451921, 43.812880619223], [-79.2430795868613, 43.8129797085741], [-79.2414000340269, 43.8133179899653], [-79.2397538103031, 43.8136743153637], [-79.2378883261432, 43.8140661095904], [-79.237140259284, 43.8142264200886], [-79.2356581024322, 43.8145380666002], [-79.2341696626613, 43.8148586813821], [-79.2323553281545, 43.8152595048137], [-79.2315038048114, 43.8154375390278], [-79.2298123635513, 43.8158026250386], [-79.2280905660234, 43.8161766140331], [-79.227882807123, 43.8162183801297], [-79.2276037659024, 43.8162744758645], [-79.2259798869697, 43.8166396752109], [-79.2243100272641, 43.8169356030717], [-79.2240420638552, 43.8169116607502], [-79.2222338757443, 43.8171950186406], [-79.2213793131811, 43.8176534168102], [-79.2212542265652, 43.8177291166092], [-79.2211988558152, 43.8178017915605], [-79.221172290233, 43.8178819449888], [-79.2211259202937, 43.8179998537372], [-79.2210426124286, 43.8181776114745], [-79.2209365679383, 43.8184911578323], [-79.2208999757753, 43.8187462582125], [-79.220917708989, 43.818963669061], [-79.2209728877603, 43.8192236918366], [-79.2210422010439, 43.8195503939148], [-79.2210754094621, 43.8197069138523], [-79.2194694769466, 43.8198989189277], [-79.2189700366835, 43.8199601956635], [-79.2188757319263, 43.8199866160144], [-79.2187419905036, 43.8200134964779], [-79.2186347875828, 43.8200172659355], [-79.218488582692, 43.8200300024818], [-79.2183660526964, 43.8200387736927], [-79.2182867150109, 43.8200385871913], [-79.2182004563937, 43.8200323251071], [-79.2181126848728, 43.8200492470669], [-79.218033342319, 43.8200500597142], [-79.2179498180237, 43.8200518695069], [-79.2178593998569, 43.8200395485826]]]]}"
19,Morningside Heights,144,27737,103,121,90,105,110,113,82,86,101,389.2374,457.9864,340.2518,392.3767,404.4266,410.9091,297.1984,312.2617,364.1346,31,24,16,25,47,57,43,76,124,117.1491,90.84027,60.48921,93.42302,172.8005,207.2727,155.8479,275.9522,275.9522,3,3,1,1,2,1,,4,2,11.33701,11.35503,3.780576,3.736921,7.353211,3.636364,,14.5238,14.5238,40,40,42,30,45,36,19,25,24,151.1602,151.4005,158.7842,112.1076,165.4473,130.9091,68.86304,90.77376,86.52702,1,,,4,,,,2,,3.779003855,,,15,,,,7.2619,,15,27,26,24,18,12,18,12,27,56.68506,98.29496,89.6861,66.1789,43.63636,65.23866,43.5714,97.3429,102.1953,2,5,5,8,2,3,4,3,2,7.558008,18.92506,18.90288,29.89537,7.353211,10.90909,14.49748,10.89285,7.210585,43,41,41,67,52,47,76,56,43,162.4972,155.1855,155.0036,250.3737,191.1835,170.9091,275.4521,203.3332,155.0276,7,6,11,7,11,9,7,7,14,26.45303,22.71007,41.58633,26.15845,40.44267,32.72727,25.37059,25.41665,50.47409,"{'type': 'MultiPolygon', 'coordinates': [[[[-79.1548007740545, 43.8210657487267], [-79.1540447542288, 43.8194431229993], [-79.1531184396112, 43.8174239541097], [-79.1527991678542, 43.8167298739113], [-79.1526856833394, 43.8163334805059], [-79.1525883012732, 43.8159731321593], [-79.1525258354029, 43.815756916171], [-79.152410371352, 43.8154325165452], [-79.1522621873549, 43.8149910026616], [-79.1521613235234, 43.8146936507069], [-79.1520864810348, 43.8145434647703], [-79.1517947969056, 43.8140991555117], [-79.1517460263275, 43.8139932890758], [-79.1511962909338, 43.8128001817882], [-79.1513561900744, 43.8127639996691], [-79.1557478405146, 43.811770332342], [-79.1557782432477, 43.8117660674025], [-79.1561237604812, 43.8117176369901], [-79.1564410272628, 43.8116731713505], [-79.1564761338398, 43.811646265122], [-79.1564923394302, 43.8116316778616], [-79.1565159789649, 43.8116103804125], [-79.156575161321, 43.811583554704], [-79.1566576355579, 43.8115658004516], [-79.1579940239969, 43.8112727529601], [-79.1598243272404, 43.8108641292149], [-79.1598859688729, 43.8108504686585], [-79.1608261741396, 43.8106420607252], [-79.161388534876, 43.8105177128107], [-79.1617128884703, 43.810446655338], [-79.161947798092, 43.8103933438002], [-79.1621298815961, 43.8103398761875], [-79.1622628796883, 43.8103132661354], [-79.1623617337911, 43.8102775443144], [-79.1624131062294, 43.8102596944029], [-79.1624676874135, 43.8102238510367], [-79.1626407408097, 43.8101163480509], [-79.1627109212152, 43.8100715501381], [-79.1627585678316, 43.8100266761358], [-79.1628053289843, 43.8099998104056], [-79.162874612852, 43.8099730115017], [-79.1629290928318, 43.8099551708091], [-79.1629990579534, 43.8099463756029], [-79.1630643114379, 43.8099465676356], [-79.1631521373389, 43.8099378254092], [-79.1635405653905, 43.8099389610204], [-79.1636780590384, 43.8099393657889], [-79.1637946334729, 43.809930707883], [-79.1638816389395, 43.8099309636253], [-79.1639764625988, 43.8099222413887], [-79.1640712738061, 43.8099135188732], [-79.1641583287703, 43.8099047733879], [-79.1642399905394, 43.8098870113958], [-79.1643185579836, 43.8098692401443], [-79.1643932342425, 43.8098514567409], [-79.1657416734835, 43.8095301451983], [-79.1658687219685, 43.8094773645537], [-79.1659424472206, 43.8094316833763], [-79.1660128258016, 43.809370798948], [-79.1660803940052, 43.8092767819824], [-79.1662002040842, 43.8090553083034], [-79.1662373577543, 43.8090659661792], [-79.1663435671421, 43.8090902645011], [-79.1664410643896, 43.809105724515], [-79.1665388950201, 43.809125893284], [-79.1666461323542, 43.8091331819858], [-79.1667363008328, 43.8091430679537], [-79.1668482004883, 43.8091457250881], [-79.1669603437194, 43.80915578249], [-79.1671110674438, 43.8091570940653], [-79.1672525539655, 43.8091542479539], [-79.1674350690784, 43.8091402515281], [-79.168328999408, 43.8089358059333], [-79.1708146010416, 43.8083848424154], [-79.170997589775, 43.8083452064714], [-79.1738983311469, 43.8077081672392], [-79.1755519411824, 43.8073452328442], [-79.1785232180049, 43.8067035866485], [-79.1802056301514, 43.8063408899308], [-79.1803969205456, 43.8062966451183], [-79.1827414900667, 43.8057990345608], [-79.1835564327173, 43.8056230628083], [-79.1852112507457, 43.8052657067231], [-79.1866121917556, 43.8049856253331], [-79.1873645295305, 43.8048034961044], [-79.1879859912892, 43.8046431567259], [-79.1885085373947, 43.8045365594442], [-79.1901571694218, 43.8041719592951], [-79.1896354266734, 43.8030130810444], [-79.1887889676754, 43.8011328674012], [-79.1885920298339, 43.8006751546126], [-79.188318801678, 43.8000408302064], [-79.1874848708133, 43.7981047517567], [-79.1874141344945, 43.7979405044167], [-79.1877808168204, 43.7978857986856], [-79.1923796934676, 43.7971994940166], [-79.1935389598927, 43.7970336569664], [-79.1953459244862, 43.7967732696375], [-79.1970132453738, 43.7965305220382], [-79.1970569614303, 43.7966315583496], [-79.1970837224819, 43.7966894166533], [-79.1970944538187, 43.7967126326067], [-79.197138847267, 43.7967780530758], [-79.197184098324, 43.7968631528066], [-79.1972214707409, 43.7969333883473], [-79.1973516003878, 43.7971780598954], [-79.1974961800169, 43.7974232725828], [-79.1977486802101, 43.7978377946964], [-79.1977843120986, 43.7978962969597], [-79.197851811387, 43.7980030310488], [-79.1982899695721, 43.7986958708379], [-79.1985393392904, 43.7990975647096], [-79.1986457655435, 43.799270811486], [-79.1989703653012, 43.8000258793371], [-79.1990835007207, 43.8002890733064], [-79.1997750094766, 43.8019832102139], [-79.1999741532454, 43.8024697933365], [-79.1999880117084, 43.8024968244858], [-79.2000010753528, 43.8025238710225], [-79.2000133685971, 43.8025509063209], [-79.2000248901706, 43.8025779312614], [-79.2000355951513, 43.8026094631586], [-79.2000455639259, 43.8026364924452], [-79.2000547495732, 43.8026635201978], [-79.2000631769703, 43.8026905459082], [-79.2000711597304, 43.8027220700298], [-79.2000780206249, 43.8027491007723], [-79.2000841126235, 43.8027761112979], [-79.2000893855401, 43.802807628742], [-79.2000939110292, 43.8028346443004], [-79.2000976311029, 43.8028661669928], [-79.2001010005833, 43.8028931787451], [-79.2001042576661, 43.8029426842973], [-79.200107843043, 43.803001210356], [-79.2001126306844, 43.8030552202253], [-79.2001181760287, 43.8031092510341], [-79.2001245405257, 43.8031587731236], [-79.2001316428067, 43.8032172996608], [-79.2001395254277, 43.8032713267709], [-79.2001482132139, 43.8033208557454], [-79.2001576623942, 43.8033748778198], [-79.2001632875699, 43.8034154071378], [-79.20017004734, 43.8034604210293], [-79.2001776117318, 43.8035009547841], [-79.2001859250653, 43.803545982343], [-79.200194670655, 43.8035865103937], [-79.2002049796787, 43.8036225423495], [-79.2002152437073, 43.80366756552], [-79.2002266865141, 43.8037081099454], [-79.2002389117837, 43.8037486378834], [-79.2002519333476, 43.8037891855663], [-79.2002660978345, 43.8038297188379], [-79.2002802617992, 43.8038702701067], [-79.2002959801746, 43.8039108071428], [-79.2003120948198, 43.8039513549204], [-79.2003289814562, 43.8039919040513], [-79.2003466512415, 43.8040324556112], [-79.2003650905359, 43.8040730084847], [-79.2016676250605, 43.8069522530981], [-79.2016829362951, 43.8069972988356], [-79.2016994517, 43.8070378473057], [-79.2017163044867, 43.8070828965935], [-79.2017343614453, 43.8071234486132], [-79.2017528274222, 43.8071640016653], [-79.2017720173886, 43.8072090571171], [-79.2017923978327, 43.8072496159846], [-79.2018131542212, 43.8072946753745], [-79.2018347157301, 43.8073352366158], [-79.2018570467691, 43.8073758000601], [-79.2018801498523, 43.8074163648459], [-79.2019040236845, 43.8074569327533], [-79.2019286795053, 43.8074975021579], [-79.2019537331721, 43.8075380724158], [-79.2019795576461, 43.8075786439941], [-79.202006550689, 43.8076192195504], [-79.2020339291553, 43.8076597957633], [-79.2020620784067, 43.807700374195], [-79.2020910451995, 43.8077364546689], [-79.2021203618463, 43.8077770361502], [-79.2021516410146, 43.8078131214834], [-79.2021782488869, 43.8078536963392], [-79.2022045164619, 43.8078852685125], [-79.2022303412227, 43.8079258409371], [-79.2022550424715, 43.8079574091606], [-79.2022789155481, 43.8079979760745], [-79.2023020410053, 43.8080340411127], [-79.2023243957363, 43.8080701039231], [-79.2023463432469, 43.8081106657351], [-79.2023671453389, 43.8081467239154], [-79.202387163004, 43.8081827805542], [-79.2024067734223, 43.8082233370953], [-79.2024256143801, 43.8082638905303], [-79.2024432949677, 43.8082999410007], [-79.202460581978, 43.8083404915895], [-79.2024767347624, 43.8083765378253], [-79.2024924430196, 43.8084170833784], [-79.2025070306876, 43.8084531256941], [-79.2025212101356, 43.8084936588951], [-79.2027275930589, 43.8089429100021], [-79.2027617949413, 43.809003738976], [-79.2028423973067, 43.8091470570104], [-79.2029761865785, 43.8094354216655], [-79.2034465848586, 43.8104964879812], [-79.2034975250743, 43.8106114107679], [-79.2037687561451, 43.8112241894522], [-79.2037829461337, 43.8112602307409], [-79.2037975227927, 43.8112962727045], [-79.2038128938765, 43.8113323172515], [-79.2038290233739, 43.811368362915], [-79.2038459373301, 43.8114044119049], [-79.2038636426663, 43.8114359616199], [-79.2038817240829, 43.8114720127512], [-79.203900972916, 43.8115080669258], [-79.2039206302019, 43.8115396212066], [-79.2039414436931, 43.811571179254], [-79.2039626332746, 43.8116072387165], [-79.2039845924651, 43.8116432994687], [-79.2040077420647, 43.8116748636144], [-79.2040308929309, 43.8117064277752], [-79.2040548134065, 43.8117379932245], [-79.2040799025503, 43.8117695617329], [-79.2041053665307, 43.8118056325347], [-79.2041316243732, 43.8118372040957], [-79.2041586530459, 43.8118687778628], [-79.2041860920169, 43.8119003526703], [-79.2042142881499, 43.811931929468], [-79.2042433029658, 43.8119590083135], [-79.2042730532193, 43.8119905888151], [-79.2043032013204, 43.81202217106], [-79.2043341308455, 43.8120492538652], [-79.2043654476573, 43.8120808391557], [-79.2043940523412, 43.8121079169188], [-79.2044203322042, 43.8121349878496], [-79.2044469974806, 43.8121620603296], [-79.2044744460425, 43.8121891343087], [-79.2045026995969, 43.8122117101191], [-79.2045316898218, 43.812238788504], [-79.204560714229, 43.8122613665099], [-79.204590894911, 43.8122839464722], [-79.2046214734071, 43.8123065290764], [-79.2046528227891, 43.8123291120814], [-79.2046845687706, 43.8123516968079], [-79.2047167014102, 43.8123742830995], [-79.2047499890594, 43.8123968722246], [-79.2047833121435, 43.8124149600878], [-79.2048173831054, 43.8124375506969], [-79.2048518621654, 43.8124556513012], [-79.2048867167117, 43.8124782343936], [-79.2049223510733, 43.8124963288188], [-79.2049583957311, 43.812514424277], [-79.204994827073, 43.8125325203968], [-79.205032028006, 43.8125506186917], [-79.2050692289619, 43.8125687169749], [-79.2057317336894, 43.8130024868355], [-79.2061490963722, 43.8132060847294], [-79.206399280307, 43.8133477390974], [-79.2093736910024, 43.8152036633462], [-79.2111781508727, 43.8163412867918], [-79.2137266987809, 43.8179302710971], [-79.2149308133816, 43.8186836935077], [-79.2150795834164, 43.8187767841124], [-79.215253835489, 43.818875880036], [-79.215405820177, 43.8189623172427], [-79.2155282920646, 43.8190176278958], [-79.2156034917987, 43.8190538201495], [-79.2157105412411, 43.8190900901955], [-79.2158695239381, 43.8191534931925], [-79.2160630716016, 43.8192262709204], [-79.2169297546367, 43.8195521723519], [-79.2173850324995, 43.8197343024699], [-79.2176316072245, 43.8198329331216], [-79.2176704579359, 43.819848313228], [-79.2175635056625, 43.8199991955723], [-79.2176632581511, 43.8200148784379], [-79.217777319603, 43.8200302730206], [-79.2178593998569, 43.8200395485826], [-79.2179498180237, 43.8200518695069], [-79.218033342319, 43.8200500597142], [-79.2181126848728, 43.8200492470669], [-79.2182004563937, 43.8200323251071], [-79.2182867150109, 43.8200385871913], [-79.2183660526964, 43.8200387736927], [-79.218488582692, 43.8200300024818], [-79.2186347875828, 43.8200172659355], [-79.2187419905036, 43.8200134964779], [-79.2188757319263, 43.8199866160144], [-79.2189700366835, 43.8199601956635], [-79.2194694769466, 43.8198989189277], [-79.2210754094621, 43.8197069138523], [-79.2209728877603, 43.8192236918366], [-79.220917708989, 43.818963669061], [-79.2208999757753, 43.8187462582125], [-79.2209365679383, 43.8184911578323], [-79.2210426124286, 43.8181776114745], [-79.2211259202937, 43.8179998537372], [-79.221172290233, 43.8178819449888], [-79.2211988558152, 43.8178017915605], [-79.2212542265652, 43.8177291166092], [-79.2213793131811, 43.8176534168102], [-79.2222338757443, 43.8171950186406], [-79.2240420638552, 43.8169116607502], [-79.2243100272641, 43.8169356030717], [-79.2259798869697, 43.8166396752109], [-79.2276037659024, 43.8162744758645], [-79.2280905660234, 43.8161766140331], [-79.2298123635513, 43.8158026250386], [-79.2315038048114, 43.8154375390278], [-79.2323553281545, 43.8152595048137], [-79.2341696626613, 43.8148586813821], [-79.2356581024322, 43.8145380666002], [-79.237140259284, 43.8142264200886], [-79.2378883261432, 43.8140661095904], [-79.2397538103031, 43.8136743153637], [-79.2414000340269, 43.8133179899653], [-79.2430795868613, 43.8129797085741], [-79.2434140897732, 43.8137905592409], [-79.2438201679848, 43.8147635892563], [-79.2443124529597, 43.8159348255283], [-79.2448725514966, 43.8172412362689], [-79.2452534510534, 43.8181152005706], [-79.2454627780666, 43.8185927340253], [-79.2458143868929, 43.8194216263558], [-79.2460476364127, 43.8199442171939], [-79.2461906320279, 43.8202475742522], [-79.2463194844173, 43.8205208904578], [-79.2466589898527, 43.8212687336294], [-79.2469576203358, 43.8219444859727], [-79.2470099259672, 43.8220790155831], [-79.2470568069784, 43.8221967359268], [-79.2472630420866, 43.8226742498837], [-79.2476108085219, 43.8234941177699], [-79.2478038486474, 43.8239716011473], [-79.2478202116491, 43.8240065880226], [-79.2483137082601, 43.8250618468247], [-79.2489872561017, 43.8265935121025], [-79.2493073031955, 43.8273218978779], [-79.249513791076, 43.8277918113576], [-79.2497616136898, 43.8283684228191], [-79.250142716977, 43.8292243590653], [-79.2504869446743, 43.8299812019512], [-79.2506309189223, 43.8303055545074], [-79.250720025517, 43.8305577789929], [-79.250761835853, 43.8307828969268], [-79.2508751600002, 43.8313772156114], [-79.2509371245565, 43.8318004096762], [-79.2509701901736, 43.8324485591749], [-79.2510039385226, 43.83312372174], [-79.2510237766099, 43.8334604592592], [-79.2510511284889, 43.83392492876], [-79.251111718156, 43.8352482359733], [-79.2511647666071, 43.8361394836606], [-79.2511923554135, 43.8366076084163], [-79.2494745280695, 43.8370359247136], [-79.2484935800868, 43.8372498050014], [-79.2457488748905, 43.8378918347667], [-79.2452836314237, 43.8380003872323], [-79.2451977924814, 43.8380204118389], [-79.2418511007427, 43.8388012144042], [-79.2394572887692, 43.8393511657679], [-79.2392517593003, 43.8393983843046], [-79.2372217951744, 43.839879783437], [-79.2368495939533, 43.8399675872775], [-79.2345009503199, 43.8405215259021], [-79.2322013881714, 43.8410693022325], [-79.2297391005067, 43.8416626259862], [-79.2287471846041, 43.8418853382626], [-79.2282749352358, 43.8419922558704], [-79.2278174702038, 43.8420992072751], [-79.2266963957788, 43.842339596188], [-79.2258675798075, 43.8425250037107], [-79.2253426533206, 43.8426424311482], [-79.2234403520123, 43.8430699570657], [-79.2204090632886, 43.8437377325244], [-79.2191333826692, 43.8440249152505], [-79.2171441622784, 43.8444678385279], [-79.214841783681, 43.8449752041111], [-79.212636564227, 43.8454737665629], [-79.2119921542363, 43.8456172228337], [-79.2115969826537, 43.8457051843112], [-79.2104142389764, 43.8459632417014], [-79.2101261229381, 43.8460276244528], [-79.2092991489058, 43.8462124487106], [-79.2073351319174, 43.8466395045835], [-79.204500958529, 43.847262311726], [-79.2005780357066, 43.8481979850555], [-79.2001233193519, 43.8483155071606], [-79.1993735753316, 43.848501389622], [-79.1992785877449, 43.8485242723401], [-79.198932019597, 43.8486077446915], [-79.1983303198314, 43.8487378252667], [-79.1968211698576, 43.8490844854867], [-79.1950346992597, 43.8495028796945], [-79.193299016119, 43.849927872564], [-79.1919231650187, 43.8502650053532], [-79.1913469209392, 43.8504043798417], [-79.189897308008, 43.8507549799866], [-79.1897407013163, 43.8507935476314], [-79.1863889179178, 43.8516190382239], [-79.186012339012, 43.8517116322561], [-79.1852619939228, 43.8518961418798], [-79.1824034100569, 43.8525989831993], [-79.1814476401034, 43.8528339504907], [-79.1800264565007, 43.8531774469066], [-79.1775780798438, 43.8537639764427], [-79.1769503877092, 43.8539143303701], [-79.1766284436214, 43.8539893889449], [-79.1761496232826, 43.8541010140833], [-79.1711447965186, 43.8552676571678], [-79.1702947000998, 43.8554658142384], [-79.1674601640526, 43.849255733342], [-79.1674427894368, 43.8492175280564], [-79.1668554159736, 43.8479582090841], [-79.1665934542059, 43.8473965725091], [-79.1662230149827, 43.846594973418], [-79.1659096410717, 43.8459168375646], [-79.1652870133609, 43.8444880794381], [-79.1649550402897, 43.8437262024377], [-79.1647803592081, 43.8433370976495], [-79.1625036194793, 43.8382502010586], [-79.162470301537, 43.8381781750131], [-79.1620637754774, 43.8372992354318], [-79.1619934557827, 43.8371472150502], [-79.1616981765516, 43.8364923331918], [-79.1615696062973, 43.8362071685316], [-79.1609547747051, 43.8348517931422], [-79.160790795974, 43.8344879785372], [-79.1607000104027, 43.8342927365841], [-79.1604998787127, 43.8338623774733], [-79.1604332932152, 43.8337107997368], [-79.1604061640036, 43.8336490620431], [-79.1599813112489, 43.8326820291045], [-79.1598633555607, 43.8324135539976], [-79.1595664161877, 43.8317375089591], [-79.1589004200298, 43.8302233430901], [-79.1580293891497, 43.8282764991233], [-79.1567841805017, 43.8254644218427], [-79.1558933756707, 43.8234689847393], [-79.1555006393141, 43.8225891702818], [-79.1548007740545, 43.8210657487267]]]]}"
20,West Rouge,143,22165,84,60,61,90,86,75,66,66,61,399.4294,285.6599,290.3379,422.7734,397.6143,342.2626,299.8501,299.9182,275.2086,30,29,7,9,14,32,20,38,64,142.6534,138.0689,33.31747,42.27734,64.72791,146.032,90.86366,172.6802,172.6802,7,4,12,7,20,8,7,3,4,33.28578,19.04399,57.11566,32.88237,92.46844,36.50801,31.80228,13.63265,13.63265,36,33,34,41,36,23,19,22,22,171.184,157.1129,161.8277,192.5968,166.4432,104.9605,86.32047,99.97273,99.25558,,,,,,,1,1,,,,,,,,4.543183,4.544215,,12,7,9,20,14,23,26,7,14,57.06134,42.83675,93.94965,64.72791,104.9605,118.1228,31.80951,63.16264,33.32698,,1,1,,1,3,2,6,3,,4.760998,4.759638,,4.623422,13.6905,9.086366,27.26529,13.53485,66,30,41,65,56,40,53,31,66,313.8374,142.8299,195.1452,305.3363,258.9117,182.54,240.7887,140.8707,297.7668,3,2,3,5,5,4,3,4,4,14.26534,9.521996,14.27891,23.48741,23.11711,18.254,13.62955,18.17686,18.04647,"{'type': 'MultiPolygon', 'coordinates': [[[[-79.1456899353966, 43.8100290694063], [-79.1452847666986, 43.8100024560178], [-79.1448567979339, 43.8100037378031], [-79.1444484117091, 43.8100188495465], [-79.1440561708866, 43.8100506536919], [-79.1436413034196, 43.8100708829555], [-79.1434613988326, 43.8102629363995], [-79.1435293195781, 43.8104438097182], [-79.1434318306876, 43.8106282977032], [-79.1431413451576, 43.8107314347081], [-79.1430026130886, 43.8105025716619], [-79.1429627706759, 43.8102593452625], [-79.1428799738294, 43.8100868777599], [-79.1431142864172, 43.8099004769416], [-79.1431542260489, 43.8096388671618], [-79.1429128043444, 43.8094916471479], [-79.1426446527104, 43.8095478670931], [-79.142467692454, 43.809454448917], [-79.142188929507, 43.8095309055467], [-79.1419758123104, 43.8096500338769], [-79.1418426610184, 43.8094473796204], [-79.1415830027072, 43.8091973162907], [-79.1413666463284, 43.8090661210845], [-79.1412463007205, 43.8089217261152], [-79.140962019949, 43.8088488335543], [-79.1407013476158, 43.8087895066773], [-79.1405987683268, 43.8086631687739], [-79.1406431015304, 43.8084562922568], [-79.1403919695865, 43.8083609902521], [-79.1401003407745, 43.8083510714394], [-79.1398440010073, 43.8084132718314], [-79.1395850747036, 43.8084529691235], [-79.1393311954036, 43.8083621578696], [-79.1391414818677, 43.8082580457297], [-79.1391248713719, 43.8082444921564], [-79.1391005612706, 43.8082174112961], [-79.138983826722, 43.8081225403838], [-79.1389491851466, 43.8080009162606], [-79.1386930036588, 43.8079731030594], [-79.1384133815228, 43.8079677179886], [-79.1382605004072, 43.8078097236811], [-79.1383112895189, 43.8076298623446], [-79.1381663724743, 43.8075033977703], [-79.1378859129041, 43.8075115103821], [-79.1377151245906, 43.8076864813097], [-79.137614604083, 43.8078706853795], [-79.1373200068612, 43.8078382470729], [-79.1370534713528, 43.8077203954536], [-79.1367900492307, 43.8078005599605], [-79.1365699103372, 43.8079843824992], [-79.1362636460653, 43.8080824205588], [-79.1358956471225, 43.8080452535449], [-79.1355906556507, 43.8079317671615], [-79.1353089555039, 43.8077553476267], [-79.1350330164736, 43.8075249385532], [-79.1347553624097, 43.8073215350476], [-79.134487400926, 43.8071226540783], [-79.134223567608, 43.8069462885947], [-79.1341023947041, 43.806865358827], [-79.1340403411573, 43.8068016847357], [-79.1340108641373, 43.8067134153972], [-79.134011386671, 43.8066259709587], [-79.1339911096912, 43.8065493972034], [-79.1339547617864, 43.8064649132897], [-79.1339302924718, 43.8064115840986], [-79.1339120425926, 43.8062149505661], [-79.1339517228471, 43.8059611476048], [-79.1340551135558, 43.8056991141485], [-79.1341962422274, 43.8054564370086], [-79.1343060327992, 43.8052268460939], [-79.134358209631, 43.8049637392009], [-79.1343589959168, 43.8049590881688], [-79.1344010151379, 43.8047085689942], [-79.1343989596487, 43.8046300365226], [-79.1343955901543, 43.8045017061134], [-79.1343939204425, 43.8044372976056], [-79.134368648937, 43.8043647038651], [-79.1343050983379, 43.8041819938745], [-79.1342925443081, 43.804155733307], [-79.1341836461179, 43.8039278912829], [-79.1340788985969, 43.803793951712], [-79.133885462341, 43.8035177451258], [-79.1336981491591, 43.8032812172186], [-79.13367462626, 43.8029713237657], [-79.1337400069684, 43.8028092966664], [-79.1337739637043, 43.8027251372148], [-79.1339908731016, 43.8024783012601], [-79.1341837526931, 43.8022302090064], [-79.134410709686, 43.8019858349399], [-79.1346586994983, 43.8017505742353], [-79.1349532210136, 43.8015493499576], [-79.1352179594142, 43.8013241861714], [-79.1354084450024, 43.8010881454767], [-79.1354359169438, 43.8008397121768], [-79.1352592959502, 43.8006804682295], [-79.1349455658737, 43.8007246339572], [-79.1346084291469, 43.8008003452931], [-79.1342730206138, 43.8008798140525], [-79.1339195900274, 43.8010000808835], [-79.1335699078633, 43.801149467931], [-79.133244812445, 43.8012734422578], [-79.1328368503555, 43.8013887684833], [-79.1324962647703, 43.8014988371314], [-79.1321659319415, 43.8016433050333], [-79.1317883798202, 43.8017417134613], [-79.1316246807515, 43.8017619516505], [-79.1314276997076, 43.8017862857434], [-79.1310302322917, 43.8017906013717], [-79.1306382294899, 43.8017187578972], [-79.1302345730708, 43.8016163612623], [-79.1298664632415, 43.8014553003584], [-79.1295141506679, 43.8012739569454], [-79.1291575737247, 43.8010792766839], [-79.1288145071908, 43.8008486256375], [-79.128466700921, 43.8006432510033], [-79.1280853769067, 43.8004484231041], [-79.1276862751497, 43.8002949875443], [-79.1272489698397, 43.8001959896055], [-79.1267973543344, 43.8001602308789], [-79.1264034925945, 43.8001659733888], [-79.1259771604005, 43.8002151565093], [-79.1255757376552, 43.8002255521615], [-79.1251817431637, 43.8001349792758], [-79.1250168371441, 43.8000187104474], [-79.1248775179095, 43.7999345162459], [-79.1246042833389, 43.7996495165328], [-79.1243911524279, 43.7993502669518], [-79.124229835845, 43.7990188468922], [-79.1241802422642, 43.7986970022843], [-79.1242049368757, 43.7983616834412], [-79.1242617878259, 43.7980568223522], [-79.1243584365985, 43.7977407595168], [-79.1242283852678, 43.7974359145371], [-79.1238481859336, 43.7972870543925], [-79.1235754424853, 43.7972135885848], [-79.1234773491131, 43.7971871715987], [-79.123110330074, 43.7972432093162], [-79.1227376634838, 43.7973375805138], [-79.1223477539283, 43.7974348372878], [-79.1219354394589, 43.7974116188274], [-79.1215136446827, 43.7972601655912], [-79.1211771833115, 43.7970307102792], [-79.1208840660437, 43.7967348430729], [-79.1205916185761, 43.7964631374393], [-79.1203093454631, 43.7961630830682], [-79.1201813254999, 43.7958669535548], [-79.1202757079989, 43.7956270535711], [-79.1206306075387, 43.7955056906673], [-79.1211151937468, 43.7953340268614], [-79.1212342726519, 43.7952108725271], [-79.1212134858377, 43.7949565843752], [-79.1210065055117, 43.7947492232043], [-79.1206774534357, 43.7947338197386], [-79.1203324326871, 43.7947657178559], [-79.1199978219082, 43.7948236437363], [-79.1196776874051, 43.7948267281123], [-79.119324401673, 43.7948058312604], [-79.1189833000279, 43.7947292736281], [-79.118643168027, 43.79459618278], [-79.1186377418703, 43.7945936264346], [-79.1184162236155, 43.7944892387277], [-79.1182390482239, 43.7944425342753], [-79.1181164207892, 43.7944102073767], [-79.1177413761133, 43.7943604912679], [-79.1174411349196, 43.7943523850787], [-79.1171390902972, 43.7943738396917], [-79.1167629087959, 43.7945002512429], [-79.1166689558029, 43.7945485691118], [-79.1164458904294, 43.7946672024645], [-79.1161805346864, 43.7947707520905], [-79.1159424614306, 43.7948188556089], [-79.1156779271973, 43.794811242667], [-79.1155021151468, 43.7947363913211], [-79.1152767722304, 43.7946149644165], [-79.1159455994398, 43.7944957168765], [-79.1162169031762, 43.7943926827305], [-79.117020816618, 43.7942629186993], [-79.1169729619159, 43.7942183741741], [-79.116955696791, 43.7941802770939], [-79.1170189235534, 43.7941313427413], [-79.117270301978, 43.7939158159276], [-79.1175776270011, 43.7935903108966], [-79.1179169240308, 43.7933148318407], [-79.1181686718935, 43.7931262443464], [-79.1185299861508, 43.7928286584344], [-79.1188064500856, 43.792500463823], [-79.1189932018935, 43.7923316674753], [-79.1193447888196, 43.7920110576723], [-79.1195725047166, 43.791816842135], [-79.1197497373639, 43.7916438542258], [-79.1199430225772, 43.7914431955289], [-79.1200819296646, 43.7912764164762], [-79.1201778709701, 43.7911562642055], [-79.1202842475485, 43.7910225457994], [-79.1203415886142, 43.790870041221], [-79.1203927016881, 43.7907254905984], [-79.1204274679947, 43.7906078989055], [-79.1204288550285, 43.7905986227743], [-79.1204329833419, 43.7905786990286], [-79.1204268796939, 43.7905652129186], [-79.1203803510697, 43.7904761992706], [-79.1203373388648, 43.7904204029269], [-79.1202794937357, 43.7903564915546], [-79.1202030846923, 43.7902925097134], [-79.120088892697, 43.7902300940219], [-79.1200624950707, 43.7902212934938], [-79.1199261576414, 43.7904044627317], [-79.1199125824388, 43.7904133924337], [-79.1198899985038, 43.7904222909347], [-79.119870818436, 43.7904254948266], [-79.1198505357787, 43.790426245989], [-79.1198246700427, 43.7904196258347], [-79.1198055805446, 43.7904105880691], [-79.1197988721242, 43.790402401414], [-79.1197921850902, 43.7903909566964], [-79.1197911323172, 43.7903787115402], [-79.1197923617904, 43.7903632068129], [-79.1198048841951, 43.790342032869], [-79.1200105779076, 43.7900570926387], [-79.1202082589279, 43.7897933326853], [-79.1202229310195, 43.7897876659029], [-79.1202409912659, 43.7897828291758], [-79.1202567579978, 43.7897828814986], [-79.1202747618591, 43.7897870186585], [-79.1202893592371, 43.7897952315373], [-79.1203050637983, 43.7898050769811], [-79.120316251697, 43.7898181749558], [-79.1203206870406, 43.7898279826534], [-79.1203239734283, 43.7898426838293], [-79.1203239216092, 43.7898508384663], [-79.1203193415245, 43.7898638841065], [-79.1203125155023, 43.7898744735201], [-79.1202977519702, 43.789892372944], [-79.1202602632863, 43.7899436629973], [-79.1202795634612, 43.7899589022534], [-79.1203359753126, 43.7899469290519], [-79.1204066673281, 43.7899363990392], [-79.1204612781566, 43.7899204228437], [-79.1205183975065, 43.7899008648269], [-79.1205730887302, 43.789874114354], [-79.1206216026147, 43.7898437616287], [-79.1206714284521, 43.78980263871], [-79.1207225109763, 43.7897570283214], [-79.1207711205603, 43.7897096188249], [-79.1208085575328, 43.7896684460322], [-79.1208360506665, 43.7896317402428], [-79.1208624917617, 43.7895825201019], [-79.1208961783346, 43.789509479364], [-79.120915379095, 43.7894676518575], [-79.1209939360282, 43.7893037767152], [-79.1210306175765, 43.7892110249174], [-79.1210433907934, 43.7891578704527], [-79.1210275721558, 43.7891010206688], [-79.1210105618852, 43.7890342481887], [-79.1209804451097, 43.7889689618388], [-79.1209733758253, 43.7889610268199], [-79.1209617054136, 43.7889478192311], [-79.1209285636498, 43.7889484833481], [-79.1208726020441, 43.7890071561914], [-79.1208554171194, 43.7890210326579], [-79.1208360934865, 43.7890333541319], [-79.1208136225111, 43.7890402558699], [-79.1207986600913, 43.7890386574243], [-79.1207869207012, 43.7890362962602], [-79.1207720053211, 43.789029271195], [-79.1207539109729, 43.7890160515609], [-79.1207496881656, 43.7890059655611], [-79.1207486925137, 43.7889943507043], [-79.1207498399766, 43.7889819688746], [-79.1207541827262, 43.7889711369061], [-79.1207649732317, 43.7889564646995], [-79.1208036929228, 43.7889186443455], [-79.1208876161735, 43.7888314226222], [-79.1210017527287, 43.7886978464257], [-79.121178287171, 43.7884994256527], [-79.1211943712548, 43.7884925124511], [-79.1212179085073, 43.7884879457066], [-79.1212339439287, 43.7884887730234], [-79.121248873879, 43.7884934663272], [-79.1212648681529, 43.788498938838], [-79.1212755121877, 43.78850749805], [-79.1212829322423, 43.7885168118729], [-79.1212871429682, 43.7885268886515], [-79.1212870597247, 43.7885400568977], [-79.1212837904844, 43.7885501097182], [-79.1212719392226, 43.7885655613539], [-79.121246121351, 43.7885910303576], [-79.1212855712237, 43.7886066422033], [-79.1213784217081, 43.7886286342262], [-79.1214081851429, 43.7886337640907], [-79.1214421266814, 43.788630257932], [-79.121500715988, 43.7886118112259], [-79.1215523503961, 43.7885848704602], [-79.1215993664614, 43.7885494353437], [-79.1216393941419, 43.7885072091205], [-79.1217218585118, 43.7884125825121], [-79.1218515204459, 43.7882520264941], [-79.1219481313234, 43.7881404983505], [-79.121974129794, 43.788098216066], [-79.1220073587226, 43.7880186839402], [-79.1220217724288, 43.7879594230437], [-79.1220338061238, 43.78790523979], [-79.122027118328, 43.7878543700702], [-79.1220156175285, 43.7878221352922], [-79.1219924456101, 43.7877864772655], [-79.1219599716801, 43.7877423091564], [-79.1219304818006, 43.7877176649522], [-79.1219261429063, 43.7877121149175], [-79.1219148201015, 43.7876871354827], [-79.1218025256298, 43.7877933376377], [-79.1217962346418, 43.787797853084], [-79.1217836677703, 43.7878046162081], [-79.121766945552, 43.7878083416206], [-79.1217523462319, 43.7878082933927], [-79.1217387922525, 43.7878059799266], [-79.1217252533838, 43.7878013986916], [-79.1217096543153, 43.7877945425808], [-79.1216961530274, 43.7877839214217], [-79.1216868262788, 43.7877733049651], [-79.1216816800457, 43.787761946909], [-79.1216806977188, 43.7877521230999], [-79.1216849489015, 43.7877400398837], [-79.1216913067573, 43.7877249390689], [-79.1217490261972, 43.7876707091899], [-79.1220596860607, 43.7873807388448], [-79.1221803289386, 43.7872745646971], [-79.1221970624896, 43.787267058783], [-79.1222158732075, 43.7872633496251], [-79.1222252655011, 43.7872633806418], [-79.1222471178752, 43.7872717611312], [-79.1222710500132, 43.7872831812109], [-79.1222835098211, 43.7872915396796], [-79.1222938795314, 43.7873021498197], [-79.1222979882386, 43.787312748898], [-79.1222968864586, 43.7873218181599], [-79.1222947411734, 43.7873331346864], [-79.1222852566636, 43.7873474782649], [-79.1222716073951, 43.7873625376114], [-79.1222903222465, 43.7873699076401], [-79.1224158271341, 43.7874150580208], [-79.1224813499874, 43.7874118904732], [-79.1226007664671, 43.7873919424534], [-79.1226994981209, 43.7873143273841], [-79.1227935682538, 43.7872349870718], [-79.1228219636498, 43.7871808573691], [-79.1229188273415, 43.7870286622089], [-79.1230085731501, 43.7868899986385], [-79.1230488756865, 43.786805412512], [-79.12309154436, 43.7867140386831], [-79.1230965247328, 43.7866649093224], [-79.1231015820956, 43.7866056170204], [-79.1230877975622, 43.7865648958142], [-79.1230763409983, 43.7865275838116], [-79.1230323133772, 43.7864613527591], [-79.1230208313877, 43.7864696410531], [-79.1229338257668, 43.7865441348241], [-79.1229274147616, 43.7865441141306], [-79.1229060791851, 43.7865424949891], [-79.1228932792611, 43.7865409143396], [-79.1228741096615, 43.7865346578905], [-79.1228613495265, 43.7865268833889], [-79.1228486362787, 43.7865113782333], [-79.1228423449448, 43.7864943543321], [-79.1228424521904, 43.7864773509251], [-79.1232567866975, 43.7860998419222], [-79.1232867840532, 43.7860813802071], [-79.1233017690936, 43.7860752454735], [-79.1233209869677, 43.7860737613164], [-79.1233423211777, 43.7860753794575], [-79.1233657645317, 43.7860816402998], [-79.123382758473, 43.7860940734409], [-79.1233869445372, 43.7861080023976], [-79.1233847109516, 43.7861234591701], [-79.1233803610848, 43.7861373604676], [-79.1233674554101, 43.7861527824041], [-79.1233468671279, 43.786172679007], [-79.1234958862666, 43.7862044577808], [-79.123657715652, 43.7861372032462], [-79.1237542447438, 43.7860358534975], [-79.1238440199368, 43.7858937953546], [-79.1239621385218, 43.7857077794929], [-79.1240003443866, 43.7855808180738], [-79.1239896168104, 43.7854231817953], [-79.1239196257208, 43.7853941392543], [-79.1239109441174, 43.7854034982375], [-79.1238810097189, 43.7854377211223], [-79.1238595105805, 43.7854623946], [-79.1238337945996, 43.7854777746], [-79.1238209558386, 43.7854823672117], [-79.1238017579502, 43.7854807563306], [-79.1237889681745, 43.785477626422], [-79.1237740611004, 43.7854713851989], [-79.1237549109955, 43.7854620508731], [-79.123750746297, 43.7854465637494], [-79.1237529586555, 43.7854326552453], [-79.1237594863829, 43.7854141258117], [-79.1240650777847, 43.7850115202505], [-79.1240930268279, 43.7849806842994], [-79.1241101847055, 43.7849668158935], [-79.1241251312854, 43.7849668650186], [-79.124146475013, 43.7849669354398], [-79.1241635292665, 43.7849716353306], [-79.124176287983, 43.784977861039], [-79.1241933127919, 43.7849871973163], [-79.1242017699002, 43.7849995928199], [-79.1242017021075, 43.7850104212843], [-79.1241973339678, 43.7850274186673], [-79.1241090833581, 43.7851446475967], [-79.1241516676073, 43.7851633477488], [-79.1242049915102, 43.7851697073502], [-79.1242412794298, 43.7851682782014], [-79.1242819306222, 43.7851544965529], [-79.1243674902424, 43.7851238491268], [-79.1244551893686, 43.7850947664763], [-79.1245452263834, 43.785031658666], [-79.1246350625082, 43.7849687293599], [-79.1247322773152, 43.7848424751442], [-79.124825014368, 43.7846832615565], [-79.1248992633916, 43.784543924325], [-79.1249415420051, 43.7843812138242], [-79.1249285113716, 43.7842615459717], [-79.124869541887, 43.7841550032808], [-79.1246850091463, 43.7843272115046], [-79.1246758285502, 43.7843271814646], [-79.1246620750741, 43.7843271357889], [-79.1246345556446, 43.7843270460284], [-79.1246207897475, 43.7843270001438], [-79.1246025224266, 43.7843136459179], [-79.1245933954743, 43.7843069729656], [-79.1245935000339, 43.7842903566629], [-79.1245936242284, 43.7842704102357], [-79.1251149830621, 43.7837769419248], [-79.125142563965, 43.7837670673478], [-79.1251427626428, 43.7837670327928], [-79.1251602422983, 43.7837712749281], [-79.1251813659011, 43.7837787704474], [-79.1251949792066, 43.7837872312645], [-79.1252051674069, 43.7837971655955], [-79.1252085275198, 43.7838060794149], [-79.1252084726405, 43.7838149903184], [-79.1252056797152, 43.7838243866073], [-79.1251967169028, 43.7838372290874], [-79.125175392353, 43.7838599320875], [-79.1251403294809, 43.7838979283171], [-79.1250959664207, 43.783947153421], [-79.1251105766367, 43.7839572377574], [-79.1251344059163, 43.78397116847], [-79.1251800420494, 43.7839926059089], [-79.1252189077059, 43.7840060918617], [-79.1252421243971, 43.7840086517055], [-79.1252810706022, 43.7840092655531], [-79.1253165960239, 43.7840083916794], [-79.1253637753564, 43.7840016153465], [-79.1254314908796, 43.7839889661269], [-79.1254551040822, 43.7839838505266], [-79.1255077751014, 43.7839711507044], [-79.1255803142971, 43.7839520808077], [-79.1256763674739, 43.7839237906315], [-79.1256803833147, 43.7839213093816], [-79.125716808805, 43.783895730652], [-79.1257819409145, 43.7838472385653], [-79.1258926160324, 43.7837512258795], [-79.126109503283, 43.7835359083901], [-79.1262388268511, 43.7833901076563], [-79.1263866808172, 43.7832210994395], [-79.1265622262902, 43.7830222802508], [-79.126691758925, 43.7828465597102], [-79.1267750078745, 43.7827371618278], [-79.1268262258773, 43.7826143734338], [-79.1268621590633, 43.7825159458849], [-79.1268727101959, 43.7824933333463], [-79.1268835764237, 43.7824461487268], [-79.1268455142142, 43.7823337084599], [-79.1267630723585, 43.7822772806219], [-79.1266893375163, 43.782237471254], [-79.1266788673827, 43.7822208481254], [-79.1266930437864, 43.78220686111], [-79.1267529053298, 43.7822121607408], [-79.1268109472296, 43.7822263828301], [-79.1268936389678, 43.7822445294364], [-79.1269447482528, 43.782240870911], [-79.1270312373524, 43.7822137085092], [-79.1271779459692, 43.7821363267455], [-79.1272417244579, 43.7820791077967], [-79.1272524712055, 43.7820510593261], [-79.1272790496179, 43.7820243408858], [-79.1273250135127, 43.7819989629947], [-79.1276936774242, 43.7816402628815], [-79.1279049035082, 43.7813837789892], [-79.1279897533318, 43.7812681020681], [-79.1280195670815, 43.7812404667687], [-79.1280518840078, 43.7811820016744], [-79.1280975286381, 43.7810977010803], [-79.1281355847116, 43.781026994995], [-79.128177296306, 43.7809699190802], [-79.1282171071393, 43.7809169239749], [-79.1282737866445, 43.7808721572239], [-79.1282795868066, 43.7808462974331], [-79.1282796548373, 43.7808353969328], [-79.1282721638955, 43.780831295503], [-79.1282477946728, 43.7808203070886], [-79.12823280984, 43.7808107257178], [-79.1282122261636, 43.7807943124909], [-79.1282029526441, 43.780775217793], [-79.1282086515229, 43.7807657042665], [-79.1282143260129, 43.7807602770951], [-79.1282274822775, 43.7807603197607], [-79.1282500422577, 43.7807603931314], [-79.1282688052559, 43.7807659001201], [-79.1282969207285, 43.780779610479], [-79.1283306183247, 43.7808028796102], [-79.1283643159189, 43.7808261496317], [-79.1283886890267, 43.7808384877315], [-79.1284187911923, 43.7808344907209], [-79.1284394746582, 43.7808345666285], [-79.1284808913149, 43.7808251600758], [-79.1285336333171, 43.7808103540561], [-79.1285900893685, 43.7808037229322], [-79.1286465917795, 43.7807875603795], [-79.1287106527688, 43.780764608597], [-79.1287427188438, 43.7807483671948], [-79.1287672729656, 43.7807293736886], [-79.1287749580189, 43.7807021608818], [-79.1287863647208, 43.7806817653631], [-79.1288071842565, 43.7806600320989], [-79.1288638293483, 43.7806207279012], [-79.1289326864207, 43.7805834892208], [-79.1290099876443, 43.7805469614107], [-79.1290854206464, 43.78051315447], [-79.129121245669, 43.7804955564394], [-79.1291552632206, 43.7804670613992], [-79.1291761078296, 43.7804412507256], [-79.1291912580225, 43.7804222264931], [-79.1292045352455, 43.7804045644546], [-79.1292403958175, 43.7803815206621], [-79.1292574751331, 43.7803557068447], [-79.1292839942915, 43.7803244599241], [-79.1293048251317, 43.7802986490008], [-79.1293125225816, 43.7802714273549], [-79.1293145752391, 43.7802428284649], [-79.1293111132345, 43.7801937793349], [-79.1293129768941, 43.7801375730678], [-79.1293790059521, 43.7800753549101], [-79.1294292842931, 43.7800248410878], [-79.1294995513979, 43.7799743924848], [-79.1295998626925, 43.7799131775234], [-79.1297453333891, 43.7798195322739], [-79.129835777137, 43.7797365648291], [-79.1299013710111, 43.779631797003], [-79.1299770013518, 43.7795234514914], [-79.1300524618021, 43.7794404358124], [-79.1301628363546, 43.779364777531], [-79.1302282192954, 43.7792962025262], [-79.1303036676481, 43.779213195483], [-79.1303641557491, 43.7791265113899], [-79.1304347774601, 43.7790181412267], [-79.1305957073224, 43.7788485301442], [-79.130736802722, 43.778653508357], [-79.1308976962469, 43.7784875157092], [-79.131055463128, 43.7783346998469], [-79.1311564639931, 43.7782656895109], [-79.1313581210128, 43.7781208813802], [-79.1315100867156, 43.7780162025558], [-79.1316529192058, 43.7778935901636], [-79.1318175049436, 43.7777486620886], [-79.1319563169967, 43.777606953453], [-79.1319859594567, 43.7776025752297], [-79.1320094953993, 43.7775792120012], [-79.1320230105113, 43.7775651954913], [-79.1320425883241, 43.7775389304922], [-79.1320212483031, 43.7775284110732], [-79.1320127881167, 43.7775283843994], [-79.1320053244588, 43.7775280003662], [-79.1319993989375, 43.7775200423983], [-79.1319974565783, 43.7775124655815], [-79.1319975301488, 43.7775005666579], [-79.1320005487795, 43.7774966066852], [-79.1320130623146, 43.7774836677445], [-79.1320265948551, 43.7774689312266], [-79.1320511108868, 43.7774477313838], [-79.132063494063, 43.7774581313731], [-79.1320778751103, 43.7774731288754], [-79.1321142872474, 43.7774973236388], [-79.1321342588301, 43.7774917716595], [-79.1321365049581, 43.7774861621901], [-79.132180186043, 43.7774108458589], [-79.1322818201689, 43.7772763090832], [-79.1323476799278, 43.7771962573717], [-79.132423540627, 43.7771098018311], [-79.1325205558083, 43.7770073656874], [-79.1325930306318, 43.7769321425681], [-79.1326467045162, 43.7768637079015], [-79.1326476541243, 43.7768629013882], [-79.1326590127015, 43.7768460602232], [-79.1326877229608, 43.7767867902172], [-79.1327146658622, 43.7767628972838], [-79.1327496101092, 43.7767162037062], [-79.1327735025512, 43.7766729039512], [-79.1328005912873, 43.7766250420542], [-79.1328086065853, 43.7766022317361], [-79.1328119179686, 43.776574851721], [-79.1327239466027, 43.7765311832862], [-79.1327192487268, 43.7765254621176], [-79.1327161692634, 43.7765151728346], [-79.1327130981079, 43.7765014631995], [-79.1327194517033, 43.7764923563007], [-79.13272893345, 43.7764878230605], [-79.1327415561017, 43.776485577659], [-79.1327573069875, 43.7764856279913], [-79.1327919060131, 43.7764994387092], [-79.132878335741, 43.7765351091637], [-79.1329270551459, 43.7765558060932], [-79.132944369984, 43.7765581481764], [-79.1329538297701, 43.7765570350466], [-79.1329617335632, 43.7765524967099], [-79.1329807097824, 43.7765411443689], [-79.1330202486731, 43.7765172924249], [-79.1331515764452, 43.7764263882679], [-79.1331911292324, 43.7763979725392], [-79.1332411072808, 43.776346880361], [-79.1332430404312, 43.7763456532353], [-79.1337933278448, 43.7758539658666], [-79.1338773741581, 43.7757670046791], [-79.133984544833, 43.7756484428202], [-79.1340591616476, 43.7755351232536], [-79.1340579387634, 43.7754933443304], [-79.1339888361047, 43.7754541663139], [-79.133931797835, 43.7754370344685], [-79.133886559593, 43.7754059073654], [-79.1338146601667, 43.7753650097841], [-79.1337747868057, 43.7753300302648], [-79.1337722573017, 43.7753067721227], [-79.1337644455178, 43.7752718940172], [-79.1337382095375, 43.7751924196833], [-79.1337332347067, 43.7751323749783], [-79.133747001977, 43.7750646492688], [-79.1337579104354, 43.7750298230372], [-79.133774277603, 43.7749756614802], [-79.1337985750715, 43.7749350719102], [-79.133857733773, 43.7748713622179], [-79.133911515983, 43.7748173120393], [-79.1339534776658, 43.7747827921865], [-79.1339713570194, 43.7747618580788], [-79.1339918713144, 43.7747691430433], [-79.1340217071896, 43.7747775913532], [-79.1340717451868, 43.7747937741918], [-79.1340902257161, 43.7747760020634], [-79.1340313413644, 43.7747295566272], [-79.1340172689831, 43.7747171439533], [-79.1340432711441, 43.7746841389386], [-79.1340642620061, 43.7746416666649], [-79.1340740085342, 43.7744654190015], [-79.1340450063868, 43.7743994914726], [-79.1340003470821, 43.774273476225], [-79.1339952896059, 43.7742269869788], [-79.1340062557308, 43.7741805496441], [-79.1340144564737, 43.7741495939505], [-79.1340467773162, 43.7741071032325], [-79.1340656975464, 43.7740723114711], [-79.1340980886817, 43.7740201276483], [-79.1341437401803, 43.773983486393], [-79.1342102878185, 43.7741113176242], [-79.1345402471301, 43.7747450283022], [-79.1347821855166, 43.7752097664352], [-79.1348447960127, 43.7753401413605], [-79.1349389803922, 43.7754935876156], [-79.1350356064352, 43.7757031646147], [-79.1351475827369, 43.7759460399878], [-79.135152733146, 43.7759592342739], [-79.1353453168504, 43.7764520501875], [-79.1353791058813, 43.7765400271066], [-79.1355013739858, 43.7768583739227], [-79.1357567001815, 43.7774552354469], [-79.1360087004308, 43.7780443178579], [-79.1363029657846, 43.7787321685688], [-79.1366789570203, 43.7796110393184], [-79.1374274539458, 43.7814079308508], [-79.1376311776344, 43.7818911290782], [-79.1385318208476, 43.7840270543729], [-79.1391589574687, 43.7855322900769], [-79.1394092185283, 43.7861448238069], [-79.1402069769208, 43.7880356781788], [-79.1405248717256, 43.7887421601852], [-79.1409195489867, 43.7896689248154], [-79.1411416249804, 43.7902339661879], [-79.141636250331, 43.7914638400372], [-79.141867286142, 43.7920019588714], [-79.1422467303278, 43.7929082377947], [-79.1426760393151, 43.7938793534992], [-79.1427365802488, 43.7940169272431], [-79.1427530164381, 43.7940654583891], [-79.1427640437039, 43.7940897421649], [-79.1428290127639, 43.7942579605653], [-79.1431156936249, 43.7950000175185], [-79.1435007613463, 43.7959346357842], [-79.1435350560916, 43.7960352494613], [-79.1435729049458, 43.7961132182283], [-79.1436115611654, 43.7961909281907], [-79.1436510023155, 43.7962685419488], [-79.1436911781649, 43.796345915528], [-79.1437322373801, 43.7964229847161], [-79.1437738934199, 43.7965000113641], [-79.1438163103077, 43.7965767163227], [-79.1438484153802, 43.7966300126743], [-79.1438813029898, 43.7966832488002], [-79.1439149148102, 43.7967361005219], [-79.1439492845251, 43.7967887646651], [-79.1439844021642, 43.7968411618352], [-79.1440202547757, 43.7968933089281], [-79.1440568552372, 43.7969450710978], [-79.1440940652129, 43.7969967008991], [-79.1441321466572, 43.7970480081082], [-79.1441708764572, 43.7970990125096], [-79.144210329799, 43.7971496946155], [-79.1442505789995, 43.7972001276289], [-79.1442915263166, 43.7972503369721], [-79.1443330716353, 43.797300143647], [-79.1443422167583, 43.797310820122], [-79.1443766003233, 43.7973509729186], [-79.1444183443464, 43.7973987821834], [-79.1444620956032, 43.7974476864598], [-79.1445065073202, 43.7974961782749], [-79.1445516168766, 43.7975443752822], [-79.1445711553779, 43.797564841802], [-79.1445973875081, 43.7975923408094], [-79.1446524725892, 43.7976515419415], [-79.1446908982875, 43.7976869361401], [-79.1447152129727, 43.7977107656177], [-79.1447387253678, 43.797733809551], [-79.144787150865, 43.7977803073036], [-79.1448362386273, 43.7978263746114], [-79.144854580361, 43.7978432634166], [-79.1448563969443, 43.7978449342742], [-79.1448859988297, 43.7978721647004], [-79.1449364690678, 43.7979175071111], [-79.1449581773355, 43.7979366753568], [-79.1447911816668, 43.7980732615978], [-79.1448218185287, 43.7980579379039], [-79.1448459961877, 43.79804615849], [-79.1448827619052, 43.7980282431133], [-79.1449979116119, 43.7979715702881], [-79.1450913883545, 43.7980512772395], [-79.1451978555056, 43.7981385671747], [-79.1453620805231, 43.7982664609788], [-79.1454197583036, 43.7983078379302], [-79.1455314150186, 43.7984047664386], [-79.1456455522755, 43.7985001990789], [-79.1457623235443, 43.798593876329], [-79.1458834321246, 43.7986874761872], [-79.1460648771951, 43.7988208138063], [-79.1462265875216, 43.7989333512881], [-79.14915003269, 43.7970782844536], [-79.1491744183953, 43.7970626251254], [-79.1494492384793, 43.7968861821709], [-79.149483939152, 43.7968639029137], [-79.150375306539, 43.7962916324221], [-79.1508973388072, 43.7959564688111], [-79.1510880664791, 43.7958340061592], [-79.1514563348545, 43.7955975901479], [-79.1514874830402, 43.7955963438016], [-79.1515798174423, 43.7955932143041], [-79.1516720375682, 43.7955906059942], [-79.1517643781556, 43.795588646019], [-79.1518567157467, 43.7955873071712], [-79.1519491979652, 43.7955865990416], [-79.1520415280921, 43.7955864294952], [-79.1521338548048, 43.7955867739262], [-79.1522263397026, 43.7955877934121], [-79.1523186344903, 43.7955894156929], [-79.1524109627769, 43.7955916047691], [-79.1525032756627, 43.7955944147723], [-79.1525972272129, 43.7955973736466], [-79.1526880327216, 43.7956008172921], [-79.1527787239281, 43.7956047839291], [-79.1528692863812, 43.7956093795669], [-79.1529599820319, 43.7956146147433], [-79.1530504016015, 43.7956203793], [-79.1531408550826, 43.7956266575402], [-79.1532312800328, 43.7956336204238], [-79.1533214540619, 43.7956411031915], [-79.1534116234684, 43.7956490999206], [-79.153501790059, 43.795657753798], [-79.1535917173181, 43.7956670357914], [-79.153681517886, 43.7956767595455], [-79.1537713024004, 43.795687086213], [-79.1538609829225, 43.7956980864018], [-79.1539503873325, 43.7957096177748], [-79.154039665356, 43.7957216620436], [-79.1541288150829, 43.7957342813025], [-79.1542178612204, 43.7957475209692], [-79.1543067565142, 43.7957613010486], [-79.1543954115336, 43.7957757002287], [-79.1544839516178, 43.7957905233552], [-79.1545722161978, 43.7958060199364], [-79.1546603393476, 43.7958221552236], [-79.1547482487318, 43.7958386948548], [-79.1548360055088, 43.7958558730123], [-79.1549235112362, 43.7958736169779], [-79.1550107772125, 43.795891882817], [-79.1550979162754, 43.7959106795549], [-79.15518466605, 43.7959301317074], [-79.1552713012326, 43.7959500780438], [-79.1553576480495, 43.7959705913893], [-79.1554436431686, 43.7959916698217], [-79.1555294993524, 43.7960132258398], [-79.1556149914184, 43.7960353467456], [-79.155700368179, 43.7960580257519], [-79.1557853321824, 43.7960812346482], [-79.155870070142, 43.7961050457771], [-79.1559544066715, 43.7961293419622], [-79.1560395120577, 43.7961540628601], [-79.1583967556691, 43.7969484519659], [-79.1586682945698, 43.7970399503471], [-79.1606077494437, 43.7977028531948], [-79.1613088420503, 43.7979424810887], [-79.1621946738434, 43.7982452360063], [-79.1652360248983, 43.799298072362], [-79.1652981367799, 43.7993225476569], [-79.1653607738553, 43.7993465577606], [-79.1654236486369, 43.7993699918133], [-79.1654869246391, 43.7993929496791], [-79.1655506520982, 43.7994152520914], [-79.1656146556351, 43.7994369430527], [-79.1656791848314, 43.7994581940369], [-79.165743927508, 43.7994788073536], [-79.1658090718363, 43.7994988895651], [-79.1658744676074, 43.7995183527248], [-79.1659402020435, 43.7995372306456], [-79.1660063506309, 43.7995555344426], [-79.1660727257, 43.7995732629034], [-79.1661394026852, 43.7995904694595], [-79.1662062928637, 43.7996070473438], [-79.1662735603499, 43.7996229955885], [-79.166293865837, 43.7996276360255], [-79.1663196700576, 43.799633517175], [-79.1663410802689, 43.7996384139298], [-79.1664088384142, 43.7996531571809], [-79.1664758790797, 43.7996675836546], [-79.1665579287564, 43.7996868869132], [-79.1666400803254, 43.7997057055519], [-79.1667225101969, 43.7997238398196], [-79.1668071043659, 43.7997416477089], [-79.1668882120564, 43.7997581850074], [-79.1669714977"
21,Woburn North,142,29170,148,170,173,178,177,210,181,178,184,530.6942,610.8955,622.1455,631.8555,619.4225,726.543,623.2353,614.7258,630.785,26,16,22,22,24,40,63,57,107,93.23006,57.49605,79.11677,78.0945,83.9895,138.3891,216.9272,196.8504,196.8504,5,3,2,8,5,4,,4,9,17.92886,10.78051,7.192433,28.398,17.49781,13.83891,,13.81406,13.81406,65,88,42,38,61,60,25,28,35,233.0752,316.2283,151.0411,134.8905,213.4733,207.5837,86.08222,96.69844,119.9863,1,,,,,,1,,2,3.585771658,,,,,,3.443289,,6.856359,42,38,33,52,36,19,26,10,23,150.6024,118.6752,184.587,125.9843,65.73485,89.52551,34.53516,78.84813,136.5531,1,3,2,4,4,2,2,7,7,3.585772,10.78051,7.192433,14.199,13.99825,6.919457,6.886578,24.17461,23.99726,61,59,55,67,81,99,80,78,61,218.7321,212.0167,197.7919,237.8332,283.4646,342.5132,275.4631,269.3742,209.119,8,8,9,13,10,4,13,8,12,28.68617,28.74802,32.36595,46.14675,34.99562,13.83891,44.76276,27.62813,41.13816,"{'type': 'MultiPolygon', 'coordinates': [[[[-79.2244806538371, 43.7884164592438], [-79.2243059196886, 43.7884085846765], [-79.2241207133485, 43.7884379320549], [-79.2239457619149, 43.7884747378046], [-79.2237091194526, 43.7885113945465], [-79.2235393489683, 43.7885370427553], [-79.223421005209, 43.7885628150886], [-79.2232976257197, 43.7885625253419], [-79.2232104180043, 43.7885213496431], [-79.2231388313003, 43.7884392565964], [-79.2230261181049, 43.7883570641083], [-79.2229082444568, 43.7882785772824], [-79.2227490497607, 43.7882446792614], [-79.2226154693392, 43.7882257410945], [-79.2223997125202, 43.7881954230946], [-79.2222815809008, 43.7881727956938], [-79.222076433273, 43.7880680369553], [-79.2220201473332, 43.7880120388976], [-79.2219743896107, 43.7879039411246], [-79.2219336431854, 43.7878219130745], [-79.2219236791846, 43.7877548572419], [-79.2219805178984, 43.787691690649], [-79.222109492326, 43.7875914530101], [-79.2221148092183, 43.7875542281903], [-79.2221356700408, 43.7874872468549], [-79.2222592152471, 43.7874540360231], [-79.2223415224254, 43.7874393396425], [-79.2224259208717, 43.7874052863618], [-79.222679054012, 43.7872595420709], [-79.2227822000223, 43.7871853168145], [-79.2228904851909, 43.7871148124763], [-79.2229369309071, 43.7870739604801], [-79.2229473222731, 43.787051645368], [-79.2229731358025, 43.7870256400201], [-79.222988882655, 43.7869549207976], [-79.2230097250627, 43.7868916656222], [-79.2229996559578, 43.7868469508157], [-79.222994924867, 43.7867575672453], [-79.2229799019783, 43.7866718762719], [-79.2229647576451, 43.7866122607031], [-79.2229136505193, 43.7865488138601], [-79.2228933502314, 43.786489185615], [-79.2228629822883, 43.7863848425666], [-79.2228635495067, 43.7862619514431], [-79.2228280163375, 43.7861650406955], [-79.2227824008169, 43.7860234139979], [-79.2227623948757, 43.785900481071], [-79.2226714822019, 43.785677968533], [-79.2223074121788, 43.785684916046], [-79.2221081212937, 43.7856800567297], [-79.2220055482005, 43.7856579349468], [-79.2219210008415, 43.7856577284872], [-79.2217910707564, 43.785672723334], [-79.2216701895034, 43.7856921149026], [-79.2215856226878, 43.785696292674], [-79.221495024536, 43.78569607185], [-79.2214346599195, 43.7856893536546], [-79.2213562166959, 43.7856694679589], [-79.221238670174, 43.7856210522005], [-79.2210579145683, 43.7855287182376], [-79.220973621793, 43.7854815627554], [-79.2207631515848, 43.7853723600817], [-79.2206071262126, 43.78530009521], [-79.2205081096506, 43.7852562881333], [-79.2204301793667, 43.7852038183412], [-79.2203674665564, 43.7851121683967], [-79.2203168075711, 43.7850118528711], [-79.2202693443051, 43.7848766835099], [-79.2202457478663, 43.7847786037273], [-79.220192286865, 43.7846346973891], [-79.2201595987722, 43.7845518515134], [-79.2201509555941, 43.7844712340473], [-79.2201483344704, 43.7843884531715], [-79.2201937675084, 43.7843145034449], [-79.2203028410261, 43.7841941992478], [-79.2202555414235, 43.7840051680069], [-79.2202414456749, 43.7838495668443], [-79.2202122262946, 43.783763668742], [-79.2200942655542, 43.7836560867824], [-79.2199762918646, 43.7835484945939], [-79.2198433968867, 43.7834676987994], [-79.2196808084536, 43.7834029240828], [-79.2196513399492, 43.7833706639717], [-79.2195777066792, 43.7832846570729], [-79.2195412606152, 43.7831611711363], [-79.2195121439619, 43.7830538151177], [-79.2194535220381, 43.782919553732], [-79.2193800912907, 43.7827906302941], [-79.2193139270425, 43.7826885384265], [-79.2192623468839, 43.7826347740912], [-79.2191143694895, 43.7826129423627], [-79.2189661911377, 43.782634037678], [-79.2188178864739, 43.7826819365384], [-79.2186544461036, 43.7827995486894], [-79.2185279894092, 43.7829279807205], [-79.2182828709939, 43.7830936642664], [-79.218015814313, 43.7832002904419], [-79.2178673558077, 43.7832803935618], [-79.2177412129292, 43.7833390845343], [-79.2176814703458, 43.7834462217653], [-79.2176734726248, 43.7835749547154], [-79.2176062122244, 43.783708896478], [-79.2175684568392, 43.7838643787603], [-79.2175679008934, 43.7839823918811], [-79.2175303846911, 43.7840895930414], [-79.2175003367047, 43.7841807185143], [-79.217455680606, 43.7842288810979], [-79.2173519760238, 43.7842393631482], [-79.2171670735743, 43.7841959787518], [-79.2169748547293, 43.7841311267983], [-79.2169307048871, 43.7840720058518], [-79.2168939217568, 43.7840236421816], [-79.216820153367, 43.7839644389098], [-79.2167536634238, 43.7839320855598], [-79.2165242695352, 43.7839046940038], [-79.2160631512598, 43.7838437182198], [-79.2157276184925, 43.7835674398865], [-79.2156109964, 43.7834070470246], [-79.21545289468, 43.7832565503751], [-79.2153152430546, 43.78316113681], [-79.2150947367981, 43.7830655263065], [-79.2149706503782, 43.7830201847182], [-79.214867168324, 43.7829999078814], [-79.2147428099811, 43.7830146027176], [-79.2146804283945, 43.7830644842729], [-79.2147003533405, 43.7832296328497], [-79.2147269963946, 43.7834348266326], [-79.214719518064, 43.7835548744476], [-79.2146916264365, 43.7836148423939], [-79.2146153447332, 43.7836796850833], [-79.2145045022204, 43.7837544507952], [-79.2143523561731, 43.783804098946], [-79.2141934934232, 43.7838137016736], [-79.2139656266063, 43.7838131228407], [-79.213841396416, 43.7837977887841], [-79.2137103544537, 43.7837624374017], [-79.2136207826649, 43.7837221852998], [-79.2135593544897, 43.7835719549706], [-79.2134915452363, 43.7833116244001], [-79.2133684050548, 43.7830711838222], [-79.2133415040338, 43.7829210304708], [-79.2132681451214, 43.7826264098495], [-79.2128847276926, 43.78241709806], [-79.2126846036268, 43.78239158999], [-79.2124983899255, 43.7823410934397], [-79.2123743675115, 43.7822857568658], [-79.2122642567517, 43.7822104372117], [-79.2121404622856, 43.7821050732971], [-79.2116245572846, 43.7816935542355], [-79.2113632313547, 43.7814727805275], [-79.2111734706721, 43.7811895121935], [-79.2113939490874, 43.7811382674805], [-79.211922788657, 43.7810101744631], [-79.2126327355842, 43.7808402369907], [-79.2130604532128, 43.78073850953], [-79.2147651009863, 43.7803330530366], [-79.2171457768684, 43.7797612041443], [-79.2222204069688, 43.7785655061294], [-79.2223823191849, 43.7785272125377], [-79.2233578794328, 43.7782965102972], [-79.2265791128846, 43.7775981572542], [-79.2287398925161, 43.7771155337837], [-79.2317600290397, 43.776444864962], [-79.2316203745095, 43.7760754716029], [-79.2314512014861, 43.7755349960891], [-79.2311912368342, 43.7748142648504], [-79.2306846708998, 43.773507858115], [-79.2298032454287, 43.7712566659301], [-79.229669550473, 43.7709151962297], [-79.2295492749539, 43.7706337151455], [-79.2293705545215, 43.7701961956753], [-79.2290340184341, 43.7693723317428], [-79.2283572510686, 43.7675975031009], [-79.2280009195157, 43.7667325430784], [-79.2273915257924, 43.7651828799637], [-79.2270837229686, 43.7644080348817], [-79.2262560505481, 43.7622097589716], [-79.2257338386849, 43.7609573791658], [-79.2254859628436, 43.7603267095821], [-79.2254112012613, 43.7600384926112], [-79.2253275363589, 43.7598312642113], [-79.2258341326303, 43.7597154557478], [-79.2269824271956, 43.7594751547361], [-79.2292276947533, 43.7590034151327], [-79.2302656518423, 43.7587808397151], [-79.2309267870406, 43.7586473796581], [-79.2330811085053, 43.7581933798036], [-79.2352704197821, 43.7577304005368], [-79.23824984861, 43.7570981515003], [-79.2401913784671, 43.7566704969311], [-79.2413230359595, 43.7564254950105], [-79.2422113560578, 43.7562331567663], [-79.2431246548682, 43.7560354134886], [-79.2432340739416, 43.7560117161998], [-79.2432360634818, 43.7560113065074], [-79.2454259741623, 43.7555571351547], [-79.2454398094167, 43.7556271776611], [-79.2454584831274, 43.7557392481383], [-79.2454758473127, 43.7558086587441], [-79.2454754615782, 43.7559057542052], [-79.2454750328359, 43.756003938453], [-79.2454845831883, 43.7561853603391], [-79.2455164797109, 43.7564709398845], [-79.2455175791004, 43.7564754433125], [-79.2455589181293, 43.7566105529215], [-79.2455956276765, 43.7567366516509], [-79.2456400341022, 43.7568807697117], [-79.2457060709254, 43.7570519302455], [-79.2457544026528, 43.7571870552954], [-79.2458235454245, 43.7573582229223], [-79.2459111765081, 43.7575654361446], [-79.2459149998615, 43.7575744544257], [-79.2459543494705, 43.7576784786509], [-79.2462251184118, 43.7583942337209], [-79.2466732364405, 43.7596283543666], [-79.2468545052736, 43.7600878161425], [-79.2468865260888, 43.7601663236173], [-79.2472440485253, 43.7610428040605], [-79.2476119213945, 43.7619887416908], [-79.2482104074447, 43.7634842575267], [-79.248628837548, 43.7646013156871], [-79.2489615102429, 43.7654301462178], [-79.2497403187184, 43.7674391519464], [-79.2502142999207, 43.7686463640059], [-79.2504033983936, 43.7690968448417], [-79.25076580411, 43.7700607606264], [-79.2508137265931, 43.7701921026747], [-79.2510682268166, 43.7708895273405], [-79.2513354069847, 43.7716102029682], [-79.2514287283136, 43.771943448487], [-79.2515016307433, 43.7721506341776], [-79.2515127267623, 43.7724017006712], [-79.2515337529931, 43.7725167635894], [-79.2515558398087, 43.7726303976398], [-79.2515806457634, 43.7727506261744], [-79.2516089024699, 43.7728712757553], [-79.2516409763027, 43.772985147238], [-79.2516891696623, 43.7731421688143], [-79.2517533920582, 43.7733220438729], [-79.2518753147388, 43.7736580792216], [-79.2521940197369, 43.7744718276953], [-79.2522431139303, 43.774582702707], [-79.2524001099758, 43.7749610375037], [-79.2525906876688, 43.7754470357527], [-79.2529269103648, 43.7763161325918], [-79.2531342120094, 43.7768371172486], [-79.2535626315425, 43.7779380644034], [-79.2535648543105, 43.7779411479238], [-79.2535885201339, 43.7780018036779], [-79.2538519160022, 43.7786603281931], [-79.2540346378083, 43.7791171254496], [-79.2542214397277, 43.7795973969823], [-79.2542285207175, 43.7796155764505], [-79.2544606559377, 43.7800874834059], [-79.254500630084, 43.7801613704938], [-79.254539695087, 43.7802355426004], [-79.2545780161137, 43.7803098752982], [-79.2546156265234, 43.780384503252], [-79.2546523421186, 43.7804592651843], [-79.2546884367125, 43.7805342319056], [-79.254723660046, 43.7806093770846], [-79.2547581623328, 43.7806847912527], [-79.254791869311, 43.7807602932026], [-79.2548023362374, 43.7807860136056], [-79.2548056979255, 43.7807934380608], [-79.2548248921387, 43.7808359917766], [-79.254835965802, 43.7808621725275], [-79.2548569943986, 43.7809119400874], [-79.2548883639722, 43.7809879591313], [-79.2549059510348, 43.7810317244901], [-79.2549189869922, 43.7810641837521], [-79.2549489017939, 43.7811405776208], [-79.25497790831, 43.7812171403835], [-79.2549830568761, 43.7812311485981], [-79.2544791479084, 43.781327621309], [-79.2518499481808, 43.781837979597], [-79.2509168409129, 43.7820180425916], [-79.2507176290216, 43.7820564844654], [-79.2506550288466, 43.7820677971481], [-79.249664234501, 43.7822468424081], [-79.2478278125585, 43.7825786475442], [-79.2464416344097, 43.7828584149405], [-79.2452069592184, 43.7831279628861], [-79.2451740928349, 43.7831351265372], [-79.2437339204701, 43.7834494854606], [-79.2421470532105, 43.783816160406], [-79.2404620418887, 43.7842081985451], [-79.2389919691158, 43.7845870489328], [-79.2374878547919, 43.7849983950756], [-79.2352947107172, 43.785606692284], [-79.2346263128236, 43.7857920695884], [-79.2326496750598, 43.7864053013184], [-79.2318787263457, 43.7866444738862], [-79.2306813047501, 43.7870472682802], [-79.2305302382239, 43.7870984889104], [-79.2303794167554, 43.7871502407498], [-79.2302290903211, 43.7872025600846], [-79.2300790091769, 43.7872554025316], [-79.22992927373, 43.7873087768501], [-79.2297799332565, 43.7873627819449], [-79.229631099954, 43.787417237682], [-79.2294825115771, 43.7874722705526], [-79.2293342801782, 43.7875277895565], [-79.2291865197235, 43.7875839756344], [-79.2290390534503, 43.7876405856503], [-79.2288920449157, 43.7876977625979], [-79.2287454307683, 43.7877554631797], [-79.2285992867497, 43.7878137317889], [-79.2284534259877, 43.7878724151688], [-79.2283080097975, 43.7879317742269], [-79.2281630123459, 43.7879915474582], [-79.2280184850766, 43.7880519706574], [-79.2278743148452, 43.7881128349875], [-79.2277323941442, 43.7881738582782], [-79.2276212227388, 43.7882214162252], [-79.227510433775, 43.7882695688355], [-79.2274000153307, 43.788318172767], [-79.2272900789966, 43.788367236955], [-79.227180525276, 43.7884169318271], [-79.227071430235, 43.7884669965582], [-79.2269628902665, 43.7885175758036], [-79.2268545473697, 43.7885687135291], [-79.226746847859, 43.7886203212233], [-79.2266394928841, 43.7886724599763], [-79.2265326462114, 43.7887250134827], [-79.2264261953332, 43.7887780457243], [-79.2263201878631, 43.7888316276697], [-79.2262147131824, 43.7888855527233], [-79.2261097199741, 43.7889401271146], [-79.226005222524, 43.7889950359386], [-79.2259010821988, 43.7890505120397], [-79.225797572915, 43.7891064129125], [-79.2256944343918, 43.7891628821768], [-79.2255918038061, 43.7892196941715], [-79.2255242223223, 43.7892576781508], [-79.2253350412228, 43.7890884162503], [-79.2251993306124, 43.7889669711101], [-79.2248189450496, 43.7886370012557], [-79.224711424274, 43.7885436437365], [-79.2246243691231, 43.7884689490735], [-79.2245577064727, 43.7884315420415], [-79.2244806538371, 43.7884164592438]]]]}"
22,Golfdale-Cedarbrae-Woburn,141,28351,207,227,195,228,200,226,168,184,198,765.5042,842.7697,725.3925,836.7587,722.2042,806.0202,596.358,653.3627,698.3881,22,19,10,26,35,21,37,50,75,81.35794,70.54019,37.19961,95.41985,126.3857,74.89568,131.3407,177.5442,177.5442,7,4,15,10,3,2,3,2,2,25.88662,14.85057,55.79942,36.69994,10.83306,7.132922,10.64925,7.101768,7.101768,55,58,38,48,38,40,40,26,29,203.3949,215.3332,141.3585,176.1597,137.2188,142.6584,141.99,92.32299,102.2892,2,3,1,,,,1,2,1,7.396176177,11,4,,,,3.54975,7.101768,3.527212,43,53,38,74,41,47,28,21,16,159.0178,141.3585,271.5796,148.0518,167.6237,99.39299,74.56857,56.4354,196.77,1,3,2,3,8,11,12,13,7,3.698088,11.13792,7.439923,11.00998,28.88817,39.23107,42.597,46.1615,24.69049,36,56,49,48,68,62,64,61,36,133.1312,207.9079,182.2781,176.1597,245.5494,221.1206,227.184,216.6039,126.9796,3,5,5,10,4,4,4,5,8,11.09426,18.56321,18.59981,36.69994,14.44408,14.26584,14.199,17.75442,28.2177,"{'type': 'MultiPolygon', 'coordinates': [[[[-79.2194817820012, 43.771794489923], [-79.2186874095547, 43.7698198596638], [-79.2176178199977, 43.7700551133833], [-79.2163069061539, 43.7703523447772], [-79.2143094053357, 43.7708104879587], [-79.2129818712154, 43.7711113928649], [-79.2127799464903, 43.7711454674629], [-79.2126035947407, 43.7711618929825], [-79.2123839524874, 43.7711735460674], [-79.2122216457289, 43.7711880523617], [-79.2120405346641, 43.7711815557091], [-79.2118581767763, 43.7711837521159], [-79.210722691218, 43.7711737723997], [-79.2104525732178, 43.7711713968036], [-79.2103109648375, 43.7711645302017], [-79.210134250023, 43.7711762336943], [-79.209917707232, 43.7712147489425], [-79.2097800061598, 43.7712446616966], [-79.2096726970923, 43.7712679718138], [-79.208751322439, 43.7714594495451], [-79.2077743251239, 43.7691266169752], [-79.2076082122053, 43.7687173771239], [-79.2067908459045, 43.7668089609183], [-79.2066125136866, 43.7663687684276], [-79.2064217805612, 43.765935457865], [-79.2058773195129, 43.7645947452937], [-79.2056317450236, 43.7640583812127], [-79.2048630105123, 43.7642402392376], [-79.2035580627036, 43.764537069016], [-79.2020623237439, 43.7648773128866], [-79.2019416371715, 43.7646820055761], [-79.201883965007, 43.7646132390146], [-79.2017474932669, 43.7644804846851], [-79.2016048296613, 43.7642793865946], [-79.2014672435175, 43.76409398964], [-79.2013559998722, 43.7638389026939], [-79.2013379749689, 43.7636698142293], [-79.2013739629103, 43.7635185983925], [-79.2014471078611, 43.7633229327927], [-79.2014982467874, 43.7632416502419], [-79.2016117996808, 43.7631246438194], [-79.2018494318415, 43.7630036935288], [-79.2021702174206, 43.7629144818266], [-79.2024317802065, 43.7628338292086], [-79.2026457596528, 43.7626809337016], [-79.2026597126292, 43.7626094829272], [-79.202686888449, 43.7624062073552], [-79.2025257057843, 43.762233325623], [-79.2023656094999, 43.7621020136782], [-79.2021888862405, 43.7619603152428], [-79.2019854082137, 43.7617717229711], [-79.201810902203, 43.7615465442119], [-79.2017688457262, 43.7613600380631], [-79.2017585268347, 43.761181968145], [-79.2017445180487, 43.7611069873276], [-79.2017390066352, 43.7609939808015], [-79.2017895938177, 43.7608382756992], [-79.2018251292601, 43.7608174583861], [-79.2019231295979, 43.7607600435698], [-79.2020952155825, 43.7606791486473], [-79.2022958755599, 43.7605761577936], [-79.202411543442, 43.7603793057418], [-79.2024517080699, 43.7601261262522], [-79.2024589948989, 43.7598310863515], [-79.2025188525852, 43.7596083456836], [-79.2026282236887, 43.7593660130057], [-79.2026940269198, 43.7591263019546], [-79.2027175807829, 43.7590744537329], [-79.2028224589734, 43.7588435848055], [-79.2028305560949, 43.7586505667187], [-79.2028111963518, 43.7584745524151], [-79.2028843942677, 43.7583714625444], [-79.20299890864, 43.7582181551546], [-79.203152353958, 43.7580476568722], [-79.2033718010589, 43.7578574471951], [-79.2036196516926, 43.7576139234808], [-79.2037813111532, 43.7574163073882], [-79.2038431629971, 43.7574098786715], [-79.2034169027701, 43.7571667139321], [-79.2029381558928, 43.7562098858932], [-79.2027675019378, 43.755868846387], [-79.2039810178889, 43.7554758896124], [-79.203414570011, 43.7538775819519], [-79.203621162046, 43.7538355244061], [-79.2038518797013, 43.7537891088895], [-79.2040827052675, 43.7537433509719], [-79.2043138869708, 43.7536981330035], [-79.2045450790712, 43.7536534279407], [-79.2046590768347, 43.7536277993335], [-79.2047728288731, 43.7536016202269], [-79.2048863472148, 43.7535748205815], [-79.2049995960283, 43.7535475601011], [-79.2051124993388, 43.7535195962938], [-79.2052251569472, 43.7534911639241], [-79.2053375441386, 43.7534620924347], [-79.2054496850496, 43.753432488449], [-79.2055614691264, 43.7534023520322], [-79.2056731308027, 43.7533716940699], [-79.2057842866416, 43.7533403770874], [-79.2058952222617, 43.7533085280211], [-79.2060058981729, 43.7532761381484], [-79.2061161931858, 43.7532431893607], [-79.2062262670754, 43.7532096553554], [-79.2063325496886, 43.7531766685779], [-79.2063359324027, 43.7531756151246], [-79.2064452665885, 43.7531409717443], [-79.2065542171408, 43.7531057775134], [-79.2066629221245, 43.7530701507476], [-79.2067712458625, 43.7530338930376], [-79.2068792234747, 43.7529970760649], [-79.206986955985, 43.7529597275264], [-79.2070941684962, 43.7529218187994], [-79.2072010119624, 43.7528833693608], [-79.2073076333715, 43.7528444067283], [-79.2074137364518, 43.752804910948], [-79.2075194809772, 43.752764855716], [-79.2076248558097, 43.7527243227923], [-79.2077298614198, 43.7526832131445], [-79.2078344956826, 43.7526415978696], [-79.207938649196, 43.7525993969205], [-79.2080424079363, 43.7525567259939], [-79.2081458080822, 43.7525134965215], [-79.2082487130014, 43.752469833314], [-79.2083512242912, 43.7524256200173], [-79.2085494625294, 43.7523429634955], [-79.2087444222987, 43.7522603074531], [-79.2089391478261, 43.7521770747685], [-79.2091334155466, 43.7520933897915], [-79.2093271394033, 43.7520091809469], [-79.2095205054388, 43.7519243323037], [-79.2097133883318, 43.7518391309191], [-79.2099059004443, 43.7517533075444], [-79.2100980427403, 43.7516669963516], [-79.2102895782495, 43.7515801882288], [-79.2104807051277, 43.751492902489], [-79.2105877227723, 43.7514431988612], [-79.2106960020673, 43.7513940830235], [-79.210804627312, 43.7513454812091], [-79.2109138960401, 43.7512974124815], [-79.2110236460265, 43.7512499022106], [-79.2111337529168, 43.7512029970682], [-79.2112443525382, 43.7511566406554], [-79.2112835333285, 43.7511404837175], [-79.2113553606317, 43.7511108262497], [-79.2114668248672, 43.7510655798064], [-79.2115787945667, 43.7510209552181], [-79.2116911218437, 43.7509768718364], [-79.2118038311905, 43.7509333831656], [-79.2119170346389, 43.7508904810535], [-79.2120081031343, 43.7508542463457], [-79.2120994036243, 43.7508186427533], [-79.2121912241294, 43.7507835082139], [-79.212283401104, 43.7507489959316], [-79.2123759479212, 43.7507149071327], [-79.2124689887318, 43.7506814940618], [-79.2125622883512, 43.7506486044772], [-79.2126559324979, 43.7506162379187], [-79.2127499580794, 43.7505844480844], [-79.2128443542902, 43.7505531807822], [-79.2129391086907, 43.7505224367169], [-79.2130341194287, 43.7504923412472], [-79.213129500971, 43.7504626791731], [-79.2132252519111, 43.7504336647599], [-79.2133213714655, 43.7504052826882], [-79.2134177254104, 43.7503773687915], [-79.2135144743935, 43.750350075943], [-79.2136114434289, 43.7503233158707], [-79.2137086817964, 43.7502971856841], [-79.2138062783736, 43.7502715787274], [-79.2139041210379, 43.7502465481697], [-79.2140022082558, 43.7502221038905], [-79.2141148813783, 43.7501933838471], [-79.2166668766946, 43.7495427137495], [-79.2167562583184, 43.749523591076], [-79.2168453801058, 43.7495038475234], [-79.2169341208129, 43.7494836342631], [-79.2170227637624, 43.749462862979], [-79.2171111376704, 43.7494414877808], [-79.2171991527336, 43.749419563091], [-79.2172870459367, 43.7493970971096], [-79.2173745817993, 43.7493740726576], [-79.2174618477156, 43.7493505163095], [-79.2175488921272, 43.7493264279214], [-79.2176355296799, 43.7493018172075], [-79.2177219452838, 43.7492766474367], [-79.2178079914164, 43.7492509091056], [-79.2178937910863, 43.7492246842665], [-79.217979345721, 43.7491978829051], [-79.2180645179027, 43.7491705316909], [-79.2181493311504, 43.7491426751095], [-79.218233787411, 43.7491143311996], [-79.2183179730922, 43.7490853923644], [-79.218401800955, 43.7490559941007], [-79.2184851224235, 43.7490260368525], [-79.2185683468308, 43.7489955387077], [-79.2186510399176, 43.7489645262101], [-79.2187334115025, 43.7489330440489], [-79.2188153762969, 43.7489009945554], [-79.2188969960651, 43.7488684309148], [-79.218978083613, 43.7488354249409], [-79.2190589613302, 43.7488018691132], [-79.2191393090529, 43.7487677539404], [-79.2192193363864, 43.7487332150449], [-79.2192989422234, 43.7486981437074], [-79.2193780919489, 43.7486625763046], [-79.2194567347167, 43.748626593979], [-79.2195412141357, 43.7485876637941], [-79.2196243164173, 43.7485483438366], [-79.2197070862503, 43.7485086710952], [-79.2197894726104, 43.7484684394908], [-79.2198713653948, 43.7484276761209], [-79.2199527503362, 43.7483865689419], [-79.220033665581, 43.7483449204674], [-79.220114173042, 43.7483028207996], [-79.2201942108594, 43.7482602617728], [-79.2202737422935, 43.7482171419741], [-79.2203528152452, 43.7481736890442], [-79.2204313452498, 43.7481296936828], [-79.2205095415112, 43.7480852212748], [-79.2205870808975, 43.7480404045453], [-79.2206641639419, 43.7479950566404], [-79.2209033010548, 43.7478470848581], [-79.2209784642426, 43.7478005786808], [-79.2210574431655, 43.7477450453125], [-79.2211356665232, 43.7476891858964], [-79.221213531918, 43.7476329111844], [-79.2212906412228, 43.7475762023744], [-79.2213673794987, 43.7475191419935], [-79.2214433987716, 43.7474617372312], [-79.2215189113873, 43.7474038635413], [-79.2215939292532, 43.7473455382172], [-79.2216682038523, 43.7472869329645], [-79.221741982929, 43.7472279021786], [-79.2218152420433, 43.7471684742919], [-79.2218877957858, 43.7471087031436], [-79.2219598533557, 43.7470485703816], [-79.2220312683939, 43.7469879854928], [-79.2221020882175, 43.746927112182], [-79.2221722507889, 43.7468658225326], [-79.2222418325703, 43.7468041348425], [-79.222310918239, 43.7467421674785], [-79.2223464429282, 43.7467097323507], [-79.2223792236768, 43.7466797845672], [-79.2224469225175, 43.7466171202653], [-79.2225141496655, 43.7465540227089], [-79.2225806222071, 43.7464906090482], [-79.2226464628833, 43.7464268865959], [-79.2227118198699, 43.746362758617], [-79.22277645819, 43.7462983592144], [-79.2228403163978, 43.7462336244077], [-79.2229328685107, 43.746141838479], [-79.2230250581381, 43.7460507086094], [-79.2231178411048, 43.7459598318912], [-79.223211256508, 43.7458693980092], [-79.2233052641831, 43.745779253274], [-79.2233999166203, 43.7456894705301], [-79.2234953255105, 43.7455999686781], [-79.2235912037147, 43.7455108819094], [-79.2236340461456, 43.7454715507447], [-79.2236878361767, 43.7454221921432], [-79.223785101515, 43.7453338461696], [-79.2238828486714, 43.7452457443986], [-79.2239813379059, 43.7451581573845], [-79.2240804220368, 43.7450708964609], [-79.2241800250996, 43.7449839685488], [-79.2242803840456, 43.7448974664662], [-79.2243812251862, 43.7448112797142], [-79.2244828222974, 43.7447254737708], [-79.2245848882123, 43.7446400999954], [-79.2246875854009, 43.7445549979434], [-79.2247909015364, 43.7444703745074], [-79.224894823496, 43.7443860854222], [-79.2249993773743, 43.7443022562433], [-79.2251044380676, 43.7442187076524], [-79.2252101051158, 43.7441356014603], [-79.2252433240248, 43.744109767141], [-79.2253163774551, 43.744052973664], [-79.2254231701753, 43.7439706716804], [-79.2255546330578, 43.7438666539811], [-79.2256849615953, 43.7437634351512], [-79.2258157962852, 43.7436605139491], [-79.2259473755218, 43.7435580183257], [-79.2260794591656, 43.7434559634582], [-79.2262120261218, 43.7433543066999], [-79.2263453360528, 43.7432530025593], [-79.2264791397239, 43.7431521218962], [-79.2266135747728, 43.7430516299298], [-79.2267484913005, 43.7429515981621], [-79.226884002053, 43.742851909492], [-79.2270201552678, 43.7427526547029], [-79.2271568156997, 43.742653787576], [-79.2272940944773, 43.7425553719593], [-79.2274318543179, 43.7424573886138], [-79.2275702221898, 43.7423597854849], [-79.2277092439886, 43.7422626065002], [-79.2278487481526, 43.7421658156828], [-79.22798884593, 43.7420695570149], [-79.2281293381525, 43.7419736779441], [-79.2288954920021, 43.7414843916317], [-79.2289116763425, 43.7415187512998], [-79.2290422069246, 43.7416902011336], [-79.2291805211853, 43.7420191808477], [-79.2293236333392, 43.7423914138855], [-79.2295744114633, 43.7429712265132], [-79.229797234263, 43.7435511438774], [-79.2300331528326, 43.7440910989182], [-79.2306085452597, 43.7454441136985], [-79.2310767152088, 43.7465271789738], [-79.2314979361138, 43.7475725885818], [-79.2319530526723, 43.7486440978273], [-79.2322940917128, 43.7494687502235], [-79.2323801148148, 43.7496558978597], [-79.2327616396335, 43.7505938330957], [-79.2331716960189, 43.7515686398352], [-79.2332567812978, 43.751741625625], [-79.2335616210323, 43.7524712445306], [-79.233687134841, 43.7527800348708], [-79.2337073421158, 43.7528297505951], [-79.2338089329332, 43.7530757122465], [-79.2338390619871, 43.7531506089193], [-79.23395785034, 43.7531198047372], [-79.2342016832361, 43.7530416835419], [-79.2345213891013, 43.7530275926686], [-79.2348608517201, 43.7530895975308], [-79.2352205823765, 43.7531513606981], [-79.2355072859182, 43.7532154830712], [-79.2358021884682, 43.7533300206336], [-79.2360756549363, 43.7533237938041], [-79.2364122044162, 43.7532891329824], [-79.236412924916, 43.7532892152323], [-79.2364968642055, 43.7532986348158], [-79.2366182017383, 43.7533119754802], [-79.2366881293088, 43.7533197245835], [-79.2369534372563, 43.7533646395693], [-79.237261224, 43.7534015954251], [-79.23758683081, 43.7534016498996], [-79.2375907049911, 43.7534016502316], [-79.2378356015308, 43.753366306201], [-79.2380185162683, 43.753508575538], [-79.2381343452627, 43.7537145990602], [-79.2381938194143, 43.7539469033212], [-79.2382403711716, 43.754141309772], [-79.238298520045, 43.7541707958063], [-79.2385448006417, 43.7543374310832], [-79.2388423163154, 43.7544817079081], [-79.2391456662449, 43.754623962497], [-79.2394274085598, 43.7547181186762], [-79.2396843606581, 43.7548019017316], [-79.239872132404, 43.7549656015015], [-79.2401139725201, 43.7551212155725], [-79.2402010321719, 43.7551309100898], [-79.2404256798714, 43.755155948053], [-79.2406668319783, 43.7552413142366], [-79.2409404709599, 43.7552286758897], [-79.2412008028503, 43.7553013744796], [-79.2415423410954, 43.7554135006667], [-79.2418586303394, 43.7555586482867], [-79.2421721315375, 43.7556853728705], [-79.2425056932622, 43.7557471615892], [-79.2427937033838, 43.7556560249404], [-79.2430077124587, 43.755649188562], [-79.2431497966, 43.7557869835205], [-79.2431755574024, 43.7558377715541], [-79.2432340739416, 43.7560117161998], [-79.2431246548682, 43.7560354134886], [-79.2422113560578, 43.7562331567663], [-79.2413230359595, 43.7564254950105], [-79.2401913784671, 43.7566704969311], [-79.23824984861, 43.7570981515003], [-79.2352704197821, 43.7577304005368], [-79.2330811085053, 43.7581933798036], [-79.2309267870406, 43.7586473796581], [-79.2302656518423, 43.7587808397151], [-79.2292276947533, 43.7590034151327], [-79.2269824271956, 43.7594751547361], [-79.2258341326303, 43.7597154557478], [-79.2253275363589, 43.7598312642113], [-79.2254112012613, 43.7600384926112], [-79.2254859628436, 43.7603267095821], [-79.2257338386849, 43.7609573791658], [-79.2262560505481, 43.7622097589716], [-79.2270837229686, 43.7644080348817], [-79.2273915257924, 43.7651828799637], [-79.2280009195157, 43.7667325430784], [-79.2283572510686, 43.7675975031009], [-79.2290340184341, 43.7693723317428], [-79.2293705545215, 43.7701961956753], [-79.2295492749539, 43.7706337151455], [-79.229669550473, 43.7709151962297], [-79.2298032454287, 43.7712566659301], [-79.2306846708998, 43.773507858115], [-79.2311912368342, 43.7748142648504], [-79.2314512014861, 43.7755349960891], [-79.2316203745095, 43.7760754716029], [-79.2317600290397, 43.776444864962], [-79.2287398925161, 43.7771155337837], [-79.2265791128846, 43.7775981572542], [-79.2233578794328, 43.7782965102972], [-79.2223823191849, 43.7785272125377], [-79.2222204069688, 43.7785655061294], [-79.2214736641797, 43.7767074965558], [-79.2214325799744, 43.776614450543], [-79.2210559893198, 43.7756895990913], [-79.2206583268243, 43.7747227401161], [-79.2200758329372, 43.773272281547], [-79.2194817820012, 43.771794489923]]]]}"
23,Guildwood,140,10277,51,39,44,44,47,30,37,37,37,515.2556,394.5771,444.8488,440,463.9684,293.1119,360.4832,361.6106,360.0273,2,,4,5,2,3,11,13,9,20.2061,,40.4408,50,19.74334,29.31119,107.1707,127.0524,127.0524,3,2,6,2,1,2,4,,2,30.30915,20.23472,60.66121,20,9.871668,19.54079,38.97116,,,13,20,18,10,16,10,3,7,6,131.3397,202.3472,181.9836,100,157.9467,97.70396,29.22837,68.41282,58.3828,,,,,,1,,2,,,,,,,9.770395,,19.54652,,16,6,8,10,5,7,3,4,6,161.6488,80.88161,100,49.35834,68.39277,29.22837,39.09304,58.3828,60.70417,,,,,2,,1,,1,,,,,19.74334,,9.74279,,9.730466,23,59,31,40,28,28,34,33,23,232.3702,596.9243,313.4162,400,276.4067,273.5711,331.2549,322.5176,223.8007,1,2,1,4,1,1,1,,2,10.10305,20.23472,10.1102,40,9.871668,9.770395,9.74279,,19.46093,"{'type': 'MultiPolygon', 'coordinates': [[[[-79.1748005729721, 43.7577193920963], [-79.1746844578909, 43.7576780244943], [-79.1745069728765, 43.7577279443014], [-79.174294754918, 43.7577179601325], [-79.1741905470646, 43.7575856343414], [-79.1740166384626, 43.7574755123337], [-79.1738347713636, 43.7573742611494], [-79.1736480348287, 43.757318919986], [-79.1734735092279, 43.7571901460473], [-79.1732714787939, 43.7570699700105], [-79.1730522301892, 43.7569673321062], [-79.1728527154269, 43.7568873168944], [-79.1726622267852, 43.7568875731283], [-79.1724749658606, 43.7569494235925], [-79.1722531465147, 43.7569560784449], [-79.1721586107139, 43.7568434723302], [-79.1719854662575, 43.7567809754638], [-79.1719745103208, 43.7567724024387], [-79.1718613287584, 43.7566836582633], [-79.1717249150414, 43.7565967022209], [-79.1716146527021, 43.7564375056146], [-79.1715113365227, 43.7562958268936], [-79.171363565682, 43.7561831397945], [-79.1711779737741, 43.7561015950614], [-79.171087647455, 43.7559487017838], [-79.1709286256308, 43.7558250809176], [-79.1708034171981, 43.7557153743423], [-79.1707678773493, 43.7556357637659], [-79.1709481618593, 43.7555799629323], [-79.1711631770005, 43.7555040623501], [-79.1713356712824, 43.7554010360985], [-79.17153169695, 43.7553205883592], [-79.1717380938251, 43.7552626651007], [-79.1719247566072, 43.7551911822053], [-79.1721401541844, 43.7551152813915], [-79.1723439038843, 43.7550438559661], [-79.1725461615419, 43.7549589151788], [-79.1727499344446, 43.7548829803473], [-79.1729395526608, 43.7548385073086], [-79.1731353677632, 43.7547985628521], [-79.1733219408698, 43.7547405790675], [-79.173535374598, 43.7546736713178], [-79.1737313962763, 43.7545932197209], [-79.1739320114671, 43.7545217737629], [-79.1741244945545, 43.7544503046432], [-79.1743030792542, 43.7543653020612], [-79.1745056554528, 43.7542938603138], [-79.1746860792943, 43.7542268560858], [-79.1748894258821, 43.7541554160575], [-79.1750760939829, 43.7540839289722], [-79.1752601029725, 43.7539989313872], [-79.1754511028209, 43.7539139532996], [-79.175638588307, 43.7538334656434], [-79.1758222468465, 43.7537439660062], [-79.1758398359004, 43.7537339348858], [-79.1758963631802, 43.7536737868773], [-79.1759610197062, 43.7536192518661], [-79.1760635073056, 43.7535471458655], [-79.1761547767455, 43.7534991310667], [-79.1762794289743, 43.7534319120274], [-79.1764219847727, 43.7533373804638], [-79.1767694968083, 43.7531066728269], [-79.1769676144281, 43.7529994261724], [-79.1773081223075, 43.7528282312073], [-79.1773594895836, 43.7527688329908], [-79.1773418628582, 43.7527446505986], [-79.1773020281435, 43.752723628982], [-79.1772932444101, 43.7527058983385], [-79.1772933055454, 43.7526946383899], [-79.1773088744319, 43.752688246522], [-79.1773332949035, 43.7526867128894], [-79.1773510178979, 43.7526931991519], [-79.1774307517015, 43.752725594102], [-79.1774484994566, 43.7527272556631], [-79.1775306452841, 43.7527242648719], [-79.1776239239997, 43.7527132582209], [-79.1777483784409, 43.7526846530681], [-79.1778817765817, 43.7526415801067], [-79.1779551775237, 43.7526112187713], [-79.1780731397606, 43.7525520169133], [-79.1782245188695, 43.7524671658889], [-79.1783048846867, 43.7523837260321], [-79.1782894198724, 43.7523708112659], [-79.1782695346531, 43.7523530585619], [-79.1782497274339, 43.7523208237497], [-79.1782653355353, 43.7523047822127], [-79.1782831309445, 43.7522999986565], [-79.1782986599478, 43.7523032651841], [-79.1783207726915, 43.7523178102653], [-79.1783716734215, 43.7523452988362], [-79.1784159802298, 43.7523615176759], [-79.1784521936811, 43.7523722862876], [-79.1784738150444, 43.7523787111739], [-79.1785063809951, 43.7523866781934], [-79.1785606903001, 43.7523947163078], [-79.1786008813983, 43.7523979797726], [-79.1786411010154, 43.7523980923835], [-79.1786737298759, 43.7523942421044], [-79.178674991106, 43.7523603650872], [-79.178681620077, 43.7523398973046], [-79.1786969407711, 43.7523218207932], [-79.1787209544621, 43.7523037594941], [-79.178755819653, 43.7522880968719], [-79.1788342290447, 43.7522591707574], [-79.1789431592226, 43.7522145612873], [-79.1790085343919, 43.7521847979557], [-79.179084859697, 43.7521393130658], [-79.1791525014602, 43.7520922284434], [-79.1792354552845, 43.7520262756329], [-79.1792097954765, 43.7519505670024], [-79.1791872502452, 43.7518961360186], [-79.1792061372626, 43.751886765222], [-79.1792259070917, 43.7518819508561], [-79.179267034263, 43.7518772328181], [-79.1793325987794, 43.7518725827311], [-79.1793937383667, 43.7518638968712], [-79.1794827035418, 43.7518440197509], [-79.1795694980672, 43.7518168726052], [-79.1796307708188, 43.7517832268851], [-79.1796931975524, 43.7517407272713], [-79.1797578878978, 43.7516901774619], [-79.1797836100444, 43.75165884469], [-79.1798116117083, 43.7516146369207], [-79.1798070956077, 43.7515952538441], [-79.1798068219759, 43.7515953071088], [-79.1797837266263, 43.7515928485322], [-79.1797771462035, 43.7515880500744], [-79.1797672877611, 43.7515808395257], [-79.1797574802301, 43.7515616665722], [-79.1797542927418, 43.7515401266642], [-79.1797544079481, 43.7515185871491], [-79.1800330890057, 43.7513348337777], [-79.1800895671938, 43.7513178448142], [-79.1801310328695, 43.7513077629493], [-79.1801505583657, 43.7513089517994], [-79.1801614770234, 43.7513129423714], [-79.1801684750848, 43.7513186325228], [-79.1801731326914, 43.7513254414722], [-79.1801738631888, 43.751335066357], [-79.1801722657419, 43.7513412993859], [-79.1801667656603, 43.7513458117757], [-79.1801542473742, 43.7513508714558], [-79.180111959594, 43.7513683232685], [-79.1801376409667, 43.7513865146148], [-79.1801602417822, 43.7513979104187], [-79.1801898931604, 43.7514053560429], [-79.1802195584352, 43.7514099666158], [-79.180258626142, 43.7514095002798], [-79.1803078746876, 43.7514045429578], [-79.1803688842968, 43.7513922566258], [-79.1804095733575, 43.75138103773], [-79.1804479346876, 43.7513664188695], [-79.1804910239744, 43.7513450171675], [-79.1805349246076, 43.751318523271], [-79.1805890324206, 43.7512801494428], [-79.180618862638, 43.7512536160396], [-79.1806534753627, 43.7512106694037], [-79.1806896785438, 43.7511603641467], [-79.1807173162907, 43.7511071898737], [-79.1807385565718, 43.7510312073012], [-79.1807373795904, 43.7510307806936], [-79.1807175994791, 43.7510259458932], [-79.1806747361771, 43.7510162488987], [-79.1806417822775, 43.7510065890259], [-79.1806220280525, 43.750996965553], [-79.1806056655473, 43.7509705906775], [-79.1806025036224, 43.7509442630301], [-79.1806125137545, 43.7509251536049], [-79.1806422788268, 43.7509132654759], [-79.1806752711878, 43.7509157518126], [-79.1807233658088, 43.7509245542994], [-79.1807765461935, 43.7509133702932], [-79.1808439890316, 43.7508705060245], [-79.1810109774239, 43.7507627872887], [-79.1811940192924, 43.7506459131799], [-79.1813068980352, 43.7505792503001], [-79.1814158606136, 43.7505110186581], [-79.181517753521, 43.7504506885901], [-79.1816753350309, 43.750350872069], [-79.1817765432982, 43.7502765877403], [-79.1819048783464, 43.7501984726093], [-79.1820282700831, 43.7501274816421], [-79.1822098726077, 43.7500357420304], [-79.1823861913888, 43.7499354104778], [-79.1825225482803, 43.7498593148327], [-79.1827160933727, 43.74975109942], [-79.1829171212273, 43.7496341376293], [-79.1831142842082, 43.7495226377967], [-79.1832813090184, 43.7494370581914], [-79.1834774567046, 43.7493410099454], [-79.1836754318624, 43.7492515370029], [-79.1838740827615, 43.7491633970996], [-79.1840857965827, 43.7490606848755], [-79.1842813070554, 43.7489627883563], [-79.1844815191363, 43.7488723294344], [-79.1846766261982, 43.7487752865779], [-79.1848602948017, 43.7486784902515], [-79.1850522880794, 43.7485734353067], [-79.1852398890786, 43.7484795108843], [-79.1854168123987, 43.7483876639036], [-79.1855879636826, 43.7483071146763], [-79.1856862667069, 43.7482454660319], [-79.1857298914044, 43.7482209231423], [-79.1857497710564, 43.7482066203802], [-79.1857763061122, 43.74818037363], [-79.1858062436128, 43.7481373763805], [-79.1858429249847, 43.7480656923474], [-79.1859127471184, 43.7479677718582], [-79.1859824809984, 43.7478890044072], [-79.1860620735492, 43.747817438823], [-79.1861382880002, 43.7477602110797], [-79.1862342812344, 43.7477078360212], [-79.186353381441, 43.7476555143282], [-79.1864856044547, 43.7476175861316], [-79.1867066401686, 43.7475732943523], [-79.1869339098425, 43.7474882161322], [-79.1870890918402, 43.7474144539379], [-79.1871785708601, 43.7473633468881], [-79.1873259910354, 43.7472705336302], [-79.1874918534571, 43.747162567769], [-79.1876630047423, 43.7470451020069], [-79.1878261781709, 43.7469504319961], [-79.1879971720209, 43.7468653063493], [-79.1880392509914, 43.7468464013885], [-79.1880602543991, 43.7468426512786], [-79.1880996135072, 43.7468427586113], [-79.1881310620695, 43.746850450366], [-79.1881677104185, 43.7468657714729], [-79.1882043115332, 43.7468924968156], [-79.1882277499083, 43.7469268016404], [-79.1882302145027, 43.746959140621], [-79.188211709246, 43.7469838252785], [-79.1881853772132, 43.7470046726965], [-79.1881591094051, 43.7470084077797], [-79.1881040361105, 43.7470025509156], [-79.1880724690292, 43.7470176771709], [-79.1878909853792, 43.747104682209], [-79.1878383556347, 43.7471349805412], [-79.1877856118303, 43.7471823903863], [-79.1877171098008, 43.7472373618843], [-79.1876828077566, 43.7472772156509], [-79.1876590028271, 43.747313290482], [-79.1876944694429, 43.7473769897216], [-79.1878195547752, 43.7473218487249], [-79.1879153877262, 43.7472759064543], [-79.1880576465824, 43.7472132871606], [-79.1881679905737, 43.7471631899851], [-79.1882580915242, 43.747104640479], [-79.1883627674201, 43.7470293247921], [-79.1885172954485, 43.7469614981274], [-79.1886316422793, 43.7468911596996], [-79.1886915106559, 43.7468537070559], [-79.1887748859868, 43.7467843451116], [-79.1888686410263, 43.7467150035734], [-79.1889759600303, 43.746625508756], [-79.1890756937952, 43.7465478379374], [-79.1891644500062, 43.7464175536568], [-79.1892688078987, 43.7463458272687], [-79.1893482866451, 43.746283026276], [-79.1895228275429, 43.7461835954227], [-79.1895302374345, 43.7461648842763], [-79.1895391926733, 43.746133062104], [-79.1895452375373, 43.7460948687107], [-79.1895365363903, 43.7460799935706], [-79.1895190938237, 43.7460555341302], [-79.1895073955673, 43.7460512538827], [-79.1894737942268, 43.7460373644553], [-79.1894694552272, 43.7460288637279], [-79.1894695259676, 43.746015065764], [-79.1894783426307, 43.7460076540573], [-79.1894959937149, 43.7459917882938], [-79.1895473277516, 43.7459738802724], [-79.1896470448896, 43.7459423049719], [-79.1896939962856, 43.7459243850695], [-79.1897832586566, 43.7458807284992], [-79.1898483734944, 43.7457909198534], [-79.1899153566874, 43.7457361129762], [-79.1900249668088, 43.7456567772204], [-79.1901447358076, 43.7455720046645], [-79.1903216524987, 43.7454999517723], [-79.1904560967805, 43.745422563861], [-79.1905832995771, 43.7452923092762], [-79.1906871474743, 43.7451839644096], [-79.1907900541119, 43.745077416089], [-79.190920677566, 43.7449796295418], [-79.1910647345503, 43.7448699338207], [-79.1912174296372, 43.7447533220511], [-79.1913452577176, 43.744619315647], [-79.1914622359412, 43.74450443412], [-79.1916203548957, 43.7444000860723], [-79.1917550790489, 43.744330051672], [-79.1918946435193, 43.7441925469552], [-79.1920383986565, 43.7440804196099], [-79.1921891177139, 43.7439683014202], [-79.1923390775621, 43.7438516799657], [-79.192492550884, 43.7437350778762], [-79.1926138857883, 43.7436048776197], [-79.1927871671792, 43.7435065373519], [-79.1929128127813, 43.7433999496628], [-79.1930306940997, 43.7433574022131], [-79.193124290859, 43.743283069268], [-79.1931819815443, 43.743228001851], [-79.1932186885138, 43.7431903219079], [-79.1933474781318, 43.7430659921085], [-79.1934932039451, 43.7429559198986], [-79.1935863844262, 43.7428972032324], [-79.1937177624165, 43.7428175795566], [-79.193849280752, 43.7427129600324], [-79.1940775053379, 43.7425736108857], [-79.1943614506585, 43.7423194566848], [-79.1946801759816, 43.7420054093402], [-79.1949641672416, 43.7417412440035], [-79.1950335150877, 43.7416614537029], [-79.1950683597595, 43.7415865754911], [-79.1951377455066, 43.7414967933983], [-79.1952209620706, 43.74140204358], [-79.1952984298217, 43.7413416358165], [-79.1953081005861, 43.7413368734305], [-79.1953212678466, 43.7413281226986], [-79.1953435450989, 43.7413150040858], [-79.1953658085034, 43.7413070164684], [-79.1954093129706, 43.7412895619702], [-79.1955003589257, 43.7412568514604], [-79.1955378309239, 43.741234250559], [-79.1955620540369, 43.74123651127], [-79.1955922588705, 43.7412541619533], [-79.1956265161373, 43.7412681688918], [-79.195683586334, 43.7412809045878], [-79.1957152329447, 43.7412809892437], [-79.1957548278016, 43.7412753604861], [-79.1958063436464, 43.741259718735], [-79.1958460006211, 43.7412397426024], [-79.1958897232869, 43.7412011263271], [-79.1959533623926, 43.7411353262358], [-79.1960388962988, 43.7410408879147], [-79.196130414628, 43.7409392915096], [-79.1962655912651, 43.7408091329431], [-79.1963702976527, 43.7407065362264], [-79.1964069382606, 43.7406714841766], [-79.196505421513, 43.7405277258433], [-79.1965763673552, 43.7403838857427], [-79.1966535116508, 43.7402445714504], [-79.1967700262558, 43.7401413575861], [-79.1968991493442, 43.7400021818291], [-79.197006976912, 43.7398539380866], [-79.1970961812171, 43.7397056551959], [-79.1972012650124, 43.7395619049431], [-79.1973191257908, 43.7394226977622], [-79.1974350271037, 43.7392879776109], [-79.197547452033, 43.7391532565221], [-79.1977090109821, 43.7390411605612], [-79.1978915365704, 43.7389246266776], [-79.1980547328125, 43.7388052252142], [-79.1980570261304, 43.7388035389683], [-79.1982322225459, 43.7386824852309], [-79.1984046784367, 43.7385659150826], [-79.1985709343215, 43.738444837801], [-79.1987111398336, 43.7383371838272], [-79.1988614028488, 43.7382340658264], [-79.1989937796074, 43.7381398927197], [-79.1990584673036, 43.7380815543628], [-79.1992067812763, 43.7379829313535], [-79.1993632827449, 43.7378708190425], [-79.199460319652, 43.7377855630897], [-79.1998939373703, 43.7374941540086], [-79.1999868723238, 43.7374493911532], [-79.2001224752093, 43.7373327222179], [-79.2003015590808, 43.7372071751173], [-79.2004785596116, 43.7371086168996], [-79.2006623065608, 43.7369785804776], [-79.2008255214645, 43.7368484896743], [-79.2010157584436, 43.736736463276], [-79.2011913047724, 43.7366199069103], [-79.2013479798317, 43.7364762878401], [-79.2015270027222, 43.7363597388575], [-79.2016925223192, 43.7362296533597], [-79.2018689128891, 43.7360950864669], [-79.2020443998727, 43.7359875297642], [-79.202211876029, 43.7358529472157], [-79.202379637877, 43.7357408692255], [-79.2025736104157, 43.7356603633955], [-79.2027815028621, 43.7355888944276], [-79.2029861905088, 43.7355354190479], [-79.2032048904137, 43.7354774790045], [-79.2034045714385, 43.7354194898077], [-79.20362135339, 43.735352533988], [-79.2038303663807, 43.7352900664403], [-79.2040288790553, 43.7352320730886], [-79.204232838934, 43.7351695920054], [-79.2044181773544, 43.7351070628352], [-79.2045988956119, 43.735040021029], [-79.204711857019, 43.7350133909491], [-79.2054098203678, 43.7366848458779], [-79.2055723795512, 43.7370813280861], [-79.2058866862548, 43.737703221385], [-79.2076092714928, 43.7360693733964], [-79.2082778247694, 43.7375833135331], [-79.2083275531679, 43.7377274695184], [-79.2083557431561, 43.7378355555765], [-79.2083701425211, 43.7379076022714], [-79.2083891407096, 43.7379886707744], [-79.2083980577442, 43.7380697045564], [-79.2084024082596, 43.7381327241133], [-79.2084036107935, 43.7382047367512], [-79.2083994753848, 43.7382587428776], [-79.2084123527809, 43.7383217844835], [-79.2084011530196, 43.7383937656247], [-79.2083898971068, 43.738474747807], [-79.2083754066949, 43.7385827345615], [-79.2083608290896, 43.7387087138874], [-79.208348615633, 43.7388257076471], [-79.2083442618152, 43.7389247100518], [-79.2083392131106, 43.7390057085178], [-79.2083333080761, 43.7391047154079], [-79.2083428638871, 43.7392127541591], [-79.2083517385083, 43.7393027891865], [-79.2083458321812, 43.7394017969526], [-79.2083625089766, 43.7394828497504], [-79.2083922956282, 43.7395819390761], [-79.2084098298048, 43.7396449924609], [-79.2084504356992, 43.739753111072], [-79.2085999264223, 43.7401315520448], [-79.2087873472551, 43.7405280834407], [-79.2088620082378, 43.7406542902978], [-79.2087704129556, 43.7408250803309], [-79.2085780911776, 43.7411216298528], [-79.2085036400676, 43.7412744613119], [-79.2084709276534, 43.7414634028968], [-79.2084243236267, 43.7416343073929], [-79.2083697483801, 43.7420122192417], [-79.208360869898, 43.7420842061205], [-79.2083334118771, 43.7421471446506], [-79.2082966728726, 43.7422010581751], [-79.2082567992124, 43.7422639649679], [-79.2082013753647, 43.7423358323999], [-79.2081281606526, 43.7423896528701], [-79.2080339375748, 43.7424614222722], [-79.2078946839401, 43.7425330759849], [-79.2089966288789, 43.7451623408929], [-79.2093524508465, 43.7460112496701], [-79.2098125546263, 43.7470482688001], [-79.2100980956652, 43.7476942178863], [-79.2103166613489, 43.7481919533347], [-79.2108487154336, 43.7493994438851], [-79.2111004581693, 43.7499851493312], [-79.2111702204386, 43.7501653405851], [-79.2112092866334, 43.7502734537559], [-79.211231309306, 43.750372522381], [-79.211244132511, 43.7504535656201], [-79.21125766876, 43.7505436120223], [-79.2112718645204, 43.7509847061862], [-79.2112827638176, 43.7511377543524], [-79.2112835333285, 43.7511404837175], [-79.2112443525382, 43.7511566406554], [-79.2111337529168, 43.7512029970682], [-79.2110236460265, 43.7512499022106], [-79.2109138960401, 43.7512974124815], [-79.210804627312, 43.7513454812091], [-79.2106960020673, 43.7513940830235], [-79.2105877227723, 43.7514431988612], [-79.2104807051277, 43.751492902489], [-79.2102895782495, 43.7515801882288], [-79.2100980427403, 43.7516669963516], [-79.2099059004443, 43.7517533075444], [-79.2097133883318, 43.7518391309191], [-79.2095205054388, 43.7519243323037], [-79.2093271394033, 43.7520091809469], [-79.2091334155466, 43.7520933897915], [-79.2089391478261, 43.7521770747685], [-79.2087444222987, 43.7522603074531], [-79.2085494625294, 43.7523429634955], [-79.2083512242912, 43.7524256200173], [-79.2082487130014, 43.752469833314], [-79.2081458080822, 43.7525134965215], [-79.2080424079363, 43.7525567259939], [-79.207938649196, 43.7525993969205], [-79.2078344956826, 43.7526415978696], [-79.2077298614198, 43.7526832131445], [-79.2076248558097, 43.7527243227923], [-79.2075194809772, 43.752764855716], [-79.2074137364518, 43.752804910948], [-79.2073076333715, 43.7528444067283], [-79.2072010119624, 43.7528833693608], [-79.2070941684962, 43.7529218187994], [-79.206986955985, 43.7529597275264], [-79.2068792234747, 43.7529970760649], [-79.2067712458625, 43.7530338930376], [-79.2066629221245, 43.7530701507476], [-79.2065542171408, 43.7531057775134], [-79.2064452665885, 43.7531409717443], [-79.2063359324027, 43.7531756151246], [-79.2063325496886, 43.7531766685779], [-79.2062262670754, 43.7532096553554], [-79.2061161931858, 43.7532431893607], [-79.2060058981729, 43.7532761381484], [-79.2058952222617, 43.7533085280211], [-79.2057842866416, 43.7533403770874], [-79.2056731308027, 43.7533716940699], [-79.2055614691264, 43.7534023520322], [-79.2054496850496, 43.753432488449], [-79.2053375441386, 43.7534620924347], [-79.2052251569472, 43.7534911639241], [-79.2051124993388, 43.7535195962938], [-79.2049995960283, 43.7535475601011], [-79.2048863472148, 43.7535748205815], [-79.2047728288731, 43.7536016202269], [-79.2046590768347, 43.7536277993335], [-79.2045450790712, 43.7536534279407], [-79.2043138869708, 43.7536981330035], [-79.2040827052675, 43.7537433509719], [-79.2038518797013, 43.7537891088895], [-79.203621162046, 43.7538355244061], [-79.203414570011, 43.7538775819519], [-79.2033907158719, 43.75388244433], [-79.2031603530018, 43.7539299305305], [-79.2029303708067, 43.753977966076], [-79.2027005232133, 43.7540265966184], [-79.202470932534, 43.7540758024741], [-79.2019930202262, 43.7541851906812], [-79.2017223862916, 43.7542471421675], [-79.2014473075998, 43.7543037801923], [-79.2011718464524, 43.7543598578045], [-79.2008962626369, 43.7544152863537], [-79.2006202974595, 43.7544701184885], [-79.2003442361607, 43.7545242038352], [-79.2000678047454, 43.7545777739738], [-79.1997912387649, 43.7546305958155], [-79.1995309346012, 43.7546796881974], [-79.1995144400378, 43.7546827956649], [-79.1994616398748, 43.7546926123159], [-79.199237246683, 43.7547343457586], [-79.199141540381, 43.7547519342157], [-79.1989599323113, 43.7547853179343], [-79.1986823845972, 43.7548356059774], [-79.1981661652728, 43.7549367039657], [-79.197646964615, 43.7550378732376], [-79.1971276027104, 43.7551383560201], [-79.1966079821824, 43.7552383758667], [-79.1960880754028, 43.7553379431421], [-79.1959527358239, 43.7553636781974], [-79.1955688047394, 43.7554366636409], [-79.1947422094072, 43.7556008283579], [-79.1934769973164, 43.755852112921], [-79.1921681674391, 43.7561120328546], [-79.1904794940672, 43.7564473306472], [-79.1893931691354, 43.756655911588], [-79.18722392849, 43.7570723852055], [-79.1868735980726, 43.757139628582], [-79.185877452176, 43.7573255599233], [-79.1855784637361, 43.7573985295917], [-79.1840385799526, 43.7576913489641], [-79.1819282865713, 43.7581085965209], [-79.1809446750311, 43.75829491649], [-79.1791187956896, 43.7586421386431], [-79.1787054476751, 43.7587207452958], [-79.1772127984562, 43.7590136059081], [-79.1766104201978, 43.75869263164], [-79.1756737767041, 43.7581935620124], [-79.1748075950109, 43.7577320220972], [-79.1748005729721, 43.7577193920963]]]]}"
24,Scarborough Village,139,17532,161,152,191,149,179,174,180,120,153,948.0068,897.3905,1127.842,870.4796,1033.07,994.9111,1027.221,687.1278,872.6899,20,15,9,21,20,20,23,26,25,117.7648,88.55827,53.14437,122.6851,115.4268,114.3576,131.2561,148.8777,148.8777,2,2,2,7,,2,9,5,9,11.77648,11.80777,11.80986,40.89502,,11.43576,51.36107,28.63033,28.63033,50,48,34,32,45,40,28,22,20,294.412,283.3865,200.7676,186.9487,259.7103,228.7152,159.79,125.9734,114.0771,1,,6,1,,,1,,,5.888241182,,35,6,,,5.706785,,,30,34,25,24,11,28,17,15,10,176.6472,147.6233,140.2115,63.48473,160.1006,97.01535,85.89098,57.03856,200.7321,1,2,3,5,2,6,3,3,1,5.888241,11.80777,17.71479,29.21073,11.54268,34.30728,17.12036,17.1782,5.703856,56,24,35,47,53,56,90,62,56,329.7415,141.6932,206.6726,274.5808,305.881,320.2013,513.6107,355.016,319.4159,3,2,2,4,4,2,7,6,8,17.66472,11.80777,11.80986,23.36858,23.08536,11.43576,39.9475,34.35639,45.63085,"{'type': 'MultiPolygon', 'coordinates': [[[[-79.2082778247694, 43.7375833135331], [-79.2076092714928, 43.7360693733964], [-79.2058866862548, 43.737703221385], [-79.2055723795512, 43.7370813280861], [-79.2054098203678, 43.7366848458779], [-79.204711857019, 43.7350133909491], [-79.2048802478338, 43.7349586927008], [-79.2049987764207, 43.7349232280037], [-79.2051331150207, 43.7348863818548], [-79.2052418081047, 43.7348466152896], [-79.2053031346734, 43.7348110116951], [-79.2054752376536, 43.7347156010863], [-79.2056177114344, 43.7346244167703], [-79.2056829936482, 43.7345666980033], [-79.2056942360974, 43.7345600119036], [-79.2057038059352, 43.7345400631553], [-79.2057230053087, 43.7344876892253], [-79.2057282853397, 43.7344639851844], [-79.2057266393702, 43.7344477517247], [-79.2057232872471, 43.7344302714679], [-79.2057173303844, 43.7344146482951], [-79.2057071360032, 43.7343871591924], [-79.2056986038833, 43.7343727804112], [-79.2056952206561, 43.7343590443161], [-79.2056935720574, 43.7343459342081], [-79.2056971075137, 43.7343259699333], [-79.2057075216406, 43.734306022737], [-79.2057170790607, 43.7342885669244], [-79.2057274892679, 43.7342717439588], [-79.2057447769379, 43.7342574311824], [-79.2057629099176, 43.7342456230089], [-79.205784468574, 43.7342363176384], [-79.2058094605527, 43.7342307559028], [-79.2058370185514, 43.734228333537], [-79.2058585347615, 43.7342302614395], [-79.2058731387726, 43.7342340436187], [-79.2058903016601, 43.7342453210623], [-79.2059143021636, 43.7342647263851], [-79.2059425861402, 43.7342891384038], [-79.2059708812582, 43.7343110574576], [-79.2060009357439, 43.7343261216764], [-79.2060232665525, 43.7343367824497], [-79.2060816631783, 43.7343439172547], [-79.2060822217052, 43.7343440088577], [-79.20620389926, 43.7343191276056], [-79.2064302702828, 43.734193772914], [-79.2066046626001, 43.7340430992142], [-79.206775289983, 43.7338344478604], [-79.2068151886233, 43.7337731796655], [-79.2068373952237, 43.7337327943814], [-79.2068655309077, 43.7336807216561], [-79.2068597832123, 43.733655170708], [-79.2068451990028, 43.7336370406201], [-79.2068321363839, 43.7336072043484], [-79.2068146929319, 43.7335720456483], [-79.2067986695535, 43.7335485924725], [-79.2067929075066, 43.7335262277158], [-79.2067871395616, 43.7335049343101], [-79.2067901940282, 43.7334793963431], [-79.2067947244918, 43.7334538716355], [-79.2068065922019, 43.7334283477269], [-79.2068228422716, 43.7334028529742], [-79.2068478761897, 43.7333858866418], [-79.2068699608281, 43.7333731706018], [-79.2069126229963, 43.7333509300911], [-79.2069567364872, 43.733334021839], [-79.2070331012755, 43.7333246308488], [-79.2070609920014, 43.733322569055], [-79.2070976923047, 43.7333216007804], [-79.2071328857073, 43.7333291443872], [-79.2071460568674, 43.7333366224627], [-79.2071782300343, 43.7333601164964], [-79.2072191837704, 43.7333878828002], [-79.2072579269798, 43.7334234827679], [-79.207281091286, 43.7334438668978], [-79.2073009571048, 43.7334482473622], [-79.2073367454851, 43.7334483388488], [-79.2073785247189, 43.7334441160845], [-79.2074342829263, 43.7334298294452], [-79.2074900410723, 43.7334126723882], [-79.2075458415061, 43.7333868552781], [-79.2075976980443, 43.7333552589053], [-79.2076835324732, 43.73328770786], [-79.2077474092282, 43.7332374011312], [-79.2078033139487, 43.7331928442624], [-79.2078492832335, 43.7331439321956], [-79.207899327669, 43.7330762896341], [-79.2079433953795, 43.7330100722438], [-79.2079695190359, 43.7329553484972], [-79.2079756580297, 43.732920754297], [-79.2079620114265, 43.7328985765701], [-79.2079029196324, 43.7328582980897], [-79.2078741744466, 43.7328343988326], [-79.2078543545307, 43.7328155808028], [-79.2078315748055, 43.7327902561686], [-79.2078137979246, 43.7327598940769], [-79.2078039020302, 43.7327476000316], [-79.2077900585059, 43.7327302370923], [-79.2077801938124, 43.7327114446403], [-79.2077752896918, 43.7326962738628], [-79.2077783319339, 43.7326832841755], [-79.2077793958145, 43.7326688489715], [-79.2077884595018, 43.7326479350053], [-79.2077974919667, 43.7326335203431], [-79.2078185014502, 43.7326119167767], [-79.2078325013988, 43.7325996841964], [-79.2078584603601, 43.732583863017], [-79.207894385479, 43.7325659075904], [-79.2079282564569, 43.7325594951348], [-79.2079581401258, 43.7325559625548], [-79.2079850238533, 43.7325567596331], [-79.2080049132858, 43.7325611313419], [-79.2080407013769, 43.7325713310931], [-79.2080685222574, 43.732583671228], [-79.2080864065103, 43.7325894952918], [-79.2081033326499, 43.7325856865405], [-79.208134358656, 43.7325873588789], [-79.2082179867653, 43.7325645015653], [-79.2083315156257, 43.7325272928952], [-79.2084430506302, 43.7324915267611], [-79.2085148332243, 43.7324513304908], [-79.2086245991396, 43.7323708608191], [-79.2087224271036, 43.7322918092602], [-79.2087943781334, 43.7322170033013], [-79.2088603717493, 43.7321393109531], [-79.2089083732217, 43.7320831931036], [-79.2089324478715, 43.7320385545042], [-79.2089591283939, 43.7319788088636], [-79.2089892881208, 43.7319283078612], [-79.2089893477526, 43.7319161024341], [-79.2089837635361, 43.7319079511615], [-79.208963275111, 43.7318888977495], [-79.2089427654814, 43.7318739298958], [-79.2089222824905, 43.7318562361254], [-79.2088943154102, 43.7318331029307], [-79.2088701090022, 43.7318126901825], [-79.2088515411343, 43.7317841535103], [-79.2088404049165, 43.731763773665], [-79.2088349135214, 43.7317393486905], [-79.2088425103899, 43.7317163065705], [-79.2088500878385, 43.7316946237093], [-79.2088633023811, 43.7316702371533], [-79.2088783569441, 43.7316553513666], [-79.2089008791375, 43.7316391258294], [-79.2089271496586, 43.7316229095215], [-79.2089552822629, 43.7316067070884], [-79.2090039942747, 43.731593256422], [-79.2090339683816, 43.7315865466585], [-79.209065777204, 43.7315852678842], [-79.2090900935227, 43.7315853302734], [-79.2091181466948, 43.7315881199325], [-79.2091443059097, 43.7315949639948], [-79.2091779169025, 43.7316086236184], [-79.2092170805433, 43.7316344937829], [-79.2092562694152, 43.731654935978], [-79.2092936163344, 43.7316713147201], [-79.2093179397089, 43.7316700167072], [-79.209343658647, 43.7316626387285], [-79.2094818874049, 43.7316074159476], [-79.2096211195113, 43.7315448067496], [-79.2097952649282, 43.7314445163235], [-79.2099522272305, 43.7313063946623], [-79.2100920530429, 43.7311178670473], [-79.2101623662044, 43.7309417569347], [-79.2101452917096, 43.7308787496496], [-79.2100762531475, 43.7307904256045], [-79.2100014848254, 43.7307553561908], [-79.2099435968894, 43.7307334985474], [-79.20988947669, 43.7307048723686], [-79.2098521756707, 43.7306817165265], [-79.2098167303318, 43.7306599150949], [-79.2097869605389, 43.7306245727175], [-79.2097684109871, 43.7305919595843], [-79.2097666927274, 43.730562115892], [-79.2097648913823, 43.7305471873871], [-79.2097781762298, 43.7305078763282], [-79.2097951523262, 43.7304807808437], [-79.2098158639693, 43.730453704265], [-79.2098571683374, 43.7304239610626], [-79.2099021582756, 43.7304050818681], [-79.2099414641858, 43.730401113835], [-79.2099863416535, 43.7304080141434], [-79.2100353578952, 43.730418903997], [-79.2100496979718, 43.7304233964054], [-79.210071570481, 43.7304284110737], [-79.2100893486635, 43.7304304452917], [-79.210100313767, 43.7304294834848], [-79.2101140158579, 43.7304245488837], [-79.2101277313034, 43.7304196243943], [-79.2101442209397, 43.7304057684343], [-79.2101771856767, 43.7303810446194], [-79.2101923284898, 43.730363215816], [-79.2101951290857, 43.7303513135264], [-79.2101952155477, 43.7303334469661], [-79.2101898311796, 43.7303145844346], [-79.2101803589336, 43.7302917331424], [-79.2101791661815, 43.7302559957369], [-79.210182031225, 43.7302282163677], [-79.2101889856769, 43.7302044158783], [-79.2101958851987, 43.7301945054927], [-79.2102384559343, 43.7301648369093], [-79.2102741240034, 43.7301480597886], [-79.2103097669406, 43.7301342516954], [-79.2103440268256, 43.7301263995098], [-79.2103645725867, 43.7301234718546], [-79.210391942549, 43.7301235412755], [-79.2104097302229, 43.7301235866669], [-79.2104315930611, 43.7301305909406], [-79.2104602878877, 43.7301415819187], [-79.2104958094192, 43.7301555700024], [-79.210517642825, 43.7301685243682], [-79.210540890289, 43.7301715625505], [-79.2105696619408, 43.7301666757143], [-79.2106190012859, 43.7301519124293], [-79.2107401463221, 43.7301117494352], [-79.2108088409919, 43.7300933356084], [-79.2108815186395, 43.7300677135869], [-79.2109473113651, 43.7300460516097], [-79.2110447404758, 43.729994675567], [-79.2111133488705, 43.7299581329818], [-79.211150449636, 43.7299274609396], [-79.2112067886457, 43.7298789691363], [-79.211256293872, 43.7298344301114], [-79.211318164398, 43.7297740444715], [-79.2113650287121, 43.7297056815861], [-79.2114064102332, 43.7296159084061], [-79.2114309297802, 43.7295813784158], [-79.2114160639345, 43.7295596393945], [-79.2114067827327, 43.7295460416314], [-79.2114012508423, 43.7295270354863], [-79.2113845366056, 43.729502572709], [-79.2113771629613, 43.7294794932542], [-79.2113772926227, 43.7294523634204], [-79.2113755614077, 43.7294225114395], [-79.2113812436588, 43.729407601959], [-79.2114001127421, 43.7293764418614], [-79.2114226653328, 43.7293534283763], [-79.2114527278682, 43.7293277250719], [-79.2114846398549, 43.7293074628546], [-79.2115109017171, 43.7292926053725], [-79.2115465099108, 43.7292804800454], [-79.2115839939685, 43.7292656505323], [-79.2116326713057, 43.7292589960154], [-79.2116682282722, 43.7292577265559], [-79.2117149787683, 43.7292619129608], [-79.2117523523146, 43.7292701528415], [-79.2117766361161, 43.7292769921624], [-79.2117881474701, 43.7292811978835], [-79.2118215930315, 43.729253999682], [-79.2118881468613, 43.7292237432958], [-79.21196172551, 43.7291884457578], [-79.2119968006152, 43.7291631862982], [-79.2120599390128, 43.7291151804194], [-79.2121196125164, 43.7290621061088], [-79.2121757621747, 43.7290140817511], [-79.2122249353296, 43.728966049054], [-79.2122565600396, 43.7289331840932], [-79.2123022320071, 43.7288825953451], [-79.2123233428614, 43.7288547718354], [-79.2123796252328, 43.7287788612705], [-79.2124183094214, 43.7287282639958], [-79.2124429081013, 43.7287029782584], [-79.2124920688469, 43.7286574752997], [-79.2125272048228, 43.7286170039087], [-79.2125448143948, 43.7285891715042], [-79.2125624858497, 43.7285486564973], [-79.2125731193481, 43.7285182587419], [-79.2126014490423, 43.728442296161], [-79.2126333259608, 43.7283561896226], [-79.2126792649294, 43.7282498474352], [-79.212703959678, 43.7282017440635], [-79.2127356549911, 43.7281536673504], [-79.2127644748412, 43.7281021629474], [-79.2127885032522, 43.7280559201111], [-79.2128421591738, 43.7279605255498], [-79.2128779110365, 43.7278999916398], [-79.2129136191968, 43.7278486480526], [-79.212972250631, 43.7277716367474], [-79.2130181217124, 43.7277129654564], [-79.2130894493271, 43.7276286498252], [-79.2131480431464, 43.7275571472273], [-79.2131989814792, 43.7275003324399], [-79.2132549713156, 43.7274435317916], [-79.2132880596472, 43.7274105435609], [-79.2132855705382, 43.7274013478351], [-79.2132737255621, 43.7273760511859], [-79.213237252122, 43.727385131968], [-79.2131941517169, 43.7274042959433], [-79.2131599068413, 43.7274198087075], [-79.2131459751061, 43.7274234372454], [-79.2131333218074, 43.7274243234258], [-79.2131232023579, 43.7274224616708], [-79.2131131086598, 43.727417855077], [-79.2131042815275, 43.7274104879338], [-79.2130967279198, 43.7274040509838], [-79.213092973502, 43.7273948606771], [-79.2130930264833, 43.727383851731], [-79.2130956281733, 43.7273691776026], [-79.2130994528275, 43.7273609332628], [-79.2131159692196, 43.727349048202], [-79.2131438799645, 43.7273316824703], [-79.2132262560624, 43.7273043540291], [-79.2133712620097, 43.7272693612206], [-79.2134366628807, 43.7271680364661], [-79.2134720239247, 43.7271083750155], [-79.2135064389429, 43.7270571451726], [-79.2135628122878, 43.7270006591927], [-79.2136094002861, 43.7269529978346], [-79.2136535286694, 43.7269106399253], [-79.2137049510469, 43.7268718390557], [-79.2137612728437, 43.7268312761881], [-79.2138175228621, 43.7268031085224], [-79.2138786053001, 43.7267873379873], [-79.2139725613338, 43.7267727214213], [-79.2140072291987, 43.7268220356636], [-79.2140134353407, 43.7268455712082], [-79.2140371051727, 43.7269266417091], [-79.2140649893267, 43.7270167241908], [-79.2140967486095, 43.7271113159794], [-79.2141455855849, 43.7272014504033], [-79.2142138516366, 43.7272826236024], [-79.2142977413178, 43.7273413415894], [-79.2144084687606, 43.7273866239462], [-79.2145351169301, 43.7274274460108], [-79.2146645271375, 43.7274592641309], [-79.2147943084154, 43.7274910924037], [-79.2149404104228, 43.7275184521307], [-79.2150748807193, 43.7275457911409], [-79.2152163824364, 43.7275641370388], [-79.2153637066124, 43.7275825061707], [-79.215502134919, 43.7275918431895], [-79.2156600077271, 43.72759223594], [-79.2158104428391, 43.7276061124884], [-79.2159666146918, 43.7276379958525], [-79.2161111861354, 43.727660858027], [-79.2162472613717, 43.7276746889902], [-79.2163884004991, 43.7276885412117], [-79.2165434577368, 43.727706918784], [-79.2166883626456, 43.7277432829417], [-79.2168150858217, 43.7277660907641], [-79.2169321194052, 43.7277933850712], [-79.2170713098449, 43.7278072312509], [-79.2172155616613, 43.727816580528], [-79.2173531580329, 43.7278394241427], [-79.2174977730957, 43.7278532742985], [-79.2176397454834, 43.7278536251572], [-79.2177652242416, 43.7278614780087], [-79.2179174533004, 43.7278876239512], [-79.2180471055497, 43.7278920310239], [-79.2182048129366, 43.7279251210674], [-79.218335615175, 43.7279837086522], [-79.218456494858, 43.7280565743798], [-79.2185562758995, 43.7281181453881], [-79.2187618931392, 43.7281546115789], [-79.2189928750179, 43.7281847217451], [-79.2191256093217, 43.7282257965498], [-79.2192943841033, 43.7282761232695], [-79.2194647854327, 43.7283369752484], [-79.21960954126, 43.7283823371184], [-79.2196311025949, 43.728387547693], [-79.2197657148679, 43.7284200389357], [-79.219862991188, 43.7284601885943], [-79.2199116004168, 43.7284784545404], [-79.2200736869614, 43.7285074396914], [-79.2201744951701, 43.7285515580274], [-79.2203009265214, 43.7286111503247], [-79.2204462622091, 43.7287108883546], [-79.2205720179229, 43.7288009465911], [-79.2206983241641, 43.728895697007], [-79.2208149328723, 43.7289698460898], [-79.2209504151533, 43.7290344541202], [-79.2210865739254, 43.7290686308747], [-79.2212568104364, 43.7291149707852], [-79.221470320678, 43.7291930099908], [-79.2216407149829, 43.7292538415044], [-79.2218026089309, 43.7293143550044], [-79.2219329472757, 43.7293645028449], [-79.2220733560141, 43.7294218490539], [-79.2222131708368, 43.7294708672941], [-79.2223189730739, 43.729514960592], [-79.2224469905579, 43.7295814306341], [-79.2225532633245, 43.7296229775737], [-79.2226881348433, 43.7296756467855], [-79.2227975150065, 43.7297273359238], [-79.2228977124121, 43.7297594970914], [-79.2230373720514, 43.7297939951786], [-79.2231508593803, 43.7298083391109], [-79.2232912970109, 43.7298196427463], [-79.2234097619011, 43.7298339539717], [-79.22355784502, 43.7298615315613], [-79.2237149675364, 43.7298941448125], [-79.2238481464524, 43.7299290678825], [-79.2239773564964, 43.7299661584353], [-79.2240591846006, 43.7300089140886], [-79.2241575908755, 43.7300584874571], [-79.2242854416909, 43.7301104541247], [-79.2243648370007, 43.730158657731], [-79.2244269171741, 43.7302232653477], [-79.2245304910283, 43.7302909342757], [-79.2245996134244, 43.7303598523652], [-79.2246611112244, 43.7304161142423], [-79.2247047331333, 43.7304804430222], [-79.2247251407637, 43.730569874595], [-79.2247359594634, 43.7306495880127], [-79.2247414947466, 43.7307499837665], [-79.2247464399121, 43.7308384142856], [-79.2247622043165, 43.7309144679835], [-79.2248223680969, 43.7309856048296], [-79.2248536894071, 43.7310202633094], [-79.2249310939909, 43.7310588673179], [-79.2253903804536, 43.7313063443375], [-79.2245723026992, 43.7320695251314], [-79.225081334137, 43.7332480846129], [-79.2254207329057, 43.7340338520834], [-79.2258291430429, 43.7349979636141], [-79.2259456784967, 43.7353042846339], [-79.2262605542576, 43.7360251280923], [-79.2266605158803, 43.7369802149532], [-79.2270873824254, 43.7379893619625], [-79.2279311220605, 43.7399895810737], [-79.2282194965439, 43.7406679242516], [-79.2282489786551, 43.7407374201653], [-79.2286760215986, 43.7410264734656], [-79.2288954920021, 43.7414843916317], [-79.2281293381525, 43.7419736779441], [-79.22798884593, 43.7420695570149], [-79.2278487481526, 43.7421658156828], [-79.2277092439886, 43.7422626065002], [-79.2275702221898, 43.7423597854849], [-79.2274318543179, 43.7424573886138], [-79.2272940944773, 43.7425553719593], [-79.2271568156997, 43.742653787576], [-79.2270201552678, 43.7427526547029], [-79.226884002053, 43.742851909492], [-79.2267484913005, 43.7429515981621], [-79.2266135747728, 43.7430516299298], [-79.2264791397239, 43.7431521218962], [-79.2263453360528, 43.7432530025593], [-79.2262120261218, 43.7433543066999], [-79.2260794591656, 43.7434559634582], [-79.2259473755218, 43.7435580183257], [-79.2258157962852, 43.7436605139491], [-79.2256849615953, 43.7437634351512], [-79.2255546330578, 43.7438666539811], [-79.2254231701753, 43.7439706716804], [-79.2253163774551, 43.744052973664], [-79.2252433240248, 43.744109767141], [-79.2252101051158, 43.7441356014603], [-79.2251044380676, 43.7442187076524], [-79.2249993773743, 43.7443022562433], [-79.224894823496, 43.7443860854222], [-79.2247909015364, 43.7444703745074], [-79.2246875854009, 43.7445549979434], [-79.2245848882123, 43.7446400999954], [-79.2244828222974, 43.7447254737708], [-79.2243812251862, 43.7448112797142], [-79.2242803840456, 43.7448974664662], [-79.2241800250996, 43.7449839685488], [-79.2240804220368, 43.7450708964609], [-79.2239813379059, 43.7451581573845], [-79.2238828486714, 43.7452457443986], [-79.223785101515, 43.7453338461696], [-79.2236878361767, 43.7454221921432], [-79.2236340461456, 43.7454715507447], [-79.2235912037147, 43.7455108819094], [-79.2234953255105, 43.7455999686781], [-79.2233999166203, 43.7456894705301], [-79.2233052641831, 43.745779253274], [-79.223211256508, 43.7458693980092], [-79.2231178411048, 43.7459598318912], [-79.2230250581381, 43.7460507086094], [-79.2229328685107, 43.746141838479], [-79.2228403163978, 43.7462336244077], [-79.22277645819, 43.7462983592144], [-79.2227118198699, 43.746362758617], [-79.2226464628833, 43.7464268865959], [-79.2225806222071, 43.7464906090482], [-79.2225141496655, 43.7465540227089], [-79.2224469225175, 43.7466171202653], [-79.2223792236768, 43.7466797845672], [-79.2223464429282, 43.7467097323507], [-79.222310918239, 43.7467421674785], [-79.2222418325703, 43.7468041348425], [-79.2221722507889, 43.7468658225326], [-79.2221020882175, 43.746927112182], [-79.2220312683939, 43.7469879854928], [-79.2219598533557, 43.7470485703816], [-79.2218877957858, 43.7471087031436], [-79.2218152420433, 43.7471684742919], [-79.221741982929, 43.7472279021786], [-79.2216682038523, 43.7472869329645], [-79.2215939292532, 43.7473455382172], [-79.2215189113873, 43.7474038635413], [-79.2214433987716, 43.7474617372312], [-79.2213673794987, 43.7475191419935], [-79.2212906412228, 43.7475762023744], [-79.221213531918, 43.7476329111844], [-79.2211356665232, 43.7476891858964], [-79.2210574431655, 43.7477450453125], [-79.2209784642426, 43.7478005786808], [-79.2209033010548, 43.7478470848581], [-79.2206641639419, 43.7479950566404], [-79.2205870808975, 43.7480404045453], [-79.2205095415112, 43.7480852212748], [-79.2204313452498, 43.7481296936828], [-79.2203528152452, 43.7481736890442], [-79.2202737422935, 43.7482171419741], [-79.2201942108594, 43.7482602617728], [-79.220114173042, 43.7483028207996], [-79.220033665581, 43.7483449204674], [-79.2199527503362, 43.7483865689419], [-79.2198713653948, 43.7484276761209], [-79.2197894726104, 43.7484684394908], [-79.2197070862503, 43.7485086710952], [-79.2196243164173, 43.7485483438366], [-79.2195412141357, 43.7485876637941], [-79.2194567347167, 43.748626593979], [-79.2193780919489, 43.7486625763046], [-79.2192989422234, 43.7486981437074], [-79.2192193363864, 43.7487332150449], [-79.2191393090529, 43.7487677539404], [-79.2190589613302, 43.7488018691132], [-79.218978083613, 43.7488354249409], [-79.2188969960651, 43.7488684309148], [-79.2188153762969, 43.7489009945554], [-79.2187334115025, 43.7489330440489], [-79.2186510399176, 43.7489645262101], [-79.2185683468308, 43.7489955387077], [-79.2184851224235, 43.7490260368525], [-79.218401800955, 43.7490559941007], [-79.2183179730922, 43.7490853923644], [-79.218233787411, 43.7491143311996], [-79.2181493311504, 43.7491426751095], [-79.2180645179027, 43.7491705316909], [-79.217979345721, 43.7491978829051], [-79.2178937910863, 43.7492246842665], [-79.2178079914164, 43.7492509091056], [-79.2177219452838, 43.7492766474367], [-79.2176355296799, 43.7493018172075], [-79.2175488921272, 43.7493264279214], [-79.2174618477156, 43.7493505163095], [-79.2173745817993, 43.7493740726576], [-79.2172870459367, 43.7493970971096], [-79.2171991527336, 43.749419563091], [-79.2171111376704, 43.7494414877808], [-79.2170227637624, 43.749462862979], [-79.2169341208129, 43.7494836342631], [-79.2168453801058, 43.7495038475234], [-79.2167562583184, 43.749523591076], [-79.2166668766946, 43.7495427137495], [-79.2141148813783, 43.7501933838471], [-79.2140022082558, 43.7502221038905], [-79.2139041210379, 43.7502465481697], [-79.2138062783736, 43.7502715787274], [-79.2137086817964, 43.7502971856841], [-79.2136114434289, 43.7503233158707], [-79.2135144743935, 43.750350075943], [-79.2134177254104, 43.7503773687915], [-79.2133213714655, 43.7504052826882], [-79.2132252519111, 43.7504336647599], [-79.213129500971, 43.7504626791731], [-79.2130341194287, 43.7504923412472], [-79.2129391086907, 43.7505224367169], [-79.2128443542902, 43.7505531807822], [-79.2127499580794, 43.7505844480844], [-79.2126559324979, 43.7506162379187], [-79.2125622883512, 43.7506486044772], [-79.2124689887318, 43.7506814940618], [-79.2123759479212, 43.7507149071327], [-79.212283401104, 43.7507489959316], [-79.2121912241294, 43.7507835082139], [-79.2120994036243, 43.7508186427533], [-79.2120081031343, 43.7508542463457], [-79.2119170346389, 43.7508904810535], [-79.2118038311905, 43.7509333831656], [-79.2116911218437, 43.7509768718364], [-79.2115787945667, 43.7510209552181], [-79.2114668248672, 43.7510655798064], [-79.2113553606317, 43.7511108262497], [-79.2112835333285, 43.7511404837175], [-79.2112827638176, 43.7511377543524], [-79.2112718645204, 43.7509847061862], [-79.21125766876, 43.7505436120223], [-79.211244132511, 43.7504535656201], [-79.211231309306, 43.750372522381], [-79.2112092866334, 43.7502734537559], [-79.2111702204386, 43.7501653405851], [-79.2111004581693, 43.7499851493312], [-79.2108487154336, 43.7493994438851], [-79.2103166613489, 43.7481919533347], [-79.2100980956652, 43.7476942178863], [-79.2098125546263, 43.7470482688001], [-79.2093524508465, 43.7460112496701], [-79.2089966288789, 43.7451623408929], [-79.2078946839401, 43.7425330759849], [-79.2080339375748, 43.7424614222722], [-79.2081281606526, 43.7423896528701], [-79.2082013753647, 43.7423358323999], [-79.2082567992124, 43.7422639649679], [-79.2082966728726, 43.7422010581751], [-79.2083334118771, 43.7421471446506], [-79.208360869898, 43.7420842061205], [-79.2083697483801, 43.7420122192417], [-79.2084243236267, 43.7416343073929], [-79.2084709276534, 43.7414634028968], [-79.2085036400676, 43.7412744613119], [-79.2085780911776, 43.7411216298528], [-79.2087704129556, 43.7408250803309], [-79.2088620082378, 43.7406542902978], [-79.2087873472551, 43.7405280834407], [-79.2085999264223, 43.7401315520448], [-79.2084504356992, 43.739753111072], [-79.2084098298048, 43.7396449924609], [-79.2083922956282, 43.7395819390761], [-79.2083625089766, 43.7394828497504], [-79.2083458321812, 43.7394017969526], [-79.2083517385083, 43.7393027891865], [-79.2083428638871, 43.7392127541591], [-79.2083333080761, 43.7391047154079], [-79.2083392131106, 43.7390057085178], [-79.2083442618152, 43.7389247100518], [-79.208348615633, 43.7388257076471], [-79.2083608290896, 43.7387087138874], [-79.2083754066949, 43.7385827345615], [-79.2083898971068, 43.738474747807], [-79.2084011530196, 43.7383937656247], [-79.2084123527809, 43.7383217844835], [-79.2083994753848, 43.7382587428776], [-79.2084036107935, 43.7382047367512], [-79.2084024082596, 43.7381327241133], [-79.2083980577442, 43.7380697045564], [-79.2083891407096, 43.7379886707744], [-79.2083701425211, 43.7379076022714], [-79.2083557431561, 43.7378355555765], [-79.2083275531679, 43.7377274695184], [-79.2082778247694, 43.7375833135331]]]]}"
25,Eglinton East,138,23963,185,178,205,204,185,197,146,161,174,801.664,775.0925,894.7277,880.069,786.364,828.3924,611.6464,675.5339,726.1194,19,21,22,29,11,27,33,41,44,82.33306,91.4435,96.01955,125.1078,46.75678,113.536,138.2488,172.0304,172.0304,1,3,2,5,1,5,11,2,7,4.333319,13.06336,8.729051,21.57032,4.250617,21.02519,46.08295,8.391726,8.391726,41,76,65,56,45,58,23,30,39,177.6661,330.9384,283.6941,241.5876,191.2777,243.8922,96.35526,125.8759,162.7509,,,,1,1,2,2,3,1,,,,4,4.250617,8.410075,8.378718,12.58759,4.1731,66,46,43,37,35,29,21,16,25,285.9991,187.6746,159.6204,148.7716,121.9461,87.97654,67.1338,104.3275,200.3048,4,2,3,11,2,6,11,8,6,17.33327,8.708905,13.09358,47.4547,8.501233,25.23023,46.08295,33.5669,25.0386,29,48,42,53,67,63,92,50,29,125.6662,209.0137,183.3101,228.6454,284.7913,264.9174,385.421,209.7931,121.0199,8,3,6,1,6,8,8,1,9,34.66655,13.06336,26.18715,4.314064,25.5037,33.6403,33.51487,4.195863,37.5579,"{'type': 'MultiPolygon', 'coordinates': [[[[-79.236412924916, 43.7532892152323], [-79.2364122044162, 43.7532891329824], [-79.2360756549363, 43.7533237938041], [-79.2358021884682, 43.7533300206336], [-79.2355072859182, 43.7532154830712], [-79.2352205823765, 43.7531513606981], [-79.2348608517201, 43.7530895975308], [-79.2345213891013, 43.7530275926686], [-79.2342016832361, 43.7530416835419], [-79.23395785034, 43.7531198047372], [-79.2338390619871, 43.7531506089193], [-79.2338089329332, 43.7530757122465], [-79.2337073421158, 43.7528297505951], [-79.233687134841, 43.7527800348708], [-79.2335616210323, 43.7524712445306], [-79.2332567812978, 43.751741625625], [-79.2331716960189, 43.7515686398352], [-79.2327616396335, 43.7505938330957], [-79.2323801148148, 43.7496558978597], [-79.2322940917128, 43.7494687502235], [-79.2319530526723, 43.7486440978273], [-79.2314979361138, 43.7475725885818], [-79.2310767152088, 43.7465271789738], [-79.2306085452597, 43.7454441136985], [-79.2300331528326, 43.7440910989182], [-79.229797234263, 43.7435511438774], [-79.2295744114633, 43.7429712265132], [-79.2293236333392, 43.7423914138855], [-79.2291805211853, 43.7420191808477], [-79.2290422069246, 43.7416902011336], [-79.2289116763425, 43.7415187512998], [-79.2288954920021, 43.7414843916317], [-79.2295121961442, 43.7410905460841], [-79.2301213955727, 43.7406990830614], [-79.2324789769241, 43.7392317466784], [-79.2342283896022, 43.738134772447], [-79.2359778382092, 43.7370350966742], [-79.2371372754303, 43.736315897801], [-79.2399339943616, 43.7345808830313], [-79.2399818674923, 43.7345511977007], [-79.2419910109146, 43.733280942463], [-79.2420981737927, 43.7332151783489], [-79.2422047187869, 43.733149007563], [-79.2423106318422, 43.7330823587615], [-79.2424160746003, 43.7330152668458], [-79.2425209981517, 43.7329477058545], [-79.2426252904018, 43.7328797298881], [-79.2427291119762, 43.7328112387761], [-79.2428323156377, 43.7327423419018], [-79.2429348999831, 43.7326730023299], [-79.2430369764291, 43.7326032739971], [-79.2431384589823, 43.7325330403346], [-79.2432394096504, 43.7324623464155], [-79.2433396537314, 43.7323912642867], [-79.2434393775752, 43.7323197481943], [-79.2435386198933, 43.7322477906316], [-79.2436371198065, 43.7321753533755], [-79.243735110214, 43.7321025822666], [-79.2438323716065, 43.7320293406774], [-79.2439291380833, 43.731955648414], [-79.244025283853, 43.7318816034863], [-79.2441208110681, 43.7318070897803], [-79.2442156825625, 43.7317322318788], [-79.2443101078603, 43.7316569132529], [-79.2444037661846, 43.7315812334185], [-79.2444968287735, 43.7315051112736], [-79.2445892479391, 43.7314285640944], [-79.2446809366042, 43.7313516823831], [-79.2447707772376, 43.7312742121767], [-79.244859837714, 43.7311962797279], [-79.2449484280708, 43.7311180680745], [-79.24503613769, 43.7310393944378], [-79.2451233521792, 43.7309604052003], [-79.2452098615971, 43.7308810188065], [-79.2452956887896, 43.7308012608192], [-79.2453809584665, 43.7307210701287], [-79.2454654478643, 43.7306406341953], [-79.2454946139701, 43.7306124978464], [-79.2460215400904, 43.7318307444222], [-79.2463656899751, 43.732659630347], [-79.2468972845701, 43.7339480022791], [-79.2471485183334, 43.7345606515234], [-79.2473880385844, 43.7351822836043], [-79.2479205990909, 43.7364166445201], [-79.2480084203091, 43.7365698679042], [-79.2480600339599, 43.736659994333], [-79.248087789707, 43.7367050613083], [-79.2502281118091, 43.7362326578768], [-79.2520544613788, 43.7358585558858], [-79.2531937044794, 43.7355909758357], [-79.2543700800972, 43.7353504676815], [-79.255612511547, 43.7350830847405], [-79.2568417609778, 43.7348156519277], [-79.2574303872746, 43.7346818838681], [-79.2581075071129, 43.734539290288], [-79.2591744427446, 43.7343165041433], [-79.2601910067168, 43.7340755989585], [-79.2609458066883, 43.7339061479929], [-79.261786125715, 43.7337008651378], [-79.262377917919, 43.7335580682157], [-79.2629738547959, 43.7334214069509], [-79.2636080258163, 43.7348715390446], [-79.2637060349143, 43.7350956566626], [-79.2638178224373, 43.7353576975123], [-79.2659116294771, 43.7402649701514], [-79.2659526755762, 43.7403632934792], [-79.2666184116838, 43.7419578246371], [-79.2666406827189, 43.7420096269142], [-79.2666585407671, 43.7420530581022], [-79.2665391395681, 43.7420822574402], [-79.2662578182374, 43.7421461583577], [-79.2661065759464, 43.7421805122504], [-79.2659514556109, 43.7422157497812], [-79.2645302360141, 43.7425279358912], [-79.2628713300302, 43.7428936287301], [-79.2617358630766, 43.7431433368612], [-79.261469734299, 43.7425487109033], [-79.2609012749406, 43.7426645477956], [-79.260672973699, 43.7427090852342], [-79.2605363551226, 43.7427178001298], [-79.2604448396079, 43.7427086070127], [-79.2602718402035, 43.7426992437691], [-79.2597894885856, 43.7426262300469], [-79.2592993795102, 43.7425531897507], [-79.2591101887246, 43.742516794694], [-79.2588225768327, 43.7424531795618], [-79.2585861547303, 43.7423896721796], [-79.2582235109011, 43.7422628979262], [-79.2579422296841, 43.7421632802244], [-79.2578437740136, 43.7421450691242], [-79.2577135217262, 43.7421177988631], [-79.2575754009585, 43.7421174961885], [-79.2574124861461, 43.7421081500398], [-79.2571283507744, 43.7421435508571], [-79.2563066078486, 43.7423398293082], [-79.2562421717376, 43.7423486924651], [-79.2561560096571, 43.7423575193401], [-79.2560799657633, 43.7423573482848], [-79.2559961980709, 43.7423481681094], [-79.2559419540395, 43.7423300494167], [-79.2558636609475, 43.7423118796467], [-79.2558009489667, 43.7422757412219], [-79.2557468136919, 43.7422306192114], [-79.2556966264697, 43.7421674950624], [-79.2556589038458, 43.7420954043808], [-79.2555242405364, 43.741816069701], [-79.2552062089834, 43.7417883858242], [-79.2550471923647, 43.7417790436051], [-79.2548478401277, 43.7417606135209], [-79.2546136849754, 43.7417151048848], [-79.254526839992, 43.7417059171435], [-79.2544220799102, 43.7417056925819], [-79.2542831036585, 43.7417234055273], [-79.2532445321819, 43.741820190145], [-79.2527298827945, 43.7418730940465], [-79.2524457473649, 43.7419084841106], [-79.2522221350152, 43.7419440042078], [-79.2515832060417, 43.7420236283581], [-79.2513837421331, 43.7420322053061], [-79.2511244353376, 43.7420676451994], [-79.2506421098172, 43.7421746092964], [-79.2508504853256, 43.7426431443538], [-79.2510011072858, 43.7430035390061], [-79.2507650574036, 43.7430732069749], [-79.2506914569698, 43.7430943887606], [-79.2505529705146, 43.7431456183267], [-79.2503108275135, 43.7432054968514], [-79.2501293730814, 43.7432410686319], [-79.2499450131254, 43.7432736730134], [-79.2497356446542, 43.7433874947992], [-79.2496170690821, 43.7435051326699], [-79.2494846096317, 43.7436678905755], [-79.2493778605979, 43.7437833305875], [-79.2493273261574, 43.7438197291282], [-79.2492753931589, 43.7438963051513], [-79.2492536183851, 43.7439284281515], [-79.2491240241907, 43.7440410184518], [-79.2490368992814, 43.7441218117777], [-79.2490110522618, 43.7441539254498], [-79.248888497293, 43.7442721930508], [-79.2487355548636, 43.7444096832336], [-79.248584816478, 43.7445332800298], [-79.2483976051457, 43.7446409553653], [-79.2482180409908, 43.7447277275362], [-79.2480493361286, 43.7447388410618], [-79.2479165705511, 43.7446711204898], [-79.2477718305728, 43.7445868374627], [-79.2476516609293, 43.744579956124], [-79.2475749334415, 43.7445968174689], [-79.2475026171139, 43.744633517695], [-79.2473463042368, 43.7447595402889], [-79.2472494472024, 43.7449011579761], [-79.2471964450146, 43.7449982001054], [-79.2470645393651, 43.745127219492], [-79.2468724734172, 43.7452779969895], [-79.2466983511963, 43.7453659577081], [-79.2464822199322, 43.7454404494845], [-79.2462707091634, 43.7455259242776], [-79.246054126656, 43.745630541072], [-79.2458819602918, 43.7456724279009], [-79.2456352325391, 43.7457177039788], [-79.2453308226569, 43.7457710065365], [-79.2450804877897, 43.7457882622625], [-79.2449599717728, 43.7457922690738], [-79.2448475562956, 43.7457920540904], [-79.2446050395443, 43.7457838970101], [-79.2444590198773, 43.7457559912564], [-79.2442776895294, 43.7456750429522], [-79.2442176811109, 43.745517882889], [-79.2441851919291, 43.745406230903], [-79.2440720612207, 43.7453497561131], [-79.2437569440819, 43.7453778181717], [-79.2436267865864, 43.7453863564215], [-79.2434965060516, 43.745382922183], [-79.2433964025518, 43.7453577107246], [-79.2432838607068, 43.7453293646323], [-79.2430368604134, 43.745272633142], [-79.2427330202186, 43.7453234011892], [-79.2424645787577, 43.7453446873029], [-79.2421982603831, 43.7452502400913], [-79.2421201026385, 43.7452412071692], [-79.2419902759868, 43.7452076454389], [-79.2418130474034, 43.7451558122404], [-79.241665337104, 43.7451346314938], [-79.2415148445525, 43.7451629606228], [-79.2414661874256, 43.7452144000662], [-79.2414012035794, 43.7452716450133], [-79.2413655129788, 43.74529617377], [-79.2413491223534, 43.7453081080376], [-79.2411696126313, 43.7454574007815], [-79.2409828593404, 43.745581788181], [-79.2407207491465, 43.7457037095101], [-79.2404651061351, 43.7457941762818], [-79.240407769098, 43.7458225437263], [-79.240228199122, 43.7459561279543], [-79.2401546905206, 43.7461177668832], [-79.240121535654, 43.7463940918205], [-79.2400934733389, 43.746635683191], [-79.2401106498051, 43.7469644637517], [-79.2400752801358, 43.7472160663281], [-79.2399447989693, 43.7474732132654], [-79.2399577426982, 43.7475235687569], [-79.239830061895, 43.747658403559], [-79.2397881097371, 43.7477523260491], [-79.2396909791474, 43.7479030456732], [-79.2396101130285, 43.7482343854576], [-79.2395644189636, 43.7485123014859], [-79.2394114973364, 43.7487204117162], [-79.239198738333, 43.7488769789569], [-79.2390562623775, 43.7489266555106], [-79.2388958865161, 43.7488950909846], [-79.2386787099611, 43.748873739662], [-79.2385265568316, 43.7489784168447], [-79.2385369958795, 43.7492018059957], [-79.2385549264741, 43.749267456588], [-79.2385886250477, 43.749530107537], [-79.2385598431421, 43.7497466290676], [-79.2384792239241, 43.7499110311774], [-79.2383500677554, 43.7500778254106], [-79.2383394012069, 43.7503059096124], [-79.238330442814, 43.7504952024301], [-79.2383136385885, 43.7506073096914], [-79.2382920869732, 43.750634588197], [-79.2382310147169, 43.7508294683253], [-79.2381451645814, 43.7509854241643], [-79.2380555584452, 43.7510857889169], [-79.2380327445772, 43.7511917079421], [-79.2380465097675, 43.7513099075552], [-79.2381872380397, 43.7514431058557], [-79.2382652377775, 43.7515842613088], [-79.2382125727063, 43.7517016158067], [-79.238198194018, 43.7517300268081], [-79.2380864765647, 43.7519457636376], [-79.2379967850342, 43.752065363439], [-79.2379088985178, 43.7521269197671], [-79.2377517978706, 43.7521342371537], [-79.2376254081052, 43.7521011016418], [-79.2375906270594, 43.7522060751647], [-79.2377064833012, 43.7523195936521], [-79.2378975643733, 43.7524079740908], [-79.2381277903128, 43.7525068753994], [-79.2382400460375, 43.752654806729], [-79.2382027508005, 43.7528239795369], [-79.2380840619606, 43.7529920485348], [-79.237956050378, 43.7531537673806], [-79.2378234882769, 43.7532540790277], [-79.2377278296153, 43.7533089732427], [-79.23758683081, 43.7534016498996], [-79.237261224, 43.7534015954251], [-79.2369534372563, 43.7533646395693], [-79.2366881293088, 43.7533197245835], [-79.2366182017383, 43.7533119754802], [-79.2364968642055, 43.7532986348158], [-79.236412924916, 43.7532892152323]]]]}"
26,West Hill,136,28941,348,396,422,401,422,439,336,328,383,1262.333,1432.965,1520.611,1429.488,1482.574,1525.63,1164.281,1139.324,1323.382,24,18,15,32,27,46,55,74,61,87.05746,65.1348,54.05016,114.0739,94.85666,159.861,190.5818,257.0426,257.0426,16,16,25,13,7,12,11,18,17,58.0383,57.89759,90.0836,46.34251,24.59247,41.70287,38.11636,62.52388,62.52388,89,66,72,87,103,77,57,71,45,322.8381,238.8276,259.4408,310.1383,361.8606,267.5934,197.512,246.622,155.4888,,2,,,1,2,2,,1,,7,,,3.51321,6.950478,6.930247,,3.455306,63,64,77,65,50,72,36,43,63,228.5258,277.4575,231.7125,175.6605,250.2172,124.7444,149.3626,217.6842,231.5904,,1,6,3,5,9,7,5,7,,3.6186,21.62006,10.69442,17.56605,31.27715,24.25587,17.36774,24.18714,59,67,64,110,77,57,128,141,59,214.0163,242.4462,230.614,392.1289,270.5172,198.0886,443.5358,489.7704,203.863,7,6,8,10,5,4,9,4,13,25.39176,21.7116,28.82675,35.64808,17.56605,13.90096,31.18611,13.8942,44.91897,"{'type': 'MultiPolygon', 'coordinates': [[[[-79.1803687886939, 43.780989951211], [-79.1799596174727, 43.7808813055287], [-79.179572901615, 43.7808970541507], [-79.1791571599995, 43.7808882820219], [-79.1787495846428, 43.7807857394088], [-79.1783278121549, 43.7807132545873], [-79.1779459630771, 43.7806812334615], [-79.1775762201391, 43.780634384257], [-79.1771586267172, 43.7806238898317], [-79.1767825739319, 43.7807384098778], [-79.1764032403564, 43.7808181852275], [-79.1760270948994, 43.7806526056387], [-79.1756399190945, 43.7804548685939], [-79.1753504185432, 43.7802801530619], [-79.1752681838955, 43.780218972631], [-79.1752397864124, 43.7801978476037], [-79.1750167469904, 43.7799783145092], [-79.1747858083705, 43.7797174522454], [-79.1746421872443, 43.779583916003], [-79.1744394256637, 43.7794447122343], [-79.1740664463152, 43.7794558996652], [-79.1737141814903, 43.7795825224518], [-79.1732954738371, 43.7796614726478], [-79.1728973800762, 43.7796076678883], [-79.1725578683181, 43.7794661874396], [-79.1721619853797, 43.7794330356551], [-79.1718047745688, 43.7795820420475], [-79.1715545818207, 43.7798320235156], [-79.1712310788846, 43.780036319664], [-79.1708370340648, 43.7800819909078], [-79.1706594132044, 43.7800716047914], [-79.1706266514674, 43.7800696837707], [-79.1703182892274, 43.7799345874097], [-79.1699573641138, 43.7796913337316], [-79.169800810957, 43.7794241950965], [-79.1698771602141, 43.7791359288728], [-79.1699220311951, 43.7788358074745], [-79.1699223352111, 43.7785252680602], [-79.1696284692789, 43.7784215627727], [-79.1692765081887, 43.7785375596349], [-79.1688808163375, 43.7786380282383], [-79.1684540738247, 43.7787278920135], [-79.1681020456232, 43.7789047056768], [-79.1679636070168, 43.7792070220621], [-79.1679781222305, 43.7795023199558], [-79.1679784910634, 43.7795099357606], [-79.1680184855087, 43.7797829574666], [-79.1679368687672, 43.7799101948852], [-79.1678511432395, 43.7800324332523], [-79.1674762289489, 43.7801204188232], [-79.1674711171866, 43.7801216189566], [-79.1670268395584, 43.7800109530057], [-79.1665700039592, 43.7798778438808], [-79.1660702734175, 43.7797537170483], [-79.1656887152483, 43.7795758282927], [-79.1656680063577, 43.7792369016117], [-79.1657678862688, 43.7788315209057], [-79.1658810441679, 43.7784706620359], [-79.1658850309127, 43.7780892950608], [-79.1656097690935, 43.7778589697136], [-79.1652351813712, 43.7779793978971], [-79.1648667482063, 43.7781522196475], [-79.1645726048886, 43.7784332826276], [-79.1642870801625, 43.7787321736924], [-79.1639656032008, 43.7789728286749], [-79.1635909545309, 43.7790535110093], [-79.1635305181723, 43.779071038518], [-79.1634202397934, 43.7790751425988], [-79.1633325161261, 43.7790494018786], [-79.1632593179898, 43.7789942788743], [-79.1632045624197, 43.7789113518999], [-79.1631666410233, 43.7788129292328], [-79.1631497035656, 43.7787052802232], [-79.1631599247194, 43.7785464849806], [-79.1631603021704, 43.778404105412], [-79.1631493313319, 43.7782294417563], [-79.1631375043956, 43.7780812747016], [-79.1631223202162, 43.7778429333532], [-79.1631261205133, 43.7776926612688], [-79.1631070573912, 43.7775388298083], [-79.1630531728344, 43.7774007279213], [-79.1629493450834, 43.7772898964147], [-79.162844284504, 43.7772127979061], [-79.1627315726876, 43.7771576307286], [-79.162614749858, 43.777133234861], [-79.162485502521, 43.7771270020196], [-79.1623770312394, 43.7771151877813], [-79.1621364322523, 43.7771145033495], [-79.1619063780645, 43.7771319062333], [-79.1617587920012, 43.7771414967919], [-79.1615259618823, 43.7771355779884], [-79.1612826034365, 43.7770912192257], [-79.1610827025404, 43.7770484651628], [-79.1609034630246, 43.7770121090907], [-79.1607892474517, 43.776985955293], [-79.1606723737883, 43.7769532039264], [-79.1605611167244, 43.7769180659575], [-79.160480919013, 43.7768823547069], [-79.1603295456998, 43.776799490497], [-79.1601132360666, 43.7766823722185], [-79.1595646719142, 43.7764492389427], [-79.1593271753676, 43.7763423535878], [-79.1591507819252, 43.7762515819811], [-79.1589693707851, 43.7761606689252], [-79.1588635512287, 43.7760980837263], [-79.1587453881373, 43.7760129848398], [-79.1586281737255, 43.7759097425383], [-79.1584753902281, 43.7757589934525], [-79.1582923792947, 43.7756026545463], [-79.1581092506755, 43.7754583135257], [-79.1579409099542, 43.7752893173046], [-79.1578181655041, 43.7751477842749], [-79.1576305407196, 43.7749840409271], [-79.15752891318, 43.7748710502579], [-79.1560811054929, 43.7736156129877], [-79.156018727083, 43.7735974317865], [-79.1559803978029, 43.7735748136305], [-79.1559355362853, 43.7735476755368], [-79.1558736739255, 43.7735024834939], [-79.155792562877, 43.7734302299418], [-79.1557287625741, 43.7733850317497], [-79.1556298397149, 43.773308223732], [-79.1555308669454, 43.7732359166539], [-79.1554264538767, 43.7731635927889], [-79.155304371751, 43.7730642111636], [-79.1551957638083, 43.7729783723876], [-79.1551003086149, 43.7729015748799], [-79.1550535746648, 43.7728609286198], [-79.1549898277158, 43.7728067200076], [-79.1549264644925, 43.7727525220579], [-79.1548464715175, 43.7726892724404], [-79.1547247374243, 43.7725943922409], [-79.1546895921042, 43.7725627817921], [-79.154616503341, 43.7725130553777], [-79.1545457758113, 43.7724588346106], [-79.1544390027166, 43.77239549429], [-79.1543457166794, 43.7723457061627], [-79.154266430176, 43.7722959595392], [-79.1542044520867, 43.7722732693756], [-79.154073593997, 43.7722098745539], [-79.1539884048323, 43.7721736116989], [-79.1538702493749, 43.7721327482639], [-79.1537730228698, 43.7720964492139], [-79.1536951338362, 43.7720737105568], [-79.153607890291, 43.7720554440579], [-79.1535106131853, 43.7720281458303], [-79.1534094074951, 43.7720098453142], [-79.1533407820238, 43.7719961355457], [-79.1532282728041, 43.7719822926635], [-79.1531479707826, 43.7719730480386], [-79.1530610853813, 43.771963782472], [-79.1529546532254, 43.7719686715392], [-79.1528369464561, 43.7719922481111], [-79.1527336416409, 43.7720426560353], [-79.1525999219114, 43.7720987314967], [-79.1525045419699, 43.7721491629069], [-79.152446061166, 43.7722112014958], [-79.1524125074752, 43.7723039467753], [-79.1523686845649, 43.7723487921572], [-79.1522840717729, 43.772360974362], [-79.1521903081414, 43.7723597524176], [-79.1521818789831, 43.77235660347], [-79.1521230781169, 43.7723346595452], [-79.1520560046456, 43.7722846794377], [-79.152004858609, 43.772221362274], [-79.1519530352222, 43.7721314724225], [-79.151869262345, 43.7720502062742], [-79.1518052385176, 43.7719780020833], [-79.1517663112125, 43.7719283771513], [-79.1517286166341, 43.7718697549776], [-79.151682838619, 43.7717976144769], [-79.1516300688104, 43.7717254445817], [-79.1515822495585, 43.7716712918514], [-79.1515044350221, 43.7715675415345], [-79.1514552459587, 43.7714818798731], [-79.1514346185297, 43.7714233095364], [-79.1514278349384, 43.7713872841646], [-79.1514145847898, 43.771328736843], [-79.1514014932682, 43.7712431855931], [-79.1514026674213, 43.7711756807046], [-79.1513684654886, 43.7711125680645], [-79.1513391288042, 43.7710179753867], [-79.1513231592817, 43.770959419166], [-79.1512901902528, 43.7708873092784], [-79.1512509314048, 43.7708286814364], [-79.1512119796644, 43.7707835568452], [-79.1511541013388, 43.7707248815866], [-79.1510546623225, 43.7706660793714], [-79.1509594160798, 43.770625283826], [-79.1508717647753, 43.7706115140719], [-79.150767790268, 43.7706022042835], [-79.1506736215256, 43.7705749134303], [-79.1505708662607, 43.770556606026], [-79.1504789157731, 43.7705473231357], [-79.1503957510113, 43.7705650799483], [-79.1502787602461, 43.7705917258275], [-79.1501826841187, 43.7706274365522], [-79.1500834381626, 43.7706721382541], [-79.1499740133487, 43.7707348210409], [-79.1499154407654, 43.77079314915], [-79.1498296522724, 43.7708603949271], [-79.1497171209653, 43.7709230667767], [-79.149652972685, 43.7709408725968], [-79.1495800114252, 43.7709361579423], [-79.149507938368, 43.7709134421933], [-79.1494011471144, 43.7708546167036], [-79.1493151801095, 43.7708183476664], [-79.1492222308046, 43.7707820672028], [-79.1491112900472, 43.7707682339677], [-79.1489995654242, 43.7707543978299], [-79.1488523973799, 43.7707629655943], [-79.1487805370894, 43.770771745853], [-79.148684632718, 43.7707759605761], [-79.1486263611019, 43.770784791649], [-79.1485181018084, 43.770775466205], [-79.1484541107639, 43.7707662683071], [-79.1483875057039, 43.7707390693009], [-79.1482981271958, 43.7706892873343], [-79.148222220473, 43.770657559], [-79.1481331741318, 43.7706167886536], [-79.1480445381705, 43.7705760104837], [-79.1479376194726, 43.770535185288], [-79.1478597606852, 43.7705079413084], [-79.1478288668356, 43.7704808427722], [-79.1477732499408, 43.7704311746143], [-79.1477036188609, 43.7703904539687], [-79.1476603299466, 43.770358816473], [-79.1475883780818, 43.7703135887123], [-79.1474893657296, 43.7702547849095], [-79.1474456794678, 43.7702231462917], [-79.1473960073215, 43.7701554841726], [-79.1473725044096, 43.770123908081], [-79.1473443317335, 43.7700968175212], [-79.1472894973258, 43.7700471420057], [-79.1472366147529, 43.7699974720038], [-79.1471519365054, 43.7699387031665], [-79.1471004737308, 43.7699115409802], [-79.147031083207, 43.7698978249173], [-79.1469401956848, 43.7699065538449], [-79.1468476492058, 43.769933272128], [-79.1467818157984, 43.7699735824804], [-79.1467419524713, 43.7700184746332], [-79.1466934887478, 43.7700768408098], [-79.1466516875023, 43.7701217177024], [-79.1466032655589, 43.7701710835529], [-79.1465681783201, 43.770197987264], [-79.1464896436366, 43.7702202470431], [-79.1464204125833, 43.7702425451563], [-79.1463555606226, 43.7702468448168], [-79.1462453362564, 43.7702465133133], [-79.1461752161124, 43.7702237929324], [-79.146101181456, 43.7702055612453], [-79.1460194353706, 43.7701783051574], [-79.1459486392102, 43.7701375807434], [-79.1459081117793, 43.7700969495157], [-79.1458556417322, 43.7700427711326], [-79.1458075235257, 43.7699751038288], [-79.1457636923833, 43.7699029592272], [-79.1457241613287, 43.7698263177359], [-79.145669927126, 43.7697406293178], [-79.1456191156204, 43.7696684623064], [-79.14557856294, 43.769632323379], [-79.1454892281552, 43.7695780389877], [-79.1454273620178, 43.7695373331419], [-79.1453484718879, 43.7694875813515], [-79.1453229541242, 43.7694695001388], [-79.1452785911747, 43.769424356812], [-79.1452624567289, 43.7693928026574], [-79.1452447818178, 43.7693612433016], [-79.1452314190211, 43.7693251971882], [-79.1452255274975, 43.7692711722882], [-79.1452238165441, 43.7692306613284], [-79.1452361984419, 43.7691721926389], [-79.1452480487819, 43.7691362244848], [-79.1452711657815, 43.7691002915629], [-79.1453117201206, 43.7690689130334], [-79.1453620687571, 43.7690195627905], [-79.1454194884963, 43.7689567326655], [-79.1454616627708, 43.7689118487654], [-79.1454999855023, 43.7688669617586], [-79.1455380456914, 43.768795071181], [-79.1455580974716, 43.7687501270978], [-79.1455716194377, 43.7686961624978], [-79.1455739033303, 43.7686376613235], [-79.1455715160746, 43.768579146459], [-79.1455614846139, 43.7685026055322], [-79.1455396825111, 43.7684485312871], [-79.1455058709514, 43.7683899187425], [-79.145474023495, 43.7683268119238], [-79.1454364054932, 43.7682546851939], [-79.1453834459596, 43.7681510072743], [-79.1453446603742, 43.7680788777668], [-79.145334844098, 43.7680646438901], [-79.1453042540519, 43.7680202364421], [-79.1452731363171, 43.7679661324728], [-79.1452536180551, 43.7679165655642], [-79.1452372974234, 43.7678535063423], [-79.1452361569547, 43.767849002201], [-79.1452331449836, 43.7677679824162], [-79.1452455801473, 43.767700503705], [-79.1452680875915, 43.7676330642461], [-79.1452812380402, 43.7675745981084], [-79.1452826985508, 43.7675250962364], [-79.145262422641, 43.7674755260309], [-79.1452520195441, 43.7674619921091], [-79.1452454319424, 43.7674542851737], [-79.1451732370297, 43.7673146781753], [-79.1450551534801, 43.7672159645052], [-79.1450780694924, 43.7670478931975], [-79.1451153872213, 43.7663808787136], [-79.1454140052378, 43.7662097386742], [-79.1454140567132, 43.7662009177132], [-79.1454141403232, 43.7661867959125], [-79.1454373973061, 43.7661648236014], [-79.1454704428854, 43.7661340524157], [-79.145509554719, 43.7661068280876], [-79.1455437919293, 43.7660804709134], [-79.1455658417286, 43.7660567133624], [-79.1455903133909, 43.7660329807086], [-79.1456415649409, 43.7660110872582], [-79.1456793489635, 43.7660023825808], [-79.1457342162576, 43.7659866657647], [-79.1457926899866, 43.7659762619918], [-79.1458471757645, 43.7659640449594], [-79.1460612867118, 43.7659038507952], [-79.1461612994213, 43.7658840340301], [-79.1462224995674, 43.7658600913348], [-79.146283805513, 43.7658160316192], [-79.1463506045049, 43.7657840592801], [-79.1464118620269, 43.7657480371873], [-79.1465011634097, 43.7656638366678], [-79.1466071306378, 43.7655756656915], [-79.1467353523422, 43.7654795244923], [-79.1468191357737, 43.7653872686679], [-79.1469250797031, 43.7653031198541], [-79.1470031102257, 43.7652470409813], [-79.1471259096793, 43.7651307557183], [-79.1472263597535, 43.7650385339707], [-79.1473102485483, 43.7649301845203], [-79.1473887281567, 43.7647976777795], [-79.1474391645159, 43.7647133568346], [-79.1474949044326, 43.764673302881], [-79.1475506330993, 43.7646332487174], [-79.1476063508535, 43.764597208187], [-79.14765115334, 43.7645289646023], [-79.147712259795, 43.7644293842207], [-79.1477575825301, 43.7643910889427], [-79.1478941965052, 43.7642609837523], [-79.1480378677405, 43.7641173891334], [-79.1481892760794, 43.7639783279276], [-79.1483314074914, 43.7638302367493], [-79.1484840336684, 43.7636821786007], [-79.148626045881, 43.7635565898011], [-79.1487455669269, 43.763426430792], [-79.1488659473339, 43.763282772861], [-79.1490007115774, 43.7631346587085], [-79.1491363116791, 43.7629730353115], [-79.1491470158314, 43.7629628337732], [-79.1493354060895, 43.7627510567442], [-79.1494200722781, 43.762629592726], [-79.1494929064402, 43.7624820172261], [-79.1496619836432, 43.7622825653038], [-79.14981888493, 43.7621178565287], [-79.1499395032621, 43.7620051982422], [-79.150120574583, 43.7618057822664], [-79.1503259174828, 43.7615629650317], [-79.1505704715315, 43.7613278464021], [-79.1506431633044, 43.761199783301], [-79.1507222072817, 43.761087501069], [-79.150818328217, 43.7609752709694], [-79.1509183994265, 43.7608540425121], [-79.151023462665, 43.7607373389646], [-79.1511335798038, 43.760620651371], [-79.1512285837099, 43.7604994252707], [-79.1513212391025, 43.7603826836382], [-79.1514216151105, 43.7602749669787], [-79.1515188886055, 43.760162739612], [-79.1516312598262, 43.7600595592991], [-79.1517567403341, 43.7599699298849], [-79.1518813740281, 43.7598937903547], [-79.1520094841369, 43.759817661896], [-79.1521286632671, 43.7597460149444], [-79.1522331137979, 43.759669813313], [-79.1523238378889, 43.7596007717317], [-79.1525330858915, 43.7594656696926], [-79.1527739859373, 43.7592925261288], [-79.1529664468239, 43.7591974640708], [-79.1532308350882, 43.759111333563], [-79.1534467351873, 43.7591119877357], [-79.1536626856252, 43.7591039384536], [-79.1538307111877, 43.7590870570098], [-79.1541304751592, 43.7591053552897], [-79.1544663649228, 43.759097676342], [-79.1548260978608, 43.759116152699], [-79.1553177812135, 43.7591350179163], [-79.1557256508623, 43.7591275609678], [-79.1561217725677, 43.7590765917543], [-79.1564457153235, 43.75906017599], [-79.1568777385989, 43.7590267022407], [-79.1571058829741, 43.7589839106562], [-79.1571901810889, 43.7589233069404], [-79.157274144899, 43.7589235590705], [-79.1574781088837, 43.758915474922], [-79.1576821113872, 43.7588986871689], [-79.1579342473162, 43.7588559746437], [-79.1582584862194, 43.758787383959], [-79.1586305616662, 43.7587450293111], [-79.1589786304863, 43.7587025918619], [-79.159230950605, 43.7586250973032], [-79.1594951794564, 43.7585650189646], [-79.1597952619239, 43.7585224551981], [-79.1600715347634, 43.7584537332828], [-79.1603344913194, 43.7583198040918], [-79.1604480706042, 43.7582677547188], [-79.1606097403514, 43.7582277295339], [-79.1607650750535, 43.7582101878885], [-79.1609406647662, 43.7581792045153], [-79.16109185429, 43.7581391477163], [-79.1612574483355, 43.7580946325077], [-79.1614147958616, 43.7580635952316], [-79.1615857024149, 43.7580370886694], [-79.1617546857237, 43.7580060841803], [-79.1619187398963, 43.7579570630018], [-79.1620843971837, 43.7578990456804], [-79.1622430487268, 43.757841006373], [-79.1624105676148, 43.757796496137], [-79.1625664109252, 43.757756441997], [-79.1627242804923, 43.75770290029], [-79.1628676922906, 43.7576673187513], [-79.1630394549588, 43.7576273110407], [-79.163185983901, 43.7575872377565], [-79.1633523338779, 43.7575427217494], [-79.1635166438927, 43.7575161926901], [-79.1636944519414, 43.7575032147895], [-79.1638672565775, 43.7574857200903], [-79.1640381100209, 43.7574682117841], [-79.1642137218697, 43.7574327227802], [-79.1643936050757, 43.757397246304], [-79.1645735141671, 43.7573572600126], [-79.1647514850936, 43.7573172765198], [-79.1649252087609, 43.7572727803147], [-79.1651066806222, 43.7572282975288], [-79.1652818682648, 43.7572018073557], [-79.1654663441315, 43.7571753435954], [-79.1656357953514, 43.757130833531], [-79.1658157270797, 43.7570863537014], [-79.1659905911932, 43.7570463598164], [-79.1661716655316, 43.7570063834026], [-79.1663460571882, 43.7569798887227], [-79.1672836438348, 43.7568430852212], [-79.1673886159877, 43.7568073865176], [-79.1675616661302, 43.7567448816168], [-79.1677456194019, 43.7566733981455], [-79.1679133414064, 43.7565883736744], [-79.1680946733391, 43.7564988798426], [-79.1682682563903, 43.7564093722407], [-79.1684634582807, 43.75633792838], [-79.1686791876242, 43.7562755368718], [-79.1688878369934, 43.7562266351666], [-79.1691121215518, 43.7561597664528], [-79.1693243094539, 43.7561063737859], [-79.1695244892749, 43.7560484449693], [-79.1697188945417, 43.7559814889376], [-79.1699178074661, 43.7559370572764], [-79.1701281312298, 43.7558701556286], [-79.1703217768936, 43.7557986962608], [-79.170525951874, 43.7557182736115], [-79.1707464082433, 43.7556423898111], [-79.1707678773493, 43.7556357637659], [-79.1708034171981, 43.7557153743423], [-79.1709286256308, 43.7558250809176], [-79.171087647455, 43.7559487017838], [-79.1711779737741, 43.7561015950614], [-79.171363565682, 43.7561831397945], [-79.1715113365227, 43.7562958268936], [-79.1716146527021, 43.7564375056146], [-79.1717249150414, 43.7565967022209], [-79.1718613287584, 43.7566836582633], [-79.1719745103208, 43.7567724024387], [-79.1719854662575, 43.7567809754638], [-79.1721586107139, 43.7568434723302], [-79.1722531465147, 43.7569560784449], [-79.1724749658606, 43.7569494235925], [-79.1726622267852, 43.7568875731283], [-79.1728527154269, 43.7568873168944], [-79.1730522301892, 43.7569673321062], [-79.1732714787939, 43.7570699700105], [-79.1734735092279, 43.7571901460473], [-79.1736480348287, 43.757318919986], [-79.1738347713636, 43.7573742611494], [-79.1740166384626, 43.7574755123337], [-79.1741905470646, 43.7575856343414], [-79.174294754918, 43.7577179601325], [-79.1745069728765, 43.7577279443014], [-79.1746844578909, 43.7576780244943], [-79.1748005729721, 43.7577193920963], [-79.1748075950109, 43.7577320220972], [-79.1756737767041, 43.7581935620124], [-79.1766104201978, 43.75869263164], [-79.1772127984562, 43.7590136059081], [-79.1787054476751, 43.7587207452958], [-79.1791187956896, 43.7586421386431], [-79.1809446750311, 43.75829491649], [-79.1819282865713, 43.7581085965209], [-79.1840385799526, 43.7576913489641], [-79.1855784637361, 43.7573985295917], [-79.185877452176, 43.7573255599233], [-79.1868735980726, 43.757139628582], [-79.18722392849, 43.7570723852055], [-79.1893931691354, 43.756655911588], [-79.1904794940672, 43.7564473306472], [-79.1921681674391, 43.7561120328546], [-79.1934769973164, 43.755852112921], [-79.1947422094072, 43.7556008283579], [-79.1955688047394, 43.7554366636409], [-79.1959527358239, 43.7553636781974], [-79.1960880754028, 43.7553379431421], [-79.1966079821824, 43.7552383758667], [-79.1971276027104, 43.7551383560201], [-79.197646964615, 43.7550378732376], [-79.1981661652728, 43.7549367039657], [-79.1986823845972, 43.7548356059774], [-79.1989599323113, 43.7547853179343], [-79.199141540381, 43.7547519342157], [-79.199237246683, 43.7547343457586], [-79.1994616398748, 43.7546926123159], [-79.1995144400378, 43.7546827956649], [-79.1995309346012, 43.7546796881974], [-79.1997912387649, 43.7546305958155], [-79.2000678047454, 43.7545777739738], [-79.2003442361607, 43.7545242038352], [-79.2006202974595, 43.7544701184885], [-79.2008962626369, 43.7544152863537], [-79.2011718464524, 43.7543598578045], [-79.2014473075998, 43.7543037801923], [-79.2017223862916, 43.7542471421675], [-79.2019930202262, 43.7541851906812], [-79.202470932534, 43.7540758024741], [-79.2027005232133, 43.7540265966184], [-79.2029303708067, 43.753977966076], [-79.2031603530018, 43.7539299305305], [-79.2033907158719, 43.75388244433], [-79.203414570011, 43.7538775819519], [-79.2039810178889, 43.7554758896124], [-79.2027675019378, 43.755868846387], [-79.2029381558928, 43.7562098858932], [-79.2034169027701, 43.7571667139321], [-79.2038431629971, 43.7574098786715], [-79.2037813111532, 43.7574163073882], [-79.2036196516926, 43.7576139234808], [-79.2033718010589, 43.7578574471951], [-79.203152353958, 43.7580476568722], [-79.20299890864, 43.7582181551546], [-79.2028843942677, 43.7583714625444], [-79.2028111963518, 43.7584745524151], [-79.2028305560949, 43.7586505667187], [-79.2028224589734, 43.7588435848055], [-79.2027175807829, 43.7590744537329], [-79.2026940269198, 43.7591263019546], [-79.2026282236887, 43.7593660130057], [-79.2025188525852, 43.7596083456836], [-79.2024589948989, 43.7598310863515], [-79.2024517080699, 43.7601261262522], [-79.202411543442, 43.7603793057418], [-79.2022958755599, 43.7605761577936], [-79.2020952155825, 43.7606791486473], [-79.2019231295979, 43.7607600435698], [-79.2018251292601, 43.7608174583861], [-79.2017895938177, 43.7608382756992], [-79.2017390066352, 43.7609939808015], [-79.2017445180487, 43.7611069873276], [-79.2017585268347, 43.761181968145], [-79.2017688457262, 43.7613600380631], [-79.201810902203, 43.7615465442119], [-79.2019854082137, 43.7617717229711], [-79.2021888862405, 43.7619603152428], [-79.2023656094999, 43.7621020136782], [-79.2025257057843, 43.762233325623], [-79.202686888449, 43.7624062073552], [-79.2026597126292, 43.7626094829272], [-79.2026457596528, 43.7626809337016], [-79.2024317802065, 43.7628338292086], [-79.2021702174206, 43.7629144818266], [-79.2018494318415, 43.7630036935288], [-79.2016117996808, 43.7631246438194], [-79.2014982467874, 43.7632416502419], [-79.2014471078611, 43.7633229327927], [-79.2013739629103, 43.7635185983925], [-79.2013379749689, 43.7636698142293], [-79.2013559998722, 43.7638389026939], [-79.2014672435175, 43.76409398964], [-79.2016048296613, 43.7642793865946], [-79.2017474932669, 43.7644804846851], [-79.201883965007, 43.7646132390146], [-79.2019416371715, 43.7646820055761], [-79.2020623237439, 43.7648773128866], [-79.2021505372843, 43.7649636660264], [-79.2023342832951, 43.7653088808019], [-79.2024450944593, 43.7656051734059], [-79.2026848745286, 43.7657594024163], [-79.2030133249056, 43.7659612972371], [-79.2032806285281, 43.7662521079631], [-79.2034573007368, 43.7665906783686], [-79.2034668125503, 43.7666088127839], [-79.2032948963199, 43.7669209953447], [-79.2028122823241, 43.7671066512971], [-79.2022550963941, 43.7672286697651], [-79.2016905049773, 43.7673857085223], [-79.2011304462695, 43.7676597979694], [-79.2007603026728, 43.7680919845294], [-79.200661067511, 43.7685986165236], [-79.2005320089584, 43.7690451860499], [-79.2001742899197, 43.7694317852695], [-79.1999088238727, 43.7698844498784], [-79.1996993770527, 43.7703364064616], [-79.1994716914079, 43.7707338217572], [-79.1990627160836, 43.77104131457], [-79.1987467664209, 43.7714294949066], [-79.1989398464249, 43.7718208157952], [-79.1992001451915, 43.7721817099352], [-79.1994688384497, 43.7725562439626], [-79.1995820019927, 43.7729829267525], [-79.1995836608475, 43.7733736537679], [-79.1994140622772, 43.7737088520882], [-79.1991915644959, 43.7738565522838], [-79.199078408476, 43.7739316655345], [-79.1987338572677, 43.774166958161], [-79.198699355019, 43.7741905125533], [-79.1985577875497, 43.7745252528974], [-79.1986526000973, 43.7748209210498], [-79.1987091218534, 43.7749617940039], [-79.1987248743187, 43.7750010534458], [-79.1988404626652, 43.7753427542811], [-79.1987545044924, 43.7756685313128], [-79.198444655031, 43.7759499097044], [-79.1981620235263, 43.7761023634702], [-79.1980772452064, 43.7761383872009], [-79.1980031476276, 43.7761773650545], [-79.197647300911, 43.7762100160682], [-79.1972512983183, 43.7762295082959], [-79.1968644787982, 43.7762456758593], [-79.1965584338698, 43.7761505046204], [-79.1964330114979, 43.7760679186338], [-79.1963442629427, 43.776009481249], [-79.1962757116141, 43.7759122399031], [-79.1961243266663, 43.7756974480148], [-79.195892907059, 43.7754699224335], [-79.1955318586585, 43.7754048633506], [-79.1952417330345, 43.775539566857], [-79.1951020782481, 43.7758188605251], [-79.1950998719636, 43.7758937172829], [-79.1950830246458, 43.7759260219154], [-79.1950836308444, 43.7761488749694], [-79.1950364666989, 43.7763705646098], [-79.1950991963776, 43.77659392453], [-79.1951123735815, 43.7768364510736], [-79.1951205664649, 43.7770529683117], [-79.1950200473557, 43.7771519648524], [-79.1949450304094, 43.7772026390559], [-79.1947238705783, 43.7772144880483], [-79.194620013113, 43.7772200436628], [-79.1945765367058, 43.7772025279271], [-79.1945505090308, 43.7772004158556], [-79.1945028217488, 43.7771728160739], [-79.1942118576607, 43.7770044546699], [-79.1938640867241, 43.776819009559], [-79.1935240316141, 43.7767505979885], [-79.1931785935022, 43.776814227283], [-79.1930987599906, 43.7768662736967], [-79.1930403723743, 43.7768810770189], [-79.1928129114289, 43.7770514969653], [-79.192737120973, 43.7771896947208], [-79.192687919318, 43.7772518961983], [-79.1926943599212, 43.7772676473468], [-79.1926897825247, 43.7772760059739], [-79.1927438573618, 43.7774681279811], [-79.1928215191069, 43.7775419484231], [-79.1929333301241, 43.7777081490017], [-79.193010665599, 43.7779430082014], [-79.1929733229487, 43.7780717138365], [-79.1929454894997, 43.7781676452533], [-79.1929030815532, 43.77821282569], [-79.192807913214, 43.7783141927165], [-79.1925164753533, 43.7784150227783], [-79.1921546047325, 43.7784565614045], [-79.1918142056533, 43.7784585965755], [-79.1916119685252, 43.7784881691859], [-79.191532526587, 43.7784997816292], [-79.1912640748443, 43.7786113193227], [-79.1910010634705, 43.7787400449761], [-79.1907646075465, 43.7788114689437], [-79.1907418831657, 43.7788216866061], [-79.1906964662347, 43.7788383057686], [-79.1906159977636, 43.7788583863686], [-79.1904417018379, 43.7789018940705], [-79.1900937778688, 43.7789866413271], [-79.1897573078397, 43.7790979011052], [-79.1894676401832, 43.7792605759513], [-79.189012174368, 43.7792862506832], [-79.1885712895845, 43.779259955139], [-79.1881209818098, 43.7792300492559], [-79.1876742144497, 43.7791858846344], [-79.1872774852097, 43.779173566683], [-79.1868999877043, 43.7792869555352], [-79.1866132522147, 43.7794836818816], [-79.1864690464104, 43.7797661842518], [-79.1864190495474, 43.7800406541688], [-79.1863780879676, 43.780302376032], [-79.1862894935193, 43.7805644356929], [-79.1861787606814, 43.7807954791638], [-79.1859969287101, 43.7810000979403], [-79.1857911283936, 43.7810817672363], [-79.1856879476912, 43.7811227080346], [-79.1852829796517, 43.7810937891215], [-79.1849836385544, 43.7808873964722], [-79.1846664713873, 43.7806667317244], [-79.1843450230792, 43.7804880181359], [-79.1839725963978, 43.7803604597994], [-79.1836224290236, 43.7802618281301], [-79.1832594935399, 43.7802218474859], [-79.1832425552278, 43.7802205949546], [-79.1828653308981, 43.7801927073603], [-79.1825854930855, 43.7803199268527], [-79.1823889688108, 43.780537928713], [-79.1821119285419, 43.7807253638866], [-79.1819383019262, 43.7808793585171], [-79.1818580662062, 43.7809505233885], [-79.1815576268409, 43.7811475230856], [-79.1811672686867, 43.7812220715423], [-79.1807947216992, 43.7811150247796], [-79.180764727091, 43.7811064078869], [-79.1803687886939, 43.780989951211]]]]}"
27,Morningside,135,18335,121,140,163,159,135,177,106,83,127,678.5934,789.3105,921.7893,890.3074,746.0624,968.5363,578.6974,454.7696,692.6643,21,17,14,12,12,8,32,32,52,117.7724,95.84484,79.17209,67.19301,66.31667,43.77565,174.7011,175.3329,175.3329,5,3,3,,1,1,,,1,28.04105,16.9138,16.96545,,5.526389,5.471956,,,,30,21,19,16,19,17,18,16,11,168.2463,118.3966,107.4478,89.59068,105.0014,93.02325,98.26937,87.66643,59.99454,,1,,,1,1,1,,1,,6,,,5.526389,5.471956,5.459409,,5.45405,17,23,10,19,13,18,8,5,17,95.33958,56.55149,106.3889,71.84305,98.49521,43.67527,27.39576,92.71884,129.6724,2,,1,1,1,3,8,3,7,11.21642,,5.655149,5.599418,5.526389,16.41587,43.67527,16.43746,38.17835,25,34,20,36,34,34,27,21,25,140.2053,191.6897,113.103,201.579,187.8972,186.0465,147.4041,115.0622,136.3512,1,1,,2,2,4,2,1,4,5.608211,5.637932,,11.19884,11.05278,21.88783,10.91882,5.479152,21.8162,"{'type': 'MultiPolygon', 'coordinates': [[[[-79.1943593365953, 43.7892859878801], [-79.1938272489251, 43.7880962781966], [-79.1937702902491, 43.7879971038202], [-79.1937337047682, 43.7878619802914], [-79.1936925652607, 43.787708841376], [-79.1936698660049, 43.7875917564796], [-79.1936478920896, 43.7874836839942], [-79.1936290365109, 43.7873756112837], [-79.1936233301012, 43.787276573638], [-79.1936175896278, 43.7871865472068], [-79.1936179582378, 43.7871145301244], [-79.1936262746439, 43.7870065385545], [-79.1936266881914, 43.7869255203293], [-79.1936201526777, 43.786835482224], [-79.1936236727338, 43.7867544815979], [-79.1936372935462, 43.7866735083095], [-79.1936416429522, 43.786583499133], [-79.1936374899237, 43.7864844662264], [-79.1936311379291, 43.7863584245094], [-79.1936122699748, 43.7862503605854], [-79.1936043321487, 43.7861333154506], [-79.1936032516417, 43.7860433095559], [-79.1935873123314, 43.7859261532169], [-79.1935525407792, 43.7857915111508], [-79.193518327386, 43.7856571579101], [-79.1934613681779, 43.7855316467491], [-79.1933454926871, 43.7853529512558], [-79.1921924104757, 43.782585004897], [-79.1912418888861, 43.780337149286], [-79.1906963230523, 43.7790468085201], [-79.1906808709157, 43.7790102583582], [-79.1906159977636, 43.7788583863686], [-79.1906964662347, 43.7788383057686], [-79.1907418831657, 43.7788216866061], [-79.1907646075465, 43.7788114689437], [-79.1910010634705, 43.7787400449761], [-79.1912640748443, 43.7786113193227], [-79.191532526587, 43.7784997816292], [-79.1916119685252, 43.7784881691859], [-79.1918142056533, 43.7784585965755], [-79.1921546047325, 43.7784565614045], [-79.1925164753533, 43.7784150227783], [-79.192807913214, 43.7783141927165], [-79.1929030815532, 43.77821282569], [-79.1929454894997, 43.7781676452533], [-79.1929733229487, 43.7780717138365], [-79.193010665599, 43.7779430082014], [-79.1929333301241, 43.7777081490017], [-79.1928215191069, 43.7775419484231], [-79.1927438573618, 43.7774681279811], [-79.1926897825247, 43.7772760059739], [-79.1926943599212, 43.7772676473468], [-79.192687919318, 43.7772518961983], [-79.192737120973, 43.7771896947208], [-79.1928129114289, 43.7770514969653], [-79.1930403723743, 43.7768810770189], [-79.1930987599906, 43.7768662736967], [-79.1931785935022, 43.776814227283], [-79.1935240316141, 43.7767505979885], [-79.1938640867241, 43.776819009559], [-79.1942118576607, 43.7770044546699], [-79.1945028217488, 43.7771728160739], [-79.1945505090308, 43.7772004158556], [-79.1945765367058, 43.7772025279271], [-79.194620013113, 43.7772200436628], [-79.1947238705783, 43.7772144880483], [-79.1949450304094, 43.7772026390559], [-79.1950200473557, 43.7771519648524], [-79.1951205664649, 43.7770529683117], [-79.1951123735815, 43.7768364510736], [-79.1950991963776, 43.77659392453], [-79.1950364666989, 43.7763705646098], [-79.1950836308444, 43.7761488749694], [-79.1950830246458, 43.7759260219154], [-79.1950998719636, 43.7758937172829], [-79.1951020782481, 43.7758188605251], [-79.1952417330345, 43.775539566857], [-79.1955318586585, 43.7754048633506], [-79.195892907059, 43.7754699224335], [-79.1961243266663, 43.7756974480148], [-79.1962757116141, 43.7759122399031], [-79.1963442629427, 43.776009481249], [-79.1964330114979, 43.7760679186338], [-79.1965584338698, 43.7761505046204], [-79.1968644787982, 43.7762456758593], [-79.1972512983183, 43.7762295082959], [-79.197647300911, 43.7762100160682], [-79.1980031476276, 43.7761773650545], [-79.1980772452064, 43.7761383872009], [-79.1981620235263, 43.7761023634702], [-79.198444655031, 43.7759499097044], [-79.1987545044924, 43.7756685313128], [-79.1988404626652, 43.7753427542811], [-79.1987248743187, 43.7750010534458], [-79.1987091218534, 43.7749617940039], [-79.1986526000973, 43.7748209210498], [-79.1985577875497, 43.7745252528974], [-79.198699355019, 43.7741905125533], [-79.1987338572677, 43.774166958161], [-79.199078408476, 43.7739316655345], [-79.1991915644959, 43.7738565522838], [-79.1994140622772, 43.7737088520882], [-79.1995836608475, 43.7733736537679], [-79.1995820019927, 43.7729829267525], [-79.1994688384497, 43.7725562439626], [-79.1992001451915, 43.7721817099352], [-79.1989398464249, 43.7718208157952], [-79.1987467664209, 43.7714294949066], [-79.1990627160836, 43.77104131457], [-79.1994716914079, 43.7707338217572], [-79.1996993770527, 43.7703364064616], [-79.1999088238727, 43.7698844498784], [-79.2001742899197, 43.7694317852695], [-79.2005320089584, 43.7690451860499], [-79.200661067511, 43.7685986165236], [-79.2007603026728, 43.7680919845294], [-79.2011304462695, 43.7676597979694], [-79.2016905049773, 43.7673857085223], [-79.2022550963941, 43.7672286697651], [-79.2028122823241, 43.7671066512971], [-79.2032948963199, 43.7669209953447], [-79.2034668125503, 43.7666088127839], [-79.2034573007368, 43.7665906783686], [-79.2032806285281, 43.7662521079631], [-79.2030133249056, 43.7659612972371], [-79.2026848745286, 43.7657594024163], [-79.2024450944593, 43.7656051734059], [-79.2023342832951, 43.7653088808019], [-79.2021505372843, 43.7649636660264], [-79.2020623237439, 43.7648773128866], [-79.2035580627036, 43.764537069016], [-79.2048630105123, 43.7642402392376], [-79.2056317450236, 43.7640583812127], [-79.2058773195129, 43.7645947452937], [-79.2064217805612, 43.765935457865], [-79.2066125136866, 43.7663687684276], [-79.2067908459045, 43.7668089609183], [-79.2076082122053, 43.7687173771239], [-79.2077743251239, 43.7691266169752], [-79.208751322439, 43.7714594495451], [-79.2096726970923, 43.7712679718138], [-79.2097800061598, 43.7712446616966], [-79.209917707232, 43.7712147489425], [-79.210134250023, 43.7711762336943], [-79.2103109648375, 43.7711645302017], [-79.2104525732178, 43.7711713968036], [-79.210722691218, 43.7711737723997], [-79.2118581767763, 43.7711837521159], [-79.2120405346641, 43.7711815557091], [-79.2122216457289, 43.7711880523617], [-79.2123839524874, 43.7711735460674], [-79.2126035947407, 43.7711618929825], [-79.2127799464903, 43.7711454674629], [-79.2129818712154, 43.7711113928649], [-79.2143094053357, 43.7708104879587], [-79.2163069061539, 43.7703523447772], [-79.2176178199977, 43.7700551133833], [-79.2186874095547, 43.7698198596638], [-79.2194817820012, 43.771794489923], [-79.2200758329372, 43.773272281547], [-79.2206583268243, 43.7747227401161], [-79.2210559893198, 43.7756895990913], [-79.2214325799744, 43.776614450543], [-79.2214736641797, 43.7767074965558], [-79.2222204069688, 43.7785655061294], [-79.2171457768684, 43.7797612041443], [-79.2147651009863, 43.7803330530366], [-79.2130604532128, 43.78073850953], [-79.2126327355842, 43.7808402369907], [-79.211922788657, 43.7810101744631], [-79.2113939490874, 43.7811382674805], [-79.2111734706721, 43.7811895121935], [-79.2113632313547, 43.7814727805275], [-79.2116245572846, 43.7816935542355], [-79.2121404622856, 43.7821050732971], [-79.2122642567517, 43.7822104372117], [-79.2123743675115, 43.7822857568658], [-79.2124983899255, 43.7823410934397], [-79.2126846036268, 43.78239158999], [-79.2128847276926, 43.78241709806], [-79.2132681451214, 43.7826264098495], [-79.2133415040338, 43.7829210304708], [-79.2133684050548, 43.7830711838222], [-79.2134915452363, 43.7833116244001], [-79.2135593544897, 43.7835719549706], [-79.2136207826649, 43.7837221852998], [-79.2137103544537, 43.7837624374017], [-79.213841396416, 43.7837977887841], [-79.2139656266063, 43.7838131228407], [-79.2141934934232, 43.7838137016736], [-79.2143523561731, 43.783804098946], [-79.2145045022204, 43.7837544507952], [-79.2146153447332, 43.7836796850833], [-79.2146916264365, 43.7836148423939], [-79.214719518064, 43.7835548744476], [-79.2147269963946, 43.7834348266326], [-79.2147003533405, 43.7832296328497], [-79.2146804283945, 43.7830644842729], [-79.2147428099811, 43.7830146027176], [-79.214867168324, 43.7829999078814], [-79.2149706503782, 43.7830201847182], [-79.2150947367981, 43.7830655263065], [-79.2153152430546, 43.78316113681], [-79.21545289468, 43.7832565503751], [-79.2156109964, 43.7834070470246], [-79.2157276184925, 43.7835674398865], [-79.2160631512598, 43.7838437182198], [-79.2165242695352, 43.7839046940038], [-79.2167536634238, 43.7839320855598], [-79.216820153367, 43.7839644389098], [-79.2168939217568, 43.7840236421816], [-79.2169307048871, 43.7840720058518], [-79.2169748547293, 43.7841311267983], [-79.2171670735743, 43.7841959787518], [-79.2173519760238, 43.7842393631482], [-79.217455680606, 43.7842288810979], [-79.2175003367047, 43.7841807185143], [-79.2175303846911, 43.7840895930414], [-79.2175679008934, 43.7839823918811], [-79.2175684568392, 43.7838643787603], [-79.2176062122244, 43.783708896478], [-79.2176734726248, 43.7835749547154], [-79.2176814703458, 43.7834462217653], [-79.2177412129292, 43.7833390845343], [-79.2178673558077, 43.7832803935618], [-79.218015814313, 43.7832002904419], [-79.2182828709939, 43.7830936642664], [-79.2185279894092, 43.7829279807205], [-79.2186544461036, 43.7827995486894], [-79.2188178864739, 43.7826819365384], [-79.2189661911377, 43.782634037678], [-79.2191143694895, 43.7826129423627], [-79.2192623468839, 43.7826347740912], [-79.2193139270425, 43.7826885384265], [-79.2193800912907, 43.7827906302941], [-79.2194535220381, 43.782919553732], [-79.2195121439619, 43.7830538151177], [-79.2195412606152, 43.7831611711363], [-79.2195777066792, 43.7832846570729], [-79.2196513399492, 43.7833706639717], [-79.2196808084536, 43.7834029240828], [-79.2198433968867, 43.7834676987994], [-79.2199762918646, 43.7835484945939], [-79.2200942655542, 43.7836560867824], [-79.2202122262946, 43.783763668742], [-79.2202414456749, 43.7838495668443], [-79.2202555414235, 43.7840051680069], [-79.2203028410261, 43.7841941992478], [-79.2201937675084, 43.7843145034449], [-79.2201483344704, 43.7843884531715], [-79.2201509555941, 43.7844712340473], [-79.2201595987722, 43.7845518515134], [-79.220192286865, 43.7846346973891], [-79.2202457478663, 43.7847786037273], [-79.2202693443051, 43.7848766835099], [-79.2203168075711, 43.7850118528711], [-79.2203674665564, 43.7851121683967], [-79.2204301793667, 43.7852038183412], [-79.2205081096506, 43.7852562881333], [-79.2206071262126, 43.78530009521], [-79.2207631515848, 43.7853723600817], [-79.220973621793, 43.7854815627554], [-79.2210579145683, 43.7855287182376], [-79.221238670174, 43.7856210522005], [-79.2213562166959, 43.7856694679589], [-79.2214346599195, 43.7856893536546], [-79.221495024536, 43.78569607185], [-79.2215856226878, 43.785696292674], [-79.2216701895034, 43.7856921149026], [-79.2217910707564, 43.785672723334], [-79.2219210008415, 43.7856577284872], [-79.2220055482005, 43.7856579349468], [-79.2221081212937, 43.7856800567297], [-79.2223074121788, 43.785684916046], [-79.2226714822019, 43.785677968533], [-79.2227623948757, 43.785900481071], [-79.2227824008169, 43.7860234139979], [-79.2228280163375, 43.7861650406955], [-79.2228635495067, 43.7862619514431], [-79.2228629822883, 43.7863848425666], [-79.2228933502314, 43.786489185615], [-79.2229136505193, 43.7865488138601], [-79.2229647576451, 43.7866122607031], [-79.2229799019783, 43.7866718762719], [-79.222994924867, 43.7867575672453], [-79.2229996559578, 43.7868469508157], [-79.2230097250627, 43.7868916656222], [-79.222988882655, 43.7869549207976], [-79.2229731358025, 43.7870256400201], [-79.2229473222731, 43.787051645368], [-79.2229369309071, 43.7870739604801], [-79.2228904851909, 43.7871148124763], [-79.2227822000223, 43.7871853168145], [-79.222679054012, 43.7872595420709], [-79.2224259208717, 43.7874052863618], [-79.2223415224254, 43.7874393396425], [-79.2222592152471, 43.7874540360231], [-79.2221356700408, 43.7874872468549], [-79.2221148092183, 43.7875542281903], [-79.222109492326, 43.7875914530101], [-79.2219805178984, 43.787691690649], [-79.2219236791846, 43.7877548572419], [-79.2219336431854, 43.7878219130745], [-79.2219743896107, 43.7879039411246], [-79.2220201473332, 43.7880120388976], [-79.222076433273, 43.7880680369553], [-79.2222815809008, 43.7881727956938], [-79.2223997125202, 43.7881954230946], [-79.2226154693392, 43.7882257410945], [-79.2227490497607, 43.7882446792614], [-79.2229082444568, 43.7882785772824], [-79.2230261181049, 43.7883570641083], [-79.2231388313003, 43.7884392565964], [-79.2232104180043, 43.7885213496431], [-79.2232976257197, 43.7885625253419], [-79.223421005209, 43.7885628150886], [-79.2235393489683, 43.7885370427553], [-79.2237091194526, 43.7885113945465], [-79.2239457619149, 43.7884747378046], [-79.2241207133485, 43.7884379320549], [-79.2243059196886, 43.7884085846765], [-79.2244806538371, 43.7884164592438], [-79.2245577064727, 43.7884315420415], [-79.2246243691231, 43.7884689490735], [-79.224711424274, 43.7885436437365], [-79.2248189450496, 43.7886370012557], [-79.2251993306124, 43.7889669711101], [-79.2253350412228, 43.7890884162503], [-79.2255242223223, 43.7892576781508], [-79.2254897538561, 43.7892770382033], [-79.2253880996264, 43.7893347790481], [-79.2252870762548, 43.7893930347056], [-79.225186399503, 43.7894517503418], [-79.2250863535469, 43.7895108988593], [-79.2249892765802, 43.7895700907116], [-79.2247243985246, 43.7897234448373], [-79.2244600516458, 43.7898773666246], [-79.2241961360857, 43.7900318284146], [-79.2239328738256, 43.7901868048492], [-79.2236702304626, 43.7903422404757], [-79.2234080553009, 43.7904981455602], [-79.2231465344551, 43.7906546985715], [-79.2228854703643, 43.7908116038226], [-79.222625036309, 43.7909690954059], [-79.2225262076128, 43.79102990106], [-79.2224267845831, 43.7910902462982], [-79.2223268535201, 43.7911502387046], [-79.222226291996, 43.7912095639464], [-79.2221252591765, 43.7912685549327], [-79.2220399288862, 43.791317619656], [-79.2217518502977, 43.7914466614787], [-79.2214031766425, 43.7916252400833], [-79.2210058292837, 43.7918117374785], [-79.2205622551101, 43.7920251601535], [-79.2199427899747, 43.7922891776312], [-79.2194454142235, 43.792497827625], [-79.2188783304475, 43.7927159905812], [-79.2182392649286, 43.7929460699897], [-79.2175539979742, 43.7931754736652], [-79.2168905358347, 43.7933726581197], [-79.216352266876, 43.7935271242864], [-79.2159713495192, 43.7936258922211], [-79.2157250069358, 43.7936875947], [-79.2153057877633, 43.7937919279548], [-79.2148683016446, 43.793885871271], [-79.214432851514, 43.7939717972668], [-79.2139102886549, 43.7940692152464], [-79.2134046012159, 43.7941531173329], [-79.2091590215771, 43.7947701036255], [-79.2063690255902, 43.7951774446593], [-79.203165822532, 43.7956423869707], [-79.2002617945379, 43.7960618749907], [-79.1974452214691, 43.7964691444844], [-79.1970132453738, 43.7965305220382], [-79.1969999915323, 43.7964998832858], [-79.1969504803302, 43.7963677415616], [-79.1969365272313, 43.7963305569247], [-79.196893925899, 43.7962154096442], [-79.1968351560423, 43.7960835134064], [-79.19680905861, 43.7960248912001], [-79.1967964786494, 43.7959913197675], [-79.1967238071563, 43.7957973688676], [-79.1966353120541, 43.7954398160139], [-79.1965684633305, 43.7950728430031], [-79.1965117492307, 43.7948762248393], [-79.1963754030947, 43.7944034918192], [-79.1962811883211, 43.7939075316704], [-79.1960615213574, 43.7933136650169], [-79.1958788643306, 43.7928198455555], [-79.1955491825431, 43.7920531785435], [-79.1943593365953, 43.7892859878801]]]]}"
28,Highland Creek,134,13657,52,51,71,68,50,63,33,42,60,395.6178,392.9727,553.3043,522.6749,376.7898,468.3667,244.2274,310.4213,439.3351,25,11,8,14,20,27,15,30,41,190.2009,84.75882,62.34414,107.6095,150.7159,200.7286,111.0124,221.7295,221.7295,14,11,15,2,,3,,,3,106.5125,84.75882,116.8953,15.37279,,22.30317,,,,28,36,35,29,30,33,14,5,14,213.0249,277.3925,272.7556,222.9055,226.0739,245.3349,103.6116,36.95491,102.5115,,1,,,,1,,1,,,8,,,,7.434391,,7.390983,,18,31,11,17,5,14,2,2,2,136.9446,85.72319,130.6687,37.67897,104.0815,14.80166,14.78197,14.6445,238.8658,,2,,1,2,,,,,,15.4107,,7.686395,15.07159,,,,,27,27,32,52,21,44,46,24,27,205.4169,208.0444,249.3766,399.6925,158.2517,327.1132,340.4381,177.3836,197.7008,3,5,1,1,3,1,2,1,2,22.8241,38.52674,7.793017,7.686395,22.60739,7.434391,14.80166,7.390983,14.6445,"{'type': 'MultiPolygon', 'coordinates': [[[[-79.1521338548048, 43.7955867739262], [-79.1520415280921, 43.7955864294952], [-79.1519491979652, 43.7955865990416], [-79.1518567157467, 43.7955873071712], [-79.1517643781556, 43.795588646019], [-79.1516720375682, 43.7955906059942], [-79.1515798174423, 43.7955932143041], [-79.1514874830402, 43.7955963438016], [-79.1514563348545, 43.7955975901479], [-79.1517491518223, 43.7954095939027], [-79.1519897924633, 43.7952551027175], [-79.1521009262454, 43.7951837565401], [-79.1523198445842, 43.7950269838366], [-79.1525332819186, 43.7948959282885], [-79.1528989609291, 43.7946713270866], [-79.153360283397, 43.7943904970039], [-79.1535812866554, 43.7942330622714], [-79.153647723361, 43.7941869343845], [-79.153908052724, 43.7940232368447], [-79.1545997016894, 43.7935884505671], [-79.1568814395113, 43.7921147001062], [-79.1576868482734, 43.7916044014024], [-79.1590363607463, 43.790750726818], [-79.1603358420519, 43.7899220448747], [-79.1608654806727, 43.789584274575], [-79.1609025930662, 43.7895606044539], [-79.1621472795716, 43.7887667893056], [-79.1647321865672, 43.7871130972172], [-79.1647666515807, 43.7870910372709], [-79.1653164838309, 43.7867371847275], [-79.1654621142992, 43.7866434686652], [-79.1663901544633, 43.7860461739834], [-79.1671106225217, 43.785595067331], [-79.1681067119278, 43.7849713584473], [-79.1687500250737, 43.7845515929584], [-79.1693596479391, 43.7841499809872], [-79.1706466907002, 43.7833148892371], [-79.1724511218648, 43.7822002598195], [-79.1729601229299, 43.7818925107369], [-79.1732098996326, 43.7817216896602], [-79.1740389761, 43.7811050665919], [-79.1752499150061, 43.7802317658787], [-79.1752681838955, 43.780218972631], [-79.1753504185432, 43.7802801530619], [-79.1756399190945, 43.7804548685939], [-79.1760270948994, 43.7806526056387], [-79.1764032403564, 43.7808181852275], [-79.1767825739319, 43.7807384098778], [-79.1771586267172, 43.7806238898317], [-79.1775762201391, 43.780634384257], [-79.1779459630771, 43.7806812334615], [-79.1783278121549, 43.7807132545873], [-79.1787495846428, 43.7807857394088], [-79.1791571599995, 43.7808882820219], [-79.179572901615, 43.7808970541507], [-79.1799596174727, 43.7808813055287], [-79.1803687886939, 43.780989951211], [-79.180764727091, 43.7811064078869], [-79.1807947216992, 43.7811150247796], [-79.1811672686867, 43.7812220715423], [-79.1815576268409, 43.7811475230856], [-79.1818580662062, 43.7809505233885], [-79.1819383019262, 43.7808793585171], [-79.1821119285419, 43.7807253638866], [-79.1823889688108, 43.780537928713], [-79.1825854930855, 43.7803199268527], [-79.1828653308981, 43.7801927073603], [-79.1832425552278, 43.7802205949546], [-79.1832594935399, 43.7802218474859], [-79.1836224290236, 43.7802618281301], [-79.1839725963978, 43.7803604597994], [-79.1843450230792, 43.7804880181359], [-79.1846664713873, 43.7806667317244], [-79.1849836385544, 43.7808873964722], [-79.1852829796517, 43.7810937891215], [-79.1856879476912, 43.7811227080346], [-79.1857911283936, 43.7810817672363], [-79.1859969287101, 43.7810000979403], [-79.1861787606814, 43.7807954791638], [-79.1862894935193, 43.7805644356929], [-79.1863780879676, 43.780302376032], [-79.1864190495474, 43.7800406541688], [-79.1864690464104, 43.7797661842518], [-79.1866132522147, 43.7794836818816], [-79.1868999877043, 43.7792869555352], [-79.1872774852097, 43.779173566683], [-79.1876742144497, 43.7791858846344], [-79.1881209818098, 43.7792300492559], [-79.1885712895845, 43.779259955139], [-79.189012174368, 43.7792862506832], [-79.1894676401832, 43.7792605759513], [-79.1897573078397, 43.7790979011052], [-79.1900937778688, 43.7789866413271], [-79.1904417018379, 43.7789018940705], [-79.1906159977636, 43.7788583863686], [-79.1906808709157, 43.7790102583582], [-79.1906963230523, 43.7790468085201], [-79.1912418888861, 43.780337149286], [-79.1921924104757, 43.782585004897], [-79.1933454926871, 43.7853529512558], [-79.1934613681779, 43.7855316467491], [-79.193518327386, 43.7856571579101], [-79.1935525407792, 43.7857915111508], [-79.1935873123314, 43.7859261532169], [-79.1936032516417, 43.7860433095559], [-79.1936043321487, 43.7861333154506], [-79.1936122699748, 43.7862503605854], [-79.1936311379291, 43.7863584245094], [-79.1936374899237, 43.7864844662264], [-79.1936416429522, 43.786583499133], [-79.1936372935462, 43.7866735083095], [-79.1936236727338, 43.7867544815979], [-79.1936201526777, 43.786835482224], [-79.1936266881914, 43.7869255203293], [-79.1936262746439, 43.7870065385545], [-79.1936179582378, 43.7871145301244], [-79.1936175896278, 43.7871865472068], [-79.1936233301012, 43.787276573638], [-79.1936290365109, 43.7873756112837], [-79.1936478920896, 43.7874836839942], [-79.1936698660049, 43.7875917564796], [-79.1936925652607, 43.787708841376], [-79.1937337047682, 43.7878619802914], [-79.1937702902491, 43.7879971038202], [-79.1938272489251, 43.7880962781966], [-79.1943593365953, 43.7892859878801], [-79.1955491825431, 43.7920531785435], [-79.1958788643306, 43.7928198455555], [-79.1960615213574, 43.7933136650169], [-79.1962811883211, 43.7939075316704], [-79.1963754030947, 43.7944034918192], [-79.1965117492307, 43.7948762248393], [-79.1965684633305, 43.7950728430031], [-79.1966353120541, 43.7954398160139], [-79.1967238071563, 43.7957973688676], [-79.1967964786494, 43.7959913197675], [-79.19680905861, 43.7960248912001], [-79.1968351560423, 43.7960835134064], [-79.196893925899, 43.7962154096442], [-79.1969365272313, 43.7963305569247], [-79.1969504803302, 43.7963677415616], [-79.1969999915323, 43.7964998832858], [-79.1970132453738, 43.7965305220382], [-79.1953459244862, 43.7967732696375], [-79.1935389598927, 43.7970336569664], [-79.1923796934676, 43.7971994940166], [-79.1877808168204, 43.7978857986856], [-79.1874141344945, 43.7979405044167], [-79.1821057431336, 43.7987202834701], [-79.1785137371015, 43.7992173951159], [-79.1773311231252, 43.7993810151827], [-79.1750225801338, 43.7997196942433], [-79.1734087949604, 43.7999460268964], [-79.172550149292, 43.8000434108623], [-79.1717486680078, 43.8000953614435], [-79.1713403151146, 43.8001087152995], [-79.1707908581156, 43.80012037499], [-79.1702122175249, 43.8001078247873], [-79.1695235580487, 43.8000838544578], [-79.1689919733256, 43.800041298271], [-79.1689150368619, 43.8000363044414], [-79.1688294706387, 43.8000301791467], [-79.1687439814618, 43.8000235670262], [-79.1686585462004, 43.8000162894375], [-79.1685733250702, 43.8000084731989], [-79.1684881189638, 43.8000000439905], [-79.1684030278699, 43.7999910655403], [-79.1683180768877, 43.7999815301477], [-79.1682332667298, 43.7999713738986], [-79.1681485580759, 43.7999607852392], [-79.1680639889808, 43.799949576604], [-79.1679795611251, 43.7999376930981], [-79.1678953463461, 43.7999253060424], [-79.1678111723034, 43.7999124414852], [-79.1677272378236, 43.7998988577165], [-79.1676435546776, 43.7998848610491], [-79.1675598876909, 43.7998702964506], [-79.1674753093974, 43.7998585019962], [-79.1673908843676, 43.7998460868864], [-79.1673065620518, 43.7998330782221], [-79.1672225298847, 43.799819322347], [-79.1671386006926, 43.7998050458516], [-79.1670549231378, 43.7997900215286], [-79.1669714977148, 43.7997744771784], [-79.1668882120564, 43.7997581850074], [-79.1668071043659, 43.7997416477089], [-79.1667225101969, 43.7997238398196], [-79.1666400803254, 43.7997057055519], [-79.1665579287564, 43.7996868869132], [-79.1664758790797, 43.7996675836546], [-79.1664088384142, 43.7996531571809], [-79.1663410802689, 43.7996384139298], [-79.1663196700576, 43.799633517175], [-79.166293865837, 43.7996276360255], [-79.1662735603499, 43.7996229955885], [-79.1662062928637, 43.7996070473438], [-79.1661394026852, 43.7995904694595], [-79.1660727257, 43.7995732629034], [-79.1660063506309, 43.7995555344426], [-79.1659402020435, 43.7995372306456], [-79.1658744676074, 43.7995183527248], [-79.1658090718363, 43.7994988895651], [-79.165743927508, 43.7994788073536], [-79.1656791848314, 43.7994581940369], [-79.1656146556351, 43.7994369430527], [-79.1655506520982, 43.7994152520914], [-79.1654869246391, 43.7993929496791], [-79.1654236486369, 43.7993699918133], [-79.1653607738553, 43.7993465577606], [-79.1652981367799, 43.7993225476569], [-79.1652360248983, 43.799298072362], [-79.1621946738434, 43.7982452360063], [-79.1613088420503, 43.7979424810887], [-79.1606077494437, 43.7977028531948], [-79.1586682945698, 43.7970399503471], [-79.1583967556691, 43.7969484519659], [-79.1560395120577, 43.7961540628601], [-79.1559544066715, 43.7961293419622], [-79.155870070142, 43.7961050457771], [-79.1557853321824, 43.7960812346482], [-79.155700368179, 43.7960580257519], [-79.1556149914184, 43.7960353467456], [-79.1555294993524, 43.7960132258398], [-79.1554436431686, 43.7959916698217], [-79.1553576480495, 43.7959705913893], [-79.1552713012326, 43.7959500780438], [-79.15518466605, 43.7959301317074], [-79.1550979162754, 43.7959106795549], [-79.1550107772125, 43.795891882817], [-79.1549235112362, 43.7958736169779], [-79.1548360055088, 43.7958558730123], [-79.1547482487318, 43.7958386948548], [-79.1546603393476, 43.7958221552236], [-79.1545722161978, 43.7958060199364], [-79.1544839516178, 43.7957905233552], [-79.1543954115336, 43.7957757002287], [-79.1543067565142, 43.7957613010486], [-79.1542178612204, 43.7957475209692], [-79.1541288150829, 43.7957342813025], [-79.154039665356, 43.7957216620436], [-79.1539503873325, 43.7957096177748], [-79.1538609829225, 43.7956980864018], [-79.1537713024004, 43.795687086213], [-79.153681517886, 43.7956767595455], [-79.1535917173181, 43.7956670357914], [-79.153501790059, 43.795657753798], [-79.1534116234684, 43.7956490999206], [-79.1533214540619, 43.7956411031915], [-79.1532312800328, 43.7956336204238], [-79.1531408550826, 43.7956266575402], [-79.1530504016015, 43.7956203793], [-79.1529599820319, 43.7956146147433], [-79.1528692863812, 43.7956093795669], [-79.1527787239281, 43.7956047839291], [-79.1526880327216, 43.7956008172921], [-79.1525972272129, 43.7955973736466], [-79.1525032756627, 43.7955944147723], [-79.1524109627769, 43.7955916047691], [-79.1523186344903, 43.7955894156929], [-79.1522263397026, 43.7955877934121], [-79.1521338548048, 43.7955867739262]]]]}"
29,Centennial Scarborough,133,14505,50,38,48,46,44,49,47,37,39,365.7644,277.8387,350.1605,331.1497,311.042,342.2983,326.7292,257.2303,268.8728,8,7,5,9,10,22,10,22,25,58.52231,51.18081,36.47505,64.79015,70.69136,153.685,69.51686,152.9477,152.9477,1,2,6,4,6,3,3,,,7.315289,14.62309,43.77006,28.79562,42.41482,20.95704,20.85506,,,13,15,18,23,16,29,8,5,21,95.09875,109.6732,131.3102,165.5748,113.1062,202.5847,55.61349,34.76085,144.7777,,,,1,1,,,,,,,,7,7.069136,,,,,9,3,11,12,6,1,3,6,,65.8376,80.24511,86.38687,42.41482,6.985679,20.85506,41.71301,,21.93464,,,2,,2,,1,,,,,14.59002,,14.13827,,6.951686,,,35,13,47,44,29,33,40,36,35,256.0351,95.05009,342.8655,316.7519,205.0049,230.5274,278.0674,250.2781,241.2961,1,1,1,4,2,3,1,2,4,7.315289,7.311545,7.29501,28.79562,14.13827,20.95704,6.951686,13.90434,27.5767,"{'type': 'MultiPolygon', 'coordinates': [[[[-79.1450913883545, 43.7980512772395], [-79.1449979116119, 43.7979715702881], [-79.1448827619052, 43.7980282431133], [-79.1448459961877, 43.79804615849], [-79.1448218185287, 43.7980579379039], [-79.1447911816668, 43.7980732615978], [-79.1449581773355, 43.7979366753568], [-79.1449364690678, 43.7979175071111], [-79.1448859988297, 43.7978721647004], [-79.1448563969443, 43.7978449342742], [-79.144854580361, 43.7978432634166], [-79.1448362386273, 43.7978263746114], [-79.144787150865, 43.7977803073036], [-79.1447387253678, 43.797733809551], [-79.1447152129727, 43.7977107656177], [-79.1446908982875, 43.7976869361401], [-79.1446524725892, 43.7976515419415], [-79.1445973875081, 43.7975923408094], [-79.1445711553779, 43.797564841802], [-79.1445516168766, 43.7975443752822], [-79.1445065073202, 43.7974961782749], [-79.1444620956032, 43.7974476864598], [-79.1444183443464, 43.7973987821834], [-79.1443766003233, 43.7973509729186], [-79.1443422167583, 43.797310820122], [-79.1443330716353, 43.797300143647], [-79.1442915263166, 43.7972503369721], [-79.1442505789995, 43.7972001276289], [-79.144210329799, 43.7971496946155], [-79.1441708764572, 43.7970990125096], [-79.1441321466572, 43.7970480081082], [-79.1440940652129, 43.7969967008991], [-79.1440568552372, 43.7969450710978], [-79.1440202547757, 43.7968933089281], [-79.1439844021642, 43.7968411618352], [-79.1439492845251, 43.7967887646651], [-79.1439149148102, 43.7967361005219], [-79.1438813029898, 43.7966832488002], [-79.1438484153802, 43.7966300126743], [-79.1438163103077, 43.7965767163227], [-79.1437738934199, 43.7965000113641], [-79.1437322373801, 43.7964229847161], [-79.1436911781649, 43.796345915528], [-79.1436510023155, 43.7962685419488], [-79.1436115611654, 43.7961909281907], [-79.1435729049458, 43.7961132182283], [-79.1435350560916, 43.7960352494613], [-79.1435007613463, 43.7959346357842], [-79.1431156936249, 43.7950000175185], [-79.1428290127639, 43.7942579605653], [-79.1427640437039, 43.7940897421649], [-79.1427530164381, 43.7940654583891], [-79.1427365802488, 43.7940169272431], [-79.1426760393151, 43.7938793534992], [-79.1422467303278, 43.7929082377947], [-79.141867286142, 43.7920019588714], [-79.141636250331, 43.7914638400372], [-79.1411416249804, 43.7902339661879], [-79.1409195489867, 43.7896689248154], [-79.1405248717256, 43.7887421601852], [-79.1402069769208, 43.7880356781788], [-79.1394092185283, 43.7861448238069], [-79.1391589574687, 43.7855322900769], [-79.1385318208476, 43.7840270543729], [-79.1376311776344, 43.7818911290782], [-79.1374274539458, 43.7814079308508], [-79.1366789570203, 43.7796110393184], [-79.1363029657846, 43.7787321685688], [-79.1360087004308, 43.7780443178579], [-79.1357567001815, 43.7774552354469], [-79.1355013739858, 43.7768583739227], [-79.1353791058813, 43.7765400271066], [-79.1353453168504, 43.7764520501875], [-79.135152733146, 43.7759592342739], [-79.1351475827369, 43.7759460399878], [-79.1350356064352, 43.7757031646147], [-79.1349389803922, 43.7754935876156], [-79.1348447960127, 43.7753401413605], [-79.1347821855166, 43.7752097664352], [-79.1345402471301, 43.7747450283022], [-79.1342102878185, 43.7741113176242], [-79.1341437401803, 43.773983486393], [-79.1341883378437, 43.7739503240297], [-79.1342277348723, 43.7739308820303], [-79.1342904865698, 43.7739052946367], [-79.1343310421202, 43.7738974223114], [-79.1343777332228, 43.7738877963041], [-79.1344366819827, 43.7738826471604], [-79.1345177020309, 43.7738820153443], [-79.1345814551812, 43.7738937859101], [-79.1346304607432, 43.7739099462466], [-79.1346941001338, 43.7739404028834], [-79.134727046558, 43.7739725246877], [-79.1347672598118, 43.7740189017577], [-79.1347860630936, 43.7740562353643], [-79.1348020346393, 43.7740934885258], [-79.1348092674081, 43.7741216673979], [-79.1348227496566, 43.7741657704174], [-79.1348658633421, 43.7741765745326], [-79.1349345689272, 43.7741746609557], [-79.135007231553, 43.7741656486193], [-79.1350730312345, 43.7741573255415], [-79.1351487245153, 43.7741341196977], [-79.1352510367387, 43.7740924918956], [-79.1354096571389, 43.7739856321721], [-79.1356081169891, 43.7737822089355], [-79.1357894104589, 43.7735068289334], [-79.1358691046525, 43.7733827406717], [-79.1359131504469, 43.7732399697914], [-79.1358948587963, 43.7731794773983], [-79.1358217404099, 43.7731003136385], [-79.1357619918131, 43.7730837678378], [-79.1357076662082, 43.7731418950012], [-79.1356741726836, 43.7731631211301], [-79.135641771712, 43.7731658625584], [-79.1356114023404, 43.7731593660616], [-79.1355869692136, 43.7731429327475], [-79.1355772514284, 43.7731272581669], [-79.135593115544, 43.7731002872735], [-79.1359634536702, 43.7727082870839], [-79.1359802137141, 43.772695541227], [-79.1360155752031, 43.772689965029], [-79.1360469207558, 43.7726993089949], [-79.136075293117, 43.7727114874199], [-79.1360839955994, 43.7727328483139], [-79.1360750082333, 43.7727584098449], [-79.1359920441318, 43.7728484543035], [-79.1361026851664, 43.7728871968141], [-79.1362016810868, 43.772906711018], [-79.136317519252, 43.7728978358129], [-79.1364344108171, 43.7728790079199], [-79.1365706888861, 43.7728175945552], [-79.1367887489756, 43.7726583015923], [-79.1369570043122, 43.7724608282103], [-79.137093813677, 43.7722682143396], [-79.1372093432028, 43.7720655870274], [-79.1372437508217, 43.7719732635336], [-79.137252563824, 43.7718961513051], [-79.1372395964851, 43.7718488273366], [-79.1371967538214, 43.7717953592851], [-79.1371376349627, 43.7717549998823], [-79.1370488159727, 43.7718379061028], [-79.1370227388027, 43.7718509737921], [-79.1369888972546, 43.7718497953308], [-79.1369722611176, 43.7718422806199], [-79.1369527074111, 43.7718301300671], [-79.1369390404002, 43.7718183492118], [-79.1369342158359, 43.7718048226737], [-79.1369417114341, 43.7717813895207], [-79.1373566601807, 43.7713528927874], [-79.1373950872481, 43.7713270646799], [-79.1374196494104, 43.7713221646383], [-79.1374426772612, 43.7713265043471], [-79.1374568471303, 43.7713372156021], [-79.1374700149942, 43.7713493457048], [-79.1374792253455, 43.7713689257489], [-79.1374717756656, 43.7713827635851], [-79.137462817867, 43.7714037167397], [-79.1373425933436, 43.7715306028233], [-79.1374457953219, 43.771583551188], [-79.1375388882614, 43.7716030463368], [-79.1376408460003, 43.7716152326757], [-79.1377969237604, 43.7716088324032], [-79.1380015022154, 43.7715291366092], [-79.1381100373588, 43.7714701081155], [-79.1381982078458, 43.7714120784158], [-79.1383200009658, 43.7713090127627], [-79.1384368652789, 43.771170368834], [-79.1385165824027, 43.7710493844026], [-79.1385728043909, 43.7709478035846], [-79.1385859696374, 43.7708924618711], [-79.1386015947074, 43.7708203485911], [-79.1385873481246, 43.7707438653719], [-79.1385430502581, 43.7706847045015], [-79.1384288512235, 43.7706264035413], [-79.1383331324615, 43.7707171197844], [-79.1383124095639, 43.7707362453425], [-79.1382956901194, 43.770742591505], [-79.1382858813659, 43.7707418500415], [-79.1382706799149, 43.7707393172131], [-79.1382506046964, 43.7707335653892], [-79.1382364123823, 43.77072854238], [-79.1382256664124, 43.7707206862516], [-79.138212950355, 43.770713895566], [-79.1382066518372, 43.7706996535796], [-79.1382013204152, 43.7706896815824], [-79.1382038547922, 43.7706751162383], [-79.1382142510796, 43.7706609275051], [-79.1387947503776, 43.770109920721], [-79.1388154336569, 43.7700971870288], [-79.1388336260563, 43.7700876486743], [-79.1388469222939, 43.7700805803988], [-79.1388641198266, 43.7700774391433], [-79.1388827338821, 43.7700803426093], [-79.1388964645985, 43.7700835806963], [-79.1389081892175, 43.7700878845515], [-79.1389199315048, 43.7700953840936], [-79.1389301895486, 43.7701039489014], [-79.138939437523, 43.7701153559189], [-79.1389392787081, 43.7701416656387], [-79.1389283288249, 43.7701675816977], [-79.1386760005771, 43.7704012733725], [-79.1387008929806, 43.7704384192383], [-79.1387925277137, 43.770512167294], [-79.1389004617107, 43.7705030751639], [-79.1389713846671, 43.7704621814958], [-79.1390747540388, 43.7704375753687], [-79.1391873577357, 43.7704244560551], [-79.1392916994208, 43.770395135042], [-79.1394347482902, 43.7703404362763], [-79.1397248681552, 43.7701963423469], [-79.140052528699, 43.7699891326672], [-79.1401785983648, 43.7698244217002], [-79.140465749142, 43.7693124751268], [-79.140478750149, 43.769234340427], [-79.1405264440156, 43.7691913660296], [-79.1405664472387, 43.7691881166751], [-79.1406035699389, 43.7692010414325], [-79.1406028330881, 43.7691686891752], [-79.1405780445001, 43.76911401887], [-79.1405520259946, 43.7691092205545], [-79.1403979179524, 43.7692233026873], [-79.1403783200028, 43.7692333496327], [-79.1403578341384, 43.7692380105361], [-79.1403309176507, 43.7692298337852], [-79.1403133028609, 43.7692196700575], [-79.14029944321, 43.7692048018083], [-79.1402921122818, 43.7691865779147], [-79.1402968823669, 43.7691677271504], [-79.1408730070932, 43.7686987050325], [-79.1408976702237, 43.7686891788974], [-79.140929861334, 43.7686879118592], [-79.1409487941371, 43.7686893390718], [-79.1409676744244, 43.7686976343238], [-79.1409789327237, 43.7687155016057], [-79.140978784998, 43.7687401998597], [-79.1409729565463, 43.7687635037539], [-79.1407408674789, 43.7689507454228], [-79.1408520380567, 43.7690416375957], [-79.1410012817356, 43.7690969868132], [-79.1411752533579, 43.7691318280246], [-79.1412926510246, 43.7691308279236], [-79.1414176608393, 43.7691216159345], [-79.1415503350672, 43.7690959644322], [-79.1416716876676, 43.7690647876589], [-79.141827315465, 43.7689994311458], [-79.1420038962921, 43.768913546457], [-79.1421370346102, 43.7688096851687], [-79.142346098415, 43.7686731431905], [-79.1424464427149, 43.7685425530736], [-79.1425768835935, 43.7684118326885], [-79.1427082238251, 43.7682967130185], [-79.1428121642824, 43.7681522091368], [-79.1430025030407, 43.7680494791636], [-79.1431740403968, 43.7679044844289], [-79.1432917257884, 43.7678126795517], [-79.1434767222834, 43.7676555923554], [-79.1435542955913, 43.7675563889728], [-79.1436216035913, 43.7674935367289], [-79.1437658674703, 43.7674333455925], [-79.1439037948225, 43.7673125025636], [-79.144024949654, 43.7671988716632], [-79.1441431236202, 43.7670221683298], [-79.1442014897211, 43.7669694499829], [-79.1444778057696, 43.7667649301172], [-79.1445698736784, 43.7667027756235], [-79.1446396162232, 43.7666586800324], [-79.1447567106729, 43.7665945953277], [-79.1451153872213, 43.7663808787136], [-79.1450780694924, 43.7670478931975], [-79.1450551534801, 43.7672159645052], [-79.1451732370297, 43.7673146781753], [-79.1452454319424, 43.7674542851737], [-79.1452520195441, 43.7674619921091], [-79.145262422641, 43.7674755260309], [-79.1452826985508, 43.7675250962364], [-79.1452812380402, 43.7675745981084], [-79.1452680875915, 43.7676330642461], [-79.1452455801473, 43.767700503705], [-79.1452331449836, 43.7677679824162], [-79.1452361569547, 43.767849002201], [-79.1452372974234, 43.7678535063423], [-79.1452536180551, 43.7679165655642], [-79.1452731363171, 43.7679661324728], [-79.1453042540519, 43.7680202364421], [-79.145334844098, 43.7680646438901], [-79.1453446603742, 43.7680788777668], [-79.1453834459596, 43.7681510072743], [-79.1454364054932, 43.7682546851939], [-79.145474023495, 43.7683268119238], [-79.1455058709514, 43.7683899187425], [-79.1455396825111, 43.7684485312871], [-79.1455614846139, 43.7685026055322], [-79.1455715160746, 43.768579146459], [-79.1455739033303, 43.7686376613235], [-79.1455716194377, 43.7686961624978], [-79.1455580974716, 43.7687501270978], [-79.1455380456914, 43.768795071181], [-79.1454999855023, 43.7688669617586], [-79.1454616627708, 43.7689118487654], [-79.1454194884963, 43.7689567326655], [-79.1453620687571, 43.7690195627905], [-79.1453117201206, 43.7690689130334], [-79.1452711657815, 43.7691002915629], [-79.1452480487819, 43.7691362244848], [-79.1452361984419, 43.7691721926389], [-79.1452238165441, 43.7692306613284], [-79.1452255274975, 43.7692711722882], [-79.1452314190211, 43.7693251971882], [-79.1452447818178, 43.7693612433016], [-79.1452624567289, 43.7693928026574], [-79.1452785911747, 43.769424356812], [-79.1453229541242, 43.7694695001388], [-79.1453484718879, 43.7694875813515], [-79.1454273620178, 43.7695373331419], [-79.1454892281552, 43.7695780389877], [-79.14557856294, 43.769632323379], [-79.1456191156204, 43.7696684623064], [-79.145669927126, 43.7697406293178], [-79.1457241613287, 43.7698263177359], [-79.1457636923833, 43.7699029592272], [-79.1458075235257, 43.7699751038288], [-79.1458556417322, 43.7700427711326], [-79.1459081117793, 43.7700969495157], [-79.1459486392102, 43.7701375807434], [-79.1460194353706, 43.7701783051574], [-79.146101181456, 43.7702055612453], [-79.1461752161124, 43.7702237929324], [-79.1462453362564, 43.7702465133133], [-79.1463555606226, 43.7702468448168], [-79.1464204125833, 43.7702425451563], [-79.1464896436366, 43.7702202470431], [-79.1465681783201, 43.770197987264], [-79.1466032655589, 43.7701710835529], [-79.1466516875023, 43.7701217177024], [-79.1466934887478, 43.7700768408098], [-79.1467419524713, 43.7700184746332], [-79.1467818157984, 43.7699735824804], [-79.1468476492058, 43.769933272128], [-79.1469401956848, 43.7699065538449], [-79.147031083207, 43.7698978249173], [-79.1471004737308, 43.7699115409802], [-79.1471519365054, 43.7699387031665], [-79.1472366147529, 43.7699974720038], [-79.1472894973258, 43.7700471420057], [-79.1473443317335, 43.7700968175212], [-79.1473725044096, 43.770123908081], [-79.1473960073215, 43.7701554841726], [-79.1474456794678, 43.7702231462917], [-79.1474893657296, 43.7702547849095], [-79.1475883780818, 43.7703135887123], [-79.1476603299466, 43.770358816473], [-79.1477036188609, 43.7703904539687], [-79.1477732499408, 43.7704311746143], [-79.1478288668356, 43.7704808427722], [-79.1478597606852, 43.7705079413084], [-79.1479376194726, 43.770535185288], [-79.1480445381705, 43.7705760104837], [-79.1481331741318, 43.7706167886536], [-79.148222220473, 43.770657559], [-79.1482981271958, 43.7706892873343], [-79.1483875057039, 43.7707390693009], [-79.1484541107639, 43.7707662683071], [-79.1485181018084, 43.770775466205], [-79.1486263611019, 43.770784791649], [-79.148684632718, 43.7707759605761], [-79.1487805370894, 43.770771745853], [-79.1488523973799, 43.7707629655943], [-79.1489995654242, 43.7707543978299], [-79.1491112900472, 43.7707682339677], [-79.1492222308046, 43.7707820672028], [-79.1493151801095, 43.7708183476664], [-79.1494011471144, 43.7708546167036], [-79.149507938368, 43.7709134421933], [-79.1495800114252, 43.7709361579423], [-79.149652972685, 43.7709408725968], [-79.1497171209653, 43.7709230667767], [-79.1498296522724, 43.7708603949271], [-79.1499154407654, 43.77079314915], [-79.1499740133487, 43.7707348210409], [-79.1500834381626, 43.7706721382541], [-79.1501826841187, 43.7706274365522], [-79.1502787602461, 43.7705917258275], [-79.1503957510113, 43.7705650799483], [-79.1504789157731, 43.7705473231357], [-79.1505708662607, 43.770556606026], [-79.1506736215256, 43.7705749134303], [-79.150767790268, 43.7706022042835], [-79.1508717647753, 43.7706115140719], [-79.1509594160798, 43.770625283826], [-79.1510546623225, 43.7706660793714], [-79.1511541013388, 43.7707248815866], [-79.1512119796644, 43.7707835568452], [-79.1512509314048, 43.7708286814364], [-79.1512901902528, 43.7708873092784], [-79.1513231592817, 43.770959419166], [-79.1513391288042, 43.7710179753867], [-79.1513684654886, 43.7711125680645], [-79.1514026674213, 43.7711756807046], [-79.1514014932682, 43.7712431855931], [-79.1514145847898, 43.771328736843], [-79.1514278349384, 43.7713872841646], [-79.1514346185297, 43.7714233095364], [-79.1514552459587, 43.7714818798731], [-79.1515044350221, 43.7715675415345], [-79.1515822495585, 43.7716712918514], [-79.1516300688104, 43.7717254445817], [-79.151682838619, 43.7717976144769], [-79.1517286166341, 43.7718697549776], [-79.1517663112125, 43.7719283771513], [-79.1518052385176, 43.7719780020833], [-79.151869262345, 43.7720502062742], [-79.1519530352222, 43.7721314724225], [-79.152004858609, 43.772221362274], [-79.1520560046456, 43.7722846794377], [-79.1521230781169, 43.7723346595452], [-79.1521818789831, 43.77235660347], [-79.1521903081414, 43.7723597524176], [-79.1522840717729, 43.772360974362], [-79.1523686845649, 43.7723487921572], [-79.1524125074752, 43.7723039467753], [-79.152446061166, 43.7722112014958], [-79.1525045419699, 43.7721491629069], [-79.1525999219114, 43.7720987314967], [-79.1527336416409, 43.7720426560353], [-79.1528369464561, 43.7719922481111], [-79.1529546532254, 43.7719686715392], [-79.1530610853813, 43.771963782472], [-79.1531479707826, 43.7719730480386], [-79.1532282728041, 43.7719822926635], [-79.1533407820238, 43.7719961355457], [-79.1534094074951, 43.7720098453142], [-79.1535106131853, 43.7720281458303], [-79.153607890291, 43.7720554440579], [-79.1536951338362, 43.7720737105568], [-79.1537730228698, 43.7720964492139], [-79.1538702493749, 43.7721327482639], [-79.1539884048323, 43.7721736116989], [-79.154073593997, 43.7722098745539], [-79.1542044520867, 43.7722732693756], [-79.154266430176, 43.7722959595392], [-79.1543457166794, 43.7723457061627], [-79.1544390027166, 43.77239549429], [-79.1545457758113, 43.7724588346106], [-79.154616503341, 43.7725130553777], [-79.1546895921042, 43.7725627817921], [-79.1547247374243, 43.7725943922409], [-79.1548464715175, 43.7726892724404], [-79.1549264644925, 43.7727525220579], [-79.1549898277158, 43.7728067200076], [-79.1550535746648, 43.7728609286198], [-79.1551003086149, 43.7729015748799], [-79.1551957638083, 43.7729783723876], [-79.155304371751, 43.7730642111636], [-79.1554264538767, 43.7731635927889], [-79.1555308669454, 43.7732359166539], [-79.1556298397149, 43.773308223732], [-79.1557287625741, 43.7733850317497], [-79.155792562877, 43.7734302299418], [-79.1558736739255, 43.7735024834939], [-79.1559355362853, 43.7735476755368], [-79.1559803978029, 43.7735748136305], [-79.156018727083, 43.7735974317865], [-79.1560811054929, 43.7736156129877], [-79.15752891318, 43.7748710502579], [-79.1576305407196, 43.7749840409271], [-79.1578181655041, 43.7751477842749], [-79.1579409099542, 43.7752893173046], [-79.1581092506755, 43.7754583135257], [-79.1582923792947, 43.7756026545463], [-79.1584753902281, 43.7757589934525], [-79.1586281737255, 43.7759097425383], [-79.1587453881373, 43.7760129848398], [-79.1588635512287, 43.7760980837263], [-79.1589693707851, 43.7761606689252], [-79.1591507819252, 43.7762515819811], [-79.1593271753676, 43.7763423535878], [-79.1595646719142, 43.7764492389427], [-79.1601132360666, 43.7766823722185], [-79.1603295456998, 43.776799490497], [-79.160480919013, 43.7768823547069], [-79.1605611167244, 43.7769180659575], [-79.1606723737883, 43.7769532039264], [-79.1607892474517, 43.776985955293], [-79.1609034630246, 43.7770121090907], [-79.1610827025404, 43.7770484651628], [-79.1612826034365, 43.7770912192257], [-79.1615259618823, 43.7771355779884], [-79.1617587920012, 43.7771414967919], [-79.1619063780645, 43.7771319062333], [-79.1621364322523, 43.7771145033495], [-79.1623770312394, 43.7771151877813], [-79.162485502521, 43.7771270020196], [-79.162614749858, 43.777133234861], [-79.1627315726876, 43.7771576307286], [-79.162844284504, 43.7772127979061], [-79.1629493450834, 43.7772898964147], [-79.1630531728344, 43.7774007279213], [-79.1631070573912, 43.7775388298083], [-79.1631261205133, 43.7776926612688], [-79.1631223202162, 43.7778429333532], [-79.1631375043956, 43.7780812747016], [-79.1631493313319, 43.7782294417563], [-79.1631603021704, 43.778404105412], [-79.1631599247194, 43.7785464849806], [-79.1631497035656, 43.7787052802232], [-79.1631666410233, 43.7788129292328], [-79.1632045624197, 43.7789113518999], [-79.1632593179898, 43.7789942788743], [-79.1633325161261, 43.7790494018786], [-79.1634202397934, 43.7790751425988], [-79.1635305181723, 43.779071038518], [-79.1635909545309, 43.7790535110093], [-79.1639656032008, 43.7789728286749], [-79.1642870801625, 43.7787321736924], [-79.1645726048886, 43.7784332826276], [-79.1648667482063, 43.7781522196475], [-79.1652351813712, 43.7779793978971], [-79.1656097690935, 43.7778589697136], [-79.1658850309127, 43.7780892950608], [-79.1658810441679, 43.7784706620359], [-79.1657678862688, 43.7788315209057], [-79.1656680063577, 43.7792369016117], [-79.1656887152483, 43.7795758282927], [-79.1660702734175, 43.7797537170483], [-79.1665700039592, 43.7798778438808], [-79.1670268395584, 43.7800109530057], [-79.1674711171866, 43.7801216189566], [-79.1674762289489, 43.7801204188232], [-79.1678511432395, 43.7800324332523], [-79.1679368687672, 43.7799101948852], [-79.1680184855087, 43.7797829574666], [-79.1679784910634, 43.7795099357606], [-79.1679781222305, 43.7795023199558], [-79.1679636070168, 43.7792070220621], [-79.1681020456232, 43.7789047056768], [-79.1684540738247, 43.7787278920135], [-79.1688808163375, 43.7786380282383], [-79.1692765081887, 43.7785375596349], [-79.1696284692789, 43.7784215627727], [-79.1699223352111, 43.7785252680602], [-79.1699220311951, 43.7788358074745], [-79.1698771602141, 43.7791359288728], [-79.169800810957, 43.7794241950965], [-79.1699573641138, 43.7796913337316], [-79.1703182892274, 43.7799345874097], [-79.1706266514674, 43.7800696837707], [-79.1706594132044, 43.7800716047914], [-79.1708370340648, 43.7800819909078], [-79.1712310788846, 43.780036319664], [-79.1715545818207, 43.7798320235156], [-79.1718047745688, 43.7795820420475], [-79.1721619853797, 43.7794330356551], [-79.1725578683181, 43.7794661874396], [-79.1728973800762, 43.7796076678883], [-79.1732954738371, 43.7796614726478], [-79.1737141814903, 43.7795825224518], [-79.1740664463152, 43.7794558996652], [-79.1744394256637, 43.7794447122343], [-79.1746421872443, 43.779583916003], [-79.1747858083705, 43.7797174522454], [-79.1750167469904, 43.7799783145092], [-79.1752397864124, 43.7801978476037], [-79.1752681838955, 43.780218972631], [-79.1752499150061, 43.7802317658787], [-79.1748715993895, 43.7805046133227], [-79.1740389761, 43.7811050665919], [-79.1732098996326, 43.7817216896602], [-79.1729601229299, 43.7818925107369], [-79.1724511218648, 43.7822002598195], [-79.1706466907002, 43.7833148892371], [-79.1693596479391, 43.7841499809872], [-79.1687500250737, 43.7845515929584], [-79.1683754621803, 43.7847960038143], [-79.1681067119278, 43.7849713584473], [-79.1671106225217, 43.785595067331], [-79.1663901544633, 43.7860461739834], [-79.1654621142992, 43.7866434686652], [-79.1653164838309, 43.7867371847275], [-79.1647666515807, 43.7870910372709], [-79.1647321865672, 43.7871130972172], [-79.1621472795716, 43.7887667893056], [-79.1609025930662, 43.7895606044539], [-79.1608654806727, 43.789584274575], [-79.1603358420519, 43.7899220448747], [-79.1590363607463, 43.790750726818], [-79.1576868482734, 43.7916044014024], [-79.1568814395113, 43.7921147001062], [-79.1545997016894, 43.7935884505671], [-79.153908052724, 43.7940232368447], [-79.153647723361, 43.7941869343845], [-79.1535812866554, 43.7942330622714], [-79.153360283397, 43.7943904970039], [-79.1528989609291, 43.7946713270866], [-79.1525332819186, 43.7948959282885], [-79.1523198445842, 43.7950269838366], [-79.1521009262454, 43.7951837565401], [-79.1519897924633, 43.7952551027175], [-79.1517491518223, 43.7954095939027], [-79.1514563348545, 43.7955975901479], [-79.1510880664791, 43.7958340061592], [-79.1508973388072, 43.7959564688111], [-79.150375306539, 43.7962916324221], [-79.149483939152, 43.7968639029137], [-79.1494492384793, 43.7968861821709], [-79.1491744183953, 43.7970626251254], [-79.14915003269, 43.7970782844536], [-79.1462265875216, 43.7989333512881], [-79.1460648771951, 43.7988208138063], [-79.1458834321246, 43.7986874761872], [-79.1457623235443, 43.798593876329], [-79.1456455522755, 43.7985001990789], [-79.1455314150186, 43.7984047664386], [-79.1454197583036, 43.7983078379302], [-79.1453620805231, 43.7982664609788], [-79.1451978555056, 43.7981385671747], [-79.1450913883545, 43.7980512772395]]]]}"
30,Milliken,130,28134,68,86,88,77,75,97,85,64,67,249.523,318.2003,327.6491,283.3904,272.0151,347.6204,303.5497,228.9967,238.146,39,43,35,61,91,85,71,80,99,143.1088,159.1002,130.315,224.5041,330.045,304.6158,253.5533,286.2459,286.2459,2,2,,3,4,3,1,8,1,7.338911,7.400007,,11.04118,14.50747,10.75115,3.571173,28.62459,28.62459,102,117,67,113,120,132,60,89,63,374.2845,432.9004,249.4601,415.8846,435.2242,473.0504,214.2704,318.4485,223.9283,,,,,,1,,1,1,,,,,,3.583716,,3.578074,3.554418,39,37,40,29,17,35,32,16,34,143.1088,148.9314,106.7314,61.65675,125.43,114.2775,57.24918,120.8502,136.9001,,2,1,,2,1,1,6,4,,7.400007,3.723285,,7.253736,3.583716,3.571173,21.46844,14.21767,67,65,43,75,76,85,84,67,67,245.8535,240.5002,160.1013,276.0296,275.642,304.6158,299.9786,239.7309,238.146,16,14,9,19,18,22,12,8,12,58.71129,51.80005,33.50957,69.9275,65.28362,78.84174,42.85408,28.62459,42.65302,"{'type': 'MultiPolygon', 'coordinates': [[[[-79.2458143868929, 43.8194216263558], [-79.2454627780666, 43.8185927340253], [-79.2452534510534, 43.8181152005706], [-79.2448725514966, 43.8172412362689], [-79.2443124529597, 43.8159348255283], [-79.2438201679848, 43.8147635892563], [-79.2434140897732, 43.8137905592409], [-79.2430795868613, 43.8129797085741], [-79.2443352976041, 43.8127216906275], [-79.2451454123019, 43.8125499500607], [-79.2462379388271, 43.8123149317103], [-79.2466731238418, 43.8122213050675], [-79.2475926015938, 43.8120393297412], [-79.2498390223796, 43.8115699821257], [-79.2515908256541, 43.8111549906136], [-79.2529189398603, 43.8108636146866], [-79.2534019139247, 43.8107626663538], [-79.2554873522544, 43.8103388473353], [-79.2561806990494, 43.8102075534268], [-79.2567934539363, 43.8100967055615], [-79.2577023757931, 43.8098967405577], [-79.2577172416243, 43.8099305715082], [-79.2580774439099, 43.8107510382875], [-79.2585402045557, 43.8118389001587], [-79.2587590612004, 43.8122950616154], [-79.2591599903389, 43.8132695203885], [-79.2595921992237, 43.8142272112587], [-79.2603605573397, 43.8160244633686], [-79.2606420213954, 43.8166482078683], [-79.2608818555634, 43.8171796484692], [-79.2612260968188, 43.8179964887737], [-79.2616549847765, 43.8190153984036], [-79.2628469116861, 43.818746792512], [-79.2670064212624, 43.8178868679115], [-79.2715202877015, 43.8169535665802], [-79.2748965146534, 43.8162376486415], [-79.275755331631, 43.8160555255811], [-79.2778756385644, 43.8156019159982], [-79.279436708106, 43.8152572801703], [-79.2806144271652, 43.8149908918301], [-79.2808738813118, 43.8149287417689], [-79.2814666303886, 43.8147824022253], [-79.2856692856312, 43.8138055953868], [-79.2912724561875, 43.8125029843112], [-79.2912343376529, 43.8124195375622], [-79.2910046381768, 43.8118970441948], [-79.2905775742995, 43.8109606248121], [-79.2904417772774, 43.810662880232], [-79.2900216465113, 43.8097464261748], [-79.2898966790224, 43.8094737695496], [-79.289785705575, 43.8092125335783], [-79.2893847971326, 43.808338696236], [-79.2893159984866, 43.8081769547776], [-79.2890858502499, 43.8076360677842], [-79.2888035671401, 43.8070594752488], [-79.2886337505581, 43.8067531326719], [-79.2884915246931, 43.8065458434504], [-79.2883793725916, 43.8064106195561], [-79.2882455224688, 43.8062573522059], [-79.2880729404027, 43.8060770192516], [-79.2878840407956, 43.8058966467999], [-79.2876121987688, 43.8056621129582], [-79.2874233786966, 43.8054637372396], [-79.2873064623806, 43.8053555148243], [-79.2871648799535, 43.805193231078], [-79.2870024606713, 43.8049949046889], [-79.2868246027712, 43.8047695445226], [-79.2866986875396, 43.8045712851387], [-79.2866198087212, 43.8044721345284], [-79.286556627286, 43.8043279993557], [-79.2864958143266, 43.8041748663066], [-79.2862968598439, 43.8037604436522], [-79.2870851773332, 43.8035728816555], [-79.2881852353475, 43.8033048926193], [-79.2883559382879, 43.8032651715709], [-79.2889144316883, 43.8031352110921], [-79.2900766951508, 43.8028403149784], [-79.2916089150629, 43.8024740643133], [-79.2930004150451, 43.8021345411653], [-79.2942993931738, 43.8018218291719], [-79.2945691119785, 43.8017682986484], [-79.2957017684272, 43.8014912760667], [-79.2966019798145, 43.8012768458629], [-79.2968909981826, 43.8014933866238], [-79.2970883082745, 43.8017187564805], [-79.2972459706968, 43.8019530745029], [-79.2973426005903, 43.8020882538688], [-79.2974591688195, 43.8022954947589], [-79.2975463391757, 43.8024756718952], [-79.2978425444625, 43.8030882636531], [-79.2982119305753, 43.8038900065302], [-79.2985411457545, 43.8046286700039], [-79.2988403530344, 43.8052862607074], [-79.2993963147975, 43.8065203727461], [-79.3000162286509, 43.8079166130419], [-79.3003215676408, 43.8086012224901], [-79.3004725711024, 43.8089218537433], [-79.3007628107723, 43.8095380986551], [-79.3010155571183, 43.8100938264097], [-79.3010403600844, 43.8101483629322], [-79.3011884611042, 43.8104734878455], [-79.301248320765, 43.8106049009274], [-79.301550254616, 43.8112676818028], [-79.3019485877935, 43.8121455031534], [-79.303144555362, 43.8147808507545], [-79.3034076819292, 43.8153802730421], [-79.3040144875884, 43.8167625791143], [-79.3047564148852, 43.8184560460682], [-79.3052130133728, 43.8195009428238], [-79.3056425079675, 43.8204553039527], [-79.3061285977504, 43.8215354322084], [-79.3061534931336, 43.821590759421], [-79.3067700226171, 43.8229419575256], [-79.3069273429095, 43.8233112594649], [-79.3070698629165, 43.8236985462941], [-79.3054944300429, 43.8240829496786], [-79.3050865828982, 43.824175028818], [-79.3044260441768, 43.8243241653864], [-79.3023032334102, 43.8248065986265], [-79.3015359463068, 43.8249862625336], [-79.3007005442596, 43.8251818782376], [-79.3000791708901, 43.8253272134567], [-79.2988669016708, 43.825610735665], [-79.2973357486305, 43.8259590912039], [-79.2965937242341, 43.8261373353952], [-79.2965890335508, 43.8261384611419], [-79.2959966075308, 43.8262807653882], [-79.2954593827846, 43.8264045422427], [-79.2941356959958, 43.8267095073203], [-79.2939760538535, 43.826746394729], [-79.2931158752103, 43.8269451421821], [-79.2917493074964, 43.8272608933063], [-79.2913524216101, 43.8273525739658], [-79.2894827903394, 43.8277812157426], [-79.2875425492028, 43.828209658994], [-79.2872053598547, 43.8283035515793], [-79.285955312197, 43.8285862728153], [-79.284721789702, 43.8288652308287], [-79.283107135996, 43.8292322663992], [-79.2804047438548, 43.8298513572289], [-79.2792596769984, 43.830112325092], [-79.277752646852, 43.8304521112054], [-79.2767846204656, 43.8306744952725], [-79.2755259699555, 43.8309800377721], [-79.2751992045767, 43.831053987614], [-79.2720708785953, 43.8317723772871], [-79.2711373482385, 43.8319859523669], [-79.2695021458079, 43.8323600274078], [-79.2679657325524, 43.8327129289965], [-79.2663526348231, 43.8331032771304], [-79.2635960041246, 43.8337350279992], [-79.2611535847813, 43.8343108249252], [-79.2600385077973, 43.834573696496], [-79.2561515118385, 43.8354679786495], [-79.2552519652727, 43.8356748987597], [-79.2543395777396, 43.8358885438333], [-79.2521602548477, 43.8363988074876], [-79.2511923554135, 43.8366076084163], [-79.2511647666071, 43.8361394836606], [-79.251111718156, 43.8352482359733], [-79.2510511284889, 43.83392492876], [-79.2510237766099, 43.8334604592592], [-79.2510039385226, 43.83312372174], [-79.2509701901736, 43.8324485591749], [-79.2509371245565, 43.8318004096762], [-79.2508751600002, 43.8313772156114], [-79.250761835853, 43.8307828969268], [-79.250720025517, 43.8305577789929], [-79.2506309189223, 43.8303055545074], [-79.2504869446743, 43.8299812019512], [-79.250142716977, 43.8292243590653], [-79.2497616136898, 43.8283684228191], [-79.249513791076, 43.8277918113576], [-79.2493073031955, 43.8273218978779], [-79.2489872561017, 43.8265935121025], [-79.2483137082601, 43.8250618468247], [-79.2478202116491, 43.8240065880226], [-79.2478038486474, 43.8239716011473], [-79.2476108085219, 43.8234941177699], [-79.2472630420866, 43.8226742498837], [-79.2470568069784, 43.8221967359268], [-79.2470099259672, 43.8220790155831], [-79.2469576203358, 43.8219444859727], [-79.2466589898527, 43.8212687336294], [-79.2463194844173, 43.8205208904578], [-79.2461906320279, 43.8202475742522], [-79.2460476364127, 43.8199442171939], [-79.2458143868929, 43.8194216263558]]]]}"
31,Agincourt North,129,31022,67,77,82,75,80,81,74,62,78,221.2097,257.2755,276.6252,250.2169,262.7862,263.0212,239.4899,200.9659,251.4345,17,29,18,33,42,42,62,52,48,56.12784,96.89599,60.7226,110.0954,137.9628,136.3813,200.6537,168.5521,168.5521,4,7,2,,1,1,1,2,,13.20655,23.38869,6.746955,,3.284827,3.247175,3.236351,6.482772,6.482772,46,54,49,49,69,56,17,18,24,151.8753,180.427,165.3004,163.475,226.6531,181.8418,55.01796,58.34495,77.36445,1,,,,,,,,,3.301637612,,,,,,,,,36,37,15,22,44,37,17,7,11,118.859,50.60217,73.39694,144.5324,120.1455,55.01796,22.6897,35.45871,123.6259,,,1,1,,2,2,,1,,,3.373478,3.336225,,6.49435,6.472702,,3.223519,63,47,48,96,69,69,60,32,63,208.0032,157.0383,161.9269,320.2776,226.6531,224.0551,194.181,103.7243,203.0817,1,6,5,11,4,3,5,2,3,3.301638,20.04745,16.86739,36.69847,13.13931,9.741525,16.18175,6.482772,9.670556,"{'type': 'MultiPolygon', 'coordinates': [[[[-79.2577172416243, 43.8099305715082], [-79.2577023757931, 43.8098967405577], [-79.2567934539363, 43.8100967055615], [-79.2561806990494, 43.8102075534268], [-79.2554873522544, 43.8103388473353], [-79.2534019139247, 43.8107626663538], [-79.2529189398603, 43.8108636146866], [-79.2515908256541, 43.8111549906136], [-79.2498390223796, 43.8115699821257], [-79.2475926015938, 43.8120393297412], [-79.2466731238418, 43.8122213050675], [-79.2462379388271, 43.8123149317103], [-79.2451454123019, 43.8125499500607], [-79.2443352976041, 43.8127216906275], [-79.2430795868613, 43.8129797085741], [-79.2430450451921, 43.812880619223], [-79.2430212266313, 43.8128175580006], [-79.2429896890159, 43.8127454779837], [-79.2429612092666, 43.812682415295], [-79.2429436825935, 43.8126013661317], [-79.2429246145864, 43.8125203040653], [-79.2428962885214, 43.812421228318], [-79.242887968457, 43.8123672028575], [-79.2428835510191, 43.8123131860945], [-79.2428668077887, 43.8122321390597], [-79.2428578210727, 43.8121511176743], [-79.2428502332063, 43.8121060863876], [-79.2428420022971, 43.812034058641], [-79.2428399487326, 43.811971046691], [-79.242829381771, 43.8118990136269], [-79.242825799419, 43.8118269970455], [-79.2428288518227, 43.811796346125], [-79.2428334882509, 43.8117501360885], [-79.2428340529918, 43.8117460148104], [-79.2428451267857, 43.8116650201247], [-79.2428485816197, 43.8115840181059], [-79.2428520376837, 43.8115030161049], [-79.2428585604437, 43.8114310216765], [-79.2428658287222, 43.8113680306351], [-79.2428692723133, 43.811287028439], [-79.2428766436995, 43.8111970335004], [-79.2428870452818, 43.8111250482996], [-79.2428991288518, 43.8110260636748], [-79.2429072067835, 43.8109540724466], [-79.2429144625094, 43.8108910812041], [-79.2429326441317, 43.8108191139022], [-79.242941544138, 43.81073812358], [-79.2429558231961, 43.8106661466769], [-79.2429779614181, 43.8105761852352], [-79.2430016012659, 43.8104952198963], [-79.2430214142489, 43.8104052623018], [-79.2430497282452, 43.8103243157077], [-79.2430811489671, 43.8102433763625], [-79.2431329212588, 43.8101264788336], [-79.2431533895599, 43.810063516965], [-79.2431722260389, 43.8100185534657], [-79.2431950066226, 43.8099555974316], [-79.2432185429938, 43.8099016341338], [-79.2432413471192, 43.8098386775507], [-79.2432664759794, 43.809775726995], [-79.2432822054975, 43.8097307562196], [-79.2433033787389, 43.8096858070164], [-79.2433183638019, 43.8096318346645], [-79.2433418996624, 43.809577880334], [-79.2433630730391, 43.8095329230173], [-79.2433779427438, 43.8095059525702], [-79.2433953025226, 43.8094429842753], [-79.2434156662077, 43.8094070253323], [-79.2434329759134, 43.8093530571901], [-79.2434526464181, 43.8092990947276], [-79.243476208401, 43.8092361398383], [-79.2435059586981, 43.8091821999774], [-79.24352172667, 43.8091282288259], [-79.243542937326, 43.8090742702152], [-79.2435680267301, 43.8090203199078], [-79.2435892385724, 43.8089663604054], [-79.2436174998233, 43.8088944146695], [-79.2436387503565, 43.8088314548213], [-79.2436654308384, 43.808768516314], [-79.2437007410444, 43.8086875852452], [-79.2437204625412, 43.8086156207529], [-79.2437487746754, 43.8085346739313], [-79.2437724260252, 43.8084537166841], [-79.2438046917786, 43.8083547774362], [-79.2438158373286, 43.8082917945783], [-79.2438449311178, 43.8082108498391], [-79.2438481541432, 43.8081838533684], [-79.2438639465929, 43.8081208816054], [-79.2438782762614, 43.8080399035007], [-79.2438917188239, 43.8079859271574], [-79.2439051489338, 43.8079319506206], [-79.2439218407494, 43.8078419763701], [-79.2439314308475, 43.8077789902966], [-79.2439449120541, 43.8077160127065], [-79.2439561335589, 43.8076350282315], [-79.2439719645116, 43.8075630543067], [-79.2439768951151, 43.8075000578369], [-79.2439811952777, 43.8074010461472], [-79.2439885389881, 43.8073200614893], [-79.2439889614162, 43.8072210505224], [-79.2439886908452, 43.8071040261373], [-79.2439828488083, 43.8070140017519], [-79.2439815136214, 43.8069599927408], [-79.243969430774, 43.8068789553009], [-79.2439565771819, 43.8067979168169], [-79.2439399100875, 43.8066988664711], [-79.2439200601312, 43.806617812285], [-79.2438848147189, 43.8065007194109], [-79.2438288339464, 43.8063295723146], [-79.2437467121889, 43.806095349961], [-79.2436675434465, 43.8058971487607], [-79.2435975810875, 43.8057259702825], [-79.2435299949699, 43.805545796741], [-79.243392243017, 43.8052394406838], [-79.2431452050489, 43.8046988094884], [-79.2429590164695, 43.8042753297498], [-79.2426565117809, 43.803626559773], [-79.2422058156633, 43.8026295973958], [-79.2421306586529, 43.8024806211301], [-79.2431908764571, 43.8020362380623], [-79.2438031421094, 43.8017843741085], [-79.2446362737409, 43.8014499840077], [-79.2460838576532, 43.8006983572059], [-79.2516313832244, 43.7979711991719], [-79.2601218926454, 43.79377819224], [-79.2604791630517, 43.7935897734975], [-79.2637740943846, 43.7918520229382], [-79.2638208175659, 43.7918293017995], [-79.2662284761953, 43.7906604488292], [-79.267817527931, 43.7898889507938], [-79.2679426236766, 43.7898254590121], [-79.268067136439, 43.7897614441462], [-79.2681911546457, 43.7896969858703], [-79.2683146525029, 43.7896319874556], [-79.2684376543304, 43.7895665104974], [-79.2685601614262, 43.7895005099987], [-79.2686821977988, 43.7894340583541], [-79.2688036027025, 43.7893670838012], [-79.2689246351331, 43.7892996127753], [-79.269045049238, 43.7892316370511], [-79.2691649550849, 43.7891632186224], [-79.2692842281852, 43.7890943213913], [-79.2693128836293, 43.7890775737514], [-79.2694907388088, 43.7894974218098], [-79.2697686975036, 43.7901370451117], [-79.2699267925679, 43.7905011261292], [-79.2699642725289, 43.7905874778386], [-79.2703398461422, 43.7915153145678], [-79.2707995133994, 43.7925873359647], [-79.2710390806144, 43.7931188747726], [-79.271580240822, 43.794389098947], [-79.2724588517303, 43.7964070688312], [-79.2725826912236, 43.796680292442], [-79.2727052128027, 43.7969505878039], [-79.2733694550432, 43.7984160664223], [-79.2743272285034, 43.7981839144129], [-79.2744445018714, 43.7981841369613], [-79.2749058657513, 43.7981850370975], [-79.2756042043031, 43.7981683994433], [-79.2765588249414, 43.7981522579839], [-79.2777404988104, 43.7981394943617], [-79.2779724838655, 43.798136983737], [-79.2781682415564, 43.7981283633483], [-79.2782925909757, 43.7981106020394], [-79.2785202645571, 43.7980840404997], [-79.2786764716517, 43.7980573301337], [-79.2788241749744, 43.7980216120488], [-79.2802474115849, 43.7977183009528], [-79.2816620826451, 43.7974149558092], [-79.2834396872996, 43.7970680411731], [-79.2837809580214, 43.7978420007701], [-79.2839967027271, 43.7983284610571], [-79.2841482621794, 43.79868474198], [-79.2842994277586, 43.7990401218061], [-79.2843094548506, 43.7990646866813], [-79.2847113963916, 43.8000490242767], [-79.2851929749628, 43.8011480582948], [-79.2858416669611, 43.8026704558576], [-79.2858787682169, 43.8027567110005], [-79.2861012848937, 43.8032740169291], [-79.2862968598439, 43.8037604436522], [-79.2864958143266, 43.8041748663066], [-79.286556627286, 43.8043279993557], [-79.2866198087212, 43.8044721345284], [-79.2866986875396, 43.8045712851387], [-79.2868246027712, 43.8047695445226], [-79.2870024606713, 43.8049949046889], [-79.2871648799535, 43.805193231078], [-79.2873064623806, 43.8053555148243], [-79.2874233786966, 43.8054637372396], [-79.2876121987688, 43.8056621129582], [-79.2878840407956, 43.8058966467999], [-79.2880729404027, 43.8060770192516], [-79.2882455224688, 43.8062573522059], [-79.2883793725916, 43.8064106195561], [-79.2884915246931, 43.8065458434504], [-79.2886337505581, 43.8067531326719], [-79.2888035671401, 43.8070594752488], [-79.2890858502499, 43.8076360677842], [-79.2893159984866, 43.8081769547776], [-79.2893847971326, 43.808338696236], [-79.289785705575, 43.8092125335783], [-79.2898966790224, 43.8094737695496], [-79.2900216465113, 43.8097464261748], [-79.2904417772774, 43.810662880232], [-79.2905775742995, 43.8109606248121], [-79.2910046381768, 43.8118970441948], [-79.2912343376529, 43.8124195375622], [-79.2912724561875, 43.8125029843112], [-79.2856692856312, 43.8138055953868], [-79.2814666303886, 43.8147824022253], [-79.2808738813118, 43.8149287417689], [-79.2806144271652, 43.8149908918301], [-79.279436708106, 43.8152572801703], [-79.2778756385644, 43.8156019159982], [-79.275755331631, 43.8160555255811], [-79.2748965146534, 43.8162376486415], [-79.2715202877015, 43.8169535665802], [-79.2670064212624, 43.8178868679115], [-79.2628469116861, 43.818746792512], [-79.2616549847765, 43.8190153984036], [-79.2612260968188, 43.8179964887737], [-79.2608818555634, 43.8171796484692], [-79.2606420213954, 43.8166482078683], [-79.2603605573397, 43.8160244633686], [-79.2595921992237, 43.8142272112587], [-79.2591599903389, 43.8132695203885], [-79.2587590612004, 43.8122950616154], [-79.2585402045557, 43.8118389001587], [-79.2580774439099, 43.8107510382875], [-79.2577172416243, 43.8099305715082]]]]}"
32,Agincourt South-Malvern West,128,27407,104,103,131,111,118,121,127,152,177,439.7649,430.8362,540.9647,446.77,461.5324,462.1143,477.2462,565.0558,645.8204,35,29,27,35,38,58,63,39,80,147.9978,121.3034,111.4965,140.8734,148.6291,221.5093,236.7442,144.9814,144.9814,1,5,3,7,6,3,5,10,6,4.228508,20.91438,12.3885,28.17468,23.46775,11.45738,18.78922,37.17472,37.17472,73,60,61,92,93,100,81,44,53,308.6811,250.9725,251.8996,370.2958,363.7502,381.9126,304.3854,163.5688,193.3813,,,,,1,,2,1,,,,,,3.911292,,7.515689,3.717472,,26,24,21,34,33,29,18,19,33,109.9412,86.71952,136.8485,129.0726,110.7547,67.6412,70.63197,120.4072,100.389,,,2,4,5,3,1,5,3,,,8.259003,16.09982,19.55646,11.45738,3.757844,18.58736,10.94611,86,71,63,84,72,58,66,86,86,363.6517,296.9842,260.1586,338.0962,281.613,221.5093,248.0177,319.7026,313.7885,19,9,12,14,10,15,8,6,10,80.34167,37.64588,49.55401,56.34937,39.11292,57.28689,30.06276,22.30483,36.48703,"{'type': 'MultiPolygon', 'coordinates': [[[[-79.2837809580214, 43.7978420007701], [-79.2834396872996, 43.7970680411731], [-79.2816620826451, 43.7974149558092], [-79.2802474115849, 43.7977183009528], [-79.2788241749744, 43.7980216120488], [-79.2786764716517, 43.7980573301337], [-79.2785202645571, 43.7980840404997], [-79.2782925909757, 43.7981106020394], [-79.2781682415564, 43.7981283633483], [-79.2779724838655, 43.798136983737], [-79.2777404988104, 43.7981394943617], [-79.2765588249414, 43.7981522579839], [-79.2756042043031, 43.7981683994433], [-79.2749058657513, 43.7981850370975], [-79.2744445018714, 43.7981841369613], [-79.2743272285034, 43.7981839144129], [-79.2733694550432, 43.7984160664223], [-79.2727052128027, 43.7969505878039], [-79.2725826912236, 43.796680292442], [-79.2724588517303, 43.7964070688312], [-79.271580240822, 43.794389098947], [-79.2710390806144, 43.7931188747726], [-79.2707995133994, 43.7925873359647], [-79.2703398461422, 43.7915153145678], [-79.2699642725289, 43.7905874778386], [-79.2699267925679, 43.7905011261292], [-79.2697686975036, 43.7901370451117], [-79.2694907388088, 43.7894974218098], [-79.2693128836293, 43.7890775737514], [-79.2692842281852, 43.7890943213913], [-79.2691649550849, 43.7891632186224], [-79.269045049238, 43.7892316370511], [-79.2689246351331, 43.7892996127753], [-79.2688036027025, 43.7893670838012], [-79.2686821977988, 43.7894340583541], [-79.2685601614262, 43.7895005099987], [-79.2684376543304, 43.7895665104974], [-79.2683146525029, 43.7896319874556], [-79.2681911546457, 43.7896969858703], [-79.268067136439, 43.7897614441462], [-79.2679426236766, 43.7898254590121], [-79.267817527931, 43.7898889507938], [-79.2662284761953, 43.7906604488292], [-79.2638208175659, 43.7918293017995], [-79.2637740943846, 43.7918520229382], [-79.2604791630517, 43.7935897734975], [-79.2601218926454, 43.79377819224], [-79.2516313832244, 43.7979711991719], [-79.2460838576532, 43.8006983572059], [-79.2446362737409, 43.8014499840077], [-79.2438031421094, 43.8017843741085], [-79.2431908764571, 43.8020362380623], [-79.2421306586529, 43.8024806211301], [-79.2420209457235, 43.8022029138903], [-79.2419188227964, 43.8019236486476], [-79.2418544823714, 43.8017074670797], [-79.2416509784693, 43.8009689071476], [-79.2413752667039, 43.7998521258673], [-79.2411805583337, 43.7990595775682], [-79.2410836358896, 43.798654307161], [-79.2410451778764, 43.7985642089692], [-79.2409647127039, 43.7983481531042], [-79.2408908458164, 43.7981498161994], [-79.2407557592331, 43.7977714721101], [-79.2404021903948, 43.7969065699616], [-79.2402392410504, 43.7965101417358], [-79.240206528223, 43.7964309288965], [-79.2399156194222, 43.7957263070407], [-79.2398427038421, 43.7955191154444], [-79.239683364334, 43.7951857017822], [-79.2394869703631, 43.7947982055379], [-79.2394661389122, 43.794762153567], [-79.2393556995654, 43.7946178834798], [-79.2391269643579, 43.7943473282376], [-79.2389230442713, 43.7940858381394], [-79.2388242631713, 43.7939415950578], [-79.2387561820637, 43.7938784312219], [-79.2386608874537, 43.7936441836119], [-79.2384063066422, 43.7930675382537], [-79.238293990774, 43.7927791635223], [-79.2379677296159, 43.7919414097414], [-79.2378265378589, 43.7915203993258], [-79.2377653316691, 43.7913378876209], [-79.2374620131259, 43.7905451090981], [-79.2370617190419, 43.7895630828566], [-79.2365747042519, 43.7883789863979], [-79.2365256832615, 43.788244234646], [-79.2365203434002, 43.7882293790246], [-79.2363764992558, 43.7878789665695], [-79.2363456167949, 43.7878041853722], [-79.2363135171538, 43.7877290414373], [-79.2362806861252, 43.787654005051], [-79.2362469704304, 43.7875792170045], [-79.2362125093425, 43.7875045903109], [-79.2361771634598, 43.7874302587728], [-79.2361409492051, 43.7873560866876], [-79.2361038759899, 43.7872820922072], [-79.2360660558041, 43.7872083130742], [-79.2360274649373, 43.7871348371578], [-79.2360032489561, 43.787089784427], [-79.2359880409957, 43.7870615041291], [-79.2359477339925, 43.7869884923884], [-79.2359065423764, 43.7869156857635], [-79.2358535583426, 43.7868126536301], [-79.2357997021275, 43.7867097448593], [-79.2357467180832, 43.7866066406441], [-79.2356946180235, 43.786503277242], [-79.2356434863067, 43.7863997441927], [-79.2355932392326, 43.7862958448257], [-79.2355440000544, 43.7861918673618], [-79.2354955069094, 43.7860875034346], [-79.235447996542, 43.7859830700286], [-79.2354036615294, 43.7858742072203], [-79.2353713593031, 43.785794912785], [-79.2352947107172, 43.785606692284], [-79.2374878547919, 43.7849983950756], [-79.2389919691158, 43.7845870489328], [-79.2404620418887, 43.7842081985451], [-79.2421470532105, 43.783816160406], [-79.2437339204701, 43.7834494854606], [-79.2451740928349, 43.7831351265372], [-79.2452069592184, 43.7831279628861], [-79.2464416344097, 43.7828584149405], [-79.2478278125585, 43.7825786475442], [-79.249664234501, 43.7822468424081], [-79.2506550288466, 43.7820677971481], [-79.2507176290216, 43.7820564844654], [-79.2509168409129, 43.7820180425916], [-79.2518499481808, 43.781837979597], [-79.2544791479084, 43.781327621309], [-79.2549830568761, 43.7812311485981], [-79.2579690398889, 43.7806594383255], [-79.2603478598652, 43.780216437017], [-79.2637109089132, 43.7795473263996], [-79.2639211452305, 43.7795066523554], [-79.2647958199135, 43.7794067961017], [-79.2647697472492, 43.7793425019429], [-79.2648771518479, 43.7793217138663], [-79.2660371688292, 43.7790973103554], [-79.2679949375498, 43.7787155296314], [-79.2690591228845, 43.7785112433867], [-79.2717896269691, 43.7779447309395], [-79.2746897761942, 43.7773112406055], [-79.2747796691566, 43.7772910485286], [-79.2772029679564, 43.7767467991995], [-79.2773984890454, 43.7767028765929], [-79.2796920140799, 43.7761650452118], [-79.2811596961175, 43.7758208255123], [-79.2846177937022, 43.77501676748], [-79.284683779648, 43.7751697313536], [-79.284694879833, 43.7751954504593], [-79.2847197627417, 43.7752505034015], [-79.2848245460434, 43.7754822736471], [-79.2851752830691, 43.7763242813098], [-79.2852141788654, 43.7764176606467], [-79.2855613053884, 43.7772617566047], [-79.2855651348705, 43.7772710707536], [-79.286061672645, 43.7784799482896], [-79.2863130479525, 43.7790528739526], [-79.2865272930813, 43.7795709040867], [-79.286670692834, 43.7798890746886], [-79.2867333174001, 43.7800644078367], [-79.2868063370903, 43.7802614174081], [-79.2868576315898, 43.7804331826078], [-79.2869025423258, 43.7805239440929], [-79.2869931004802, 43.7807399072252], [-79.287098535348, 43.7809682374652], [-79.2872819877857, 43.7813937129811], [-79.2873859908727, 43.781630699219], [-79.2874313123332, 43.7817428656816], [-79.2875628064914, 43.7820193829744], [-79.2876636382977, 43.7822403326776], [-79.2877410846333, 43.7823994007028], [-79.2878615638839, 43.7825875327223], [-79.2879783790159, 43.7827788438294], [-79.2880985818119, 43.7829825469089], [-79.2882022250285, 43.7831575411436], [-79.2882669388797, 43.7832954682819], [-79.288399008254, 43.7835027395897], [-79.2886174874186, 43.7838721908158], [-79.288778539841, 43.7842325350935], [-79.2892139875666, 43.7851964706206], [-79.2894661880539, 43.7857703258389], [-79.289471339965, 43.7857820285098], [-79.2896737733422, 43.7863134772717], [-79.289924172483, 43.7868900109281], [-79.290084438885, 43.7872593703296], [-79.2904327754633, 43.7880431004918], [-79.2906738327818, 43.7886376268809], [-79.2910305772358, 43.7894663749442], [-79.2915521187478, 43.7907094759116], [-79.291710757244, 43.7911058149888], [-79.2905099500151, 43.7913826560135], [-79.2890666923129, 43.7916950497761], [-79.2878301119268, 43.7919718058723], [-79.2869037016375, 43.7921591147341], [-79.2871541051713, 43.7927266530263], [-79.2879174690115, 43.7945535556097], [-79.2880160453605, 43.794789496101], [-79.2885770026715, 43.7960776701294], [-79.2892189465412, 43.797528028395], [-79.2900534880979, 43.7994378127039], [-79.2905573633759, 43.8006268938213], [-79.2908850763852, 43.8013295911427], [-79.291078942529, 43.801644984266], [-79.2912016968832, 43.8018612358672], [-79.2913948597788, 43.802158634923], [-79.2916089150629, 43.8024740643133], [-79.2900766951508, 43.8028403149784], [-79.2889144316883, 43.8031352110921], [-79.2883559382879, 43.8032651715709], [-79.2881852353475, 43.8033048926193], [-79.2870851773332, 43.8035728816555], [-79.2862968598439, 43.8037604436522], [-79.2861012848937, 43.8032740169291], [-79.2858787682169, 43.8027567110005], [-79.2858416669611, 43.8026704558576], [-79.2851929749628, 43.8011480582948], [-79.2847113963916, 43.8000490242767], [-79.2843094548506, 43.7990646866813], [-79.2842994277586, 43.7990401218061], [-79.2841482621794, 43.79868474198], [-79.2839967027271, 43.7983284610571], [-79.2837809580214, 43.7978420007701]]]]}"
33,Dorset Park,126,26093,135,167,196,195,201,165,129,142,188,539.6762,667.2794,780.348,767.8677,781.4323,635.2996,495.3917,546.9743,720.4998,51,42,43,41,82,61,73,49,68,203.8777,167.8188,171.1988,161.4491,318.7932,234.8683,280.338,188.7447,188.7447,5,4,3,4,2,1,3,8,15,19.98801,15.98274,11.9441,15.75113,7.775445,3.8503,11.52074,30.81545,30.81545,91,84,71,88,66,57,72,38,73,363.7817,335.6375,282.6771,346.5249,256.5897,219.4671,276.4977,146.3734,279.7685,1,,,1,,2,,3,,3.997601439,,,4,,7.700601,,11.5558,,33,37,58,35,35,38,25,17,30,131.9209,230.9193,137.8224,136.0703,146.3114,96.00614,65.48284,114.9734,147.8403,1,4,10,7,8,7,6,6,5,3.997602,15.98274,39.81367,27.56448,31.10178,26.9521,23.04148,23.11159,19.16223,77,101,67,59,63,78,113,92,77,307.8153,403.5641,266.7516,232.3292,244.9265,300.3234,433.9478,354.3777,295.0983,6,10,12,4,15,8,5,4,8,23.98561,39.95685,47.77641,15.75113,58.31584,30.8024,19.20123,15.40773,30.65956,"{'type': 'MultiPolygon', 'coordinates': [[[[-79.275587628052, 43.7420973036675], [-79.2815788819942, 43.7394603465033], [-79.2817533833877, 43.7398884090062], [-79.2820933543699, 43.7407171601433], [-79.2826600254826, 43.7421674257998], [-79.2832277728396, 43.7435366889248], [-79.2834608448066, 43.7441042067965], [-79.2835632260084, 43.7443384318176], [-79.2841299614111, 43.7457797064823], [-79.2848399561193, 43.7475272978511], [-79.2852160471084, 43.7484911335625], [-79.2856055101353, 43.7494099968448], [-79.2861425998811, 43.7507161956166], [-79.2866419089502, 43.7519503112573], [-79.2872351691552, 43.7534006192652], [-79.2877523096286, 43.7546617568178], [-79.2880587274857, 43.7553824209636], [-79.2882549896835, 43.7558598571488], [-79.288680646354, 43.7568777797484], [-79.2890760089771, 43.7579046459888], [-79.2893055505324, 43.7584091358548], [-79.2895224990797, 43.758967609349], [-79.2895940784176, 43.7591387636679], [-79.2897627568125, 43.7595171232327], [-79.2901791630416, 43.7605350588309], [-79.2905270650957, 43.7613818446218], [-79.2906995360713, 43.7617872318342], [-79.290831524859, 43.7621242171077], [-79.2908441921058, 43.7621565633299], [-79.2909710709577, 43.7624988490036], [-79.2913660388713, 43.7634357211547], [-79.2914341114326, 43.7636254189287], [-79.2914498092928, 43.7637010578946], [-79.2914797037719, 43.7637867222734], [-79.2914945771749, 43.7638565442145], [-79.291512514613, 43.7639412779858], [-79.2915171780845, 43.7640181835382], [-79.2915235828335, 43.7640875132969], [-79.2915190649544, 43.7641544828332], [-79.2915126873888, 43.7642170838757], [-79.2915098849376, 43.7642764682278], [-79.2915004867523, 43.7643397389973], [-79.2914855825668, 43.764386247173], [-79.2914745684255, 43.7644534752148], [-79.2914576260112, 43.7645184240095], [-79.2914355659688, 43.7645869184677], [-79.2914122126225, 43.7646485165522], [-79.2913972548853, 43.7647142243129], [-79.2913623659738, 43.7648107796439], [-79.2913298060042, 43.7649128026244], [-79.2913116343755, 43.7649987035379], [-79.2913111668194, 43.7650009438705], [-79.2913004966201, 43.7650728796665], [-79.2912863495247, 43.7651444042183], [-79.2912934656853, 43.7652231687927], [-79.2913014066907, 43.7653077404841], [-79.2913148289416, 43.7654090726012], [-79.2913418153077, 43.7654917799071], [-79.2913704397336, 43.7655861192747], [-79.2914061533396, 43.7656776636472], [-79.2914390695498, 43.7657626501981], [-79.291609493292, 43.7661586620235], [-79.2919048704192, 43.7668518134547], [-79.2920275445662, 43.7671396876231], [-79.2922563472192, 43.7676377690238], [-79.2931132783774, 43.7696598352852], [-79.2932181916401, 43.7699253791802], [-79.2934014876766, 43.7703592698537], [-79.2936097294997, 43.7708656739663], [-79.2939524243381, 43.7716360099683], [-79.2942663034254, 43.7723682441355], [-79.2943554087904, 43.7725702828414], [-79.2944282554699, 43.7727354589585], [-79.2935946612939, 43.7729319012952], [-79.2920255555288, 43.7732916866838], [-79.2898893462626, 43.7737815021998], [-79.2898449508751, 43.7737918447509], [-79.287242798091, 43.7743987850699], [-79.2846381215891, 43.7750120531024], [-79.2846177937022, 43.77501676748], [-79.2811596961175, 43.7758208255123], [-79.2796920140799, 43.7761650452118], [-79.2773984890454, 43.7767028765929], [-79.2772029679564, 43.7767467991995], [-79.2747796691566, 43.7772910485286], [-79.274775840894, 43.7772817070277], [-79.2747156644085, 43.777132780551], [-79.2747113169305, 43.7771196307531], [-79.2746561016652, 43.7769532795953], [-79.2745211042633, 43.7766655973691], [-79.2742842324991, 43.7761034386788], [-79.274014586937, 43.7754479455837], [-79.273685425046, 43.7746164597075], [-79.2733078294727, 43.7736854325992], [-79.2729895209845, 43.7729745994907], [-79.2729222066785, 43.7727549004398], [-79.2726244282083, 43.7720540537018], [-79.2723254622163, 43.7713176577973], [-79.2720395955901, 43.7706139984783], [-79.2719744629073, 43.7704557270639], [-79.2718958343248, 43.7702699477976], [-79.2716536069258, 43.7696659538208], [-79.2714572703121, 43.7691429619735], [-79.2713844882763, 43.7689423426423], [-79.2713461997381, 43.7688108037473], [-79.271296407659, 43.7686793050836], [-79.2712532062185, 43.7685070347387], [-79.2712087576477, 43.7683194968457], [-79.2711796368029, 43.7681454280793], [-79.2711136452147, 43.7679335612299], [-79.2710771625347, 43.7677354618165], [-79.2710202395969, 43.7673933036755], [-79.2709577987551, 43.7670781280029], [-79.270924973771, 43.7669340439217], [-79.2708874926951, 43.7667899496924], [-79.270856117472, 43.7666728716055], [-79.2707999585952, 43.7665377414824], [-79.270561044816, 43.7658891681804], [-79.2701850180431, 43.7649612911266], [-79.2696908330265, 43.7636821384941], [-79.2692742874873, 43.762601174051], [-79.2689252194445, 43.761736382746], [-79.2683126625176, 43.7601599888617], [-79.2678370198004, 43.758916905293], [-79.267450291425, 43.7579620106308], [-79.2671828605938, 43.7572683836845], [-79.2666687146219, 43.7559081649782], [-79.266381165753, 43.7551874816362], [-79.26590783722, 43.7539443666447], [-79.2657855403274, 43.7536560780863], [-79.2657147224445, 43.7535029214833], [-79.2656540709797, 43.7533317739568], [-79.265578773641, 43.7531335937185], [-79.2655119843672, 43.752944431044], [-79.2654023089324, 43.7526111619791], [-79.2653164651851, 43.7523319482604], [-79.2651992648544, 43.7519356548586], [-79.2651341238904, 43.7517194922974], [-79.26505570226, 43.7515303057658], [-79.2650215125355, 43.7513412199656], [-79.2649172439912, 43.751007960426], [-79.2646894926148, 43.7502964151286], [-79.2644659431666, 43.749701884253], [-79.2641643998479, 43.7490081697721], [-79.2640067149538, 43.748591656126], [-79.2654421631783, 43.7476716455048], [-79.2682842819006, 43.745848109029], [-79.2684188686839, 43.7457625009749], [-79.2709680736247, 43.7441387153853], [-79.2725542088504, 43.743438501142], [-79.2725700341045, 43.743429927533], [-79.275587628052, 43.7420973036675]]]]}"
34,Ionview,125,14131,98,104,104,85,89,80,85,92,84,705.0359,744.7723,740.1608,601.5569,624.9561,558.8544,596.2402,650.3605,594.4377,5,12,6,5,3,8,6,10,11,35.97122,85.93526,42.70159,35.3857,21.06594,55.88543,42.08754,70.69136,70.69136,,3,,2,3,4,4,1,3,,21.48382,,14.15428,21.06594,27.94272,28.05836,7.069136,7.069136,33,45,17,29,19,19,15,18,12,237.4101,322.2572,120.9878,205.2371,133.4176,132.7279,105.2189,127.2445,84.91968,,,,,,,,,,,,,,,,,,,18,15,9,13,7,12,2,4,4,129.4964,64.05238,92.00283,49.15385,83.82816,14.02918,28.27654,28.30656,107.4191,1,,,,1,1,1,,2,7.194244,,,,7.021979,6.985679,7.01459,,14.15328,13,29,15,22,21,30,33,40,13,93.52518,207.6769,106.754,155.6971,147.4615,209.5704,231.4815,282.7654,91.99632,1,4,4,1,1,2,,3,2,7.194244,28.64509,28.46772,7.077141,7.021979,13.97136,,21.20741,14.15328,"{'type': 'MultiPolygon', 'coordinates': [[[[-79.2745676049968, 43.7232254958132], [-79.2748483341704, 43.7226045132465], [-79.2749406089463, 43.7228177630198], [-79.2751005262605, 43.7231873000618], [-79.2753342631318, 43.723727987063], [-79.2760341560681, 43.7253674428423], [-79.2767346782394, 43.7269913053408], [-79.2770540627284, 43.7277368082271], [-79.2774542457342, 43.7286107170049], [-79.2776110398277, 43.7290070847574], [-79.2777198169929, 43.7293853486118], [-79.2778147176456, 43.7297365810253], [-79.2778627350864, 43.7299707062691], [-79.2779138220663, 43.730213848182], [-79.277962808143, 43.7303939681596], [-79.2780048733194, 43.7305560717527], [-79.2780592430685, 43.730754195677], [-79.2781099812479, 43.7308803113745], [-79.2781567601365, 43.7310334146523], [-79.2782235650765, 43.7312225609471], [-79.2784495905337, 43.7317900495792], [-79.2787472492377, 43.7325017052505], [-79.2788590549617, 43.7327623002501], [-79.2789057141041, 43.7328710624206], [-79.279009817204, 43.7331267728572], [-79.2798738381098, 43.7352492190516], [-79.2812580030278, 43.7386903079324], [-79.2813071253225, 43.7388070752911], [-79.2813340933325, 43.7388711616667], [-79.2814134081166, 43.7390596458915], [-79.2815788819942, 43.7394603465033], [-79.275587628052, 43.7420973036675], [-79.2725700341045, 43.743429927533], [-79.2725542088504, 43.743438501142], [-79.2709680736247, 43.7441387153853], [-79.2694806171308, 43.7450862082646], [-79.2684188686839, 43.7457625009749], [-79.2682842819006, 43.745848109029], [-79.2680681498092, 43.7453407497079], [-79.2680488794525, 43.7452957946313], [-79.2675209564378, 43.7440645620676], [-79.2674902806414, 43.7439930125159], [-79.2666585407671, 43.7420530581022], [-79.2666406827189, 43.7420096269142], [-79.2666184116838, 43.7419578246371], [-79.2659526755762, 43.7403632934792], [-79.2659116294771, 43.7402649701514], [-79.2638178224373, 43.7353576975123], [-79.2637060349143, 43.7350956566626], [-79.2636080258163, 43.7348715390446], [-79.2629738547959, 43.7334214069509], [-79.2631286481283, 43.733384894385], [-79.2632935640629, 43.7333439021337], [-79.264665371922, 43.733020593542], [-79.2648461679515, 43.7329779845368], [-79.2660639687403, 43.7326834157125], [-79.2668414191029, 43.7324869772417], [-79.2679349232514, 43.7322101555338], [-79.2676272698285, 43.7313947033799], [-79.267561614488, 43.7312282902262], [-79.2674601611556, 43.7309747623229], [-79.2674869465927, 43.7309593794737], [-79.2675202905206, 43.7309394735318], [-79.2675531396585, 43.7309190711749], [-79.2675853705382, 43.73089819124], [-79.2676171189259, 43.730876905115], [-79.2676482360947, 43.7308552033423], [-79.2676787216382, 43.7308330138863], [-79.2677087233098, 43.7308105091585], [-79.2677380951161, 43.7307874987674], [-79.2677668729629, 43.7307640723952], [-79.2677948942515, 43.7307403572312], [-79.2682060112821, 43.7302876649486], [-79.2695828959692, 43.728867533415], [-79.2697235408732, 43.7287224653619], [-79.2697944834763, 43.7286437573323], [-79.2711429579064, 43.7271476150173], [-79.2715966810545, 43.7266442009951], [-79.2716038859402, 43.7266362137986], [-79.273609325469, 43.7244109557073], [-79.2736560209312, 43.7243674194134], [-79.2737021343015, 43.7243234853439], [-79.273747454613, 43.7242792799662], [-79.2737921814322, 43.7242346415274], [-79.2738361889809, 43.7241897130887], [-79.2738795396193, 43.7241444415704], [-79.2739221710661, 43.7240987909176], [-79.2739641597976, 43.7240527784933], [-79.2740054294433, 43.7240065129904], [-79.2740459302607, 43.7239598676057], [-79.2740858243537, 43.7239128609951], [-79.2741249747261, 43.7238656810696], [-79.2741635052675, 43.7238180775958], [-79.2742011677081, 43.723770265616], [-79.2742382244107, 43.7237221014318], [-79.2742745233575, 43.7236736475749], [-79.2743100797767, 43.7236248493533], [-79.2743448679212, 43.7235758252284], [-79.2743789490913, 43.7235266022374], [-79.2744122735703, 43.7234770526773], [-79.2744448427052, 43.7234272594036], [-79.2744766799199, 43.7233771849549], [-79.2745077854226, 43.7233268221319], [-79.274538135637, 43.7232762137973], [-79.2745676049968, 43.7232254958132]]]]}"
35,Kennedy Park,124,18022,218,252,214,197,221,222,183,182,227,1232.195,1429.706,1215.219,1109.734,1231.678,1227.604,1011.944,1013.025,1259.572,26,12,13,30,30,24,31,33,53,146.9591,68.08125,73.82169,168.995,167.1961,132.714,171.4223,183.6803,183.6803,1,6,5,10,12,3,4,9,8,5.652272,34.04062,28.39296,56.33168,66.87845,16.58925,22.119,50.09462,50.09462,49,36,46,50,48,41,32,35,44,276.9613,204.2437,261.2152,281.6584,267.5138,226.7198,176.952,194.8124,244.146,,,,,2,1,,2,,,,,,11.14641,5.52975,,11.13214,,78,67,29,54,31,29,27,28,31,440.8772,164.6792,304.1911,172.7693,160.3627,149.3033,155.8499,172.012,380.1203,,,2,3,3,2,1,2,3,,,11.35718,16.8995,16.71961,11.0595,5.52975,11.13214,16.64632,33,50,34,74,59,70,73,65,33,186.525,283.6718,193.0721,416.8544,328.819,387.0825,403.6718,361.7945,183.1095,6,3,5,4,20,6,9,3,5,33.91363,17.02031,28.39296,22.53267,111.4641,33.1785,49.76775,16.69821,27.74387,"{'type': 'MultiPolygon', 'coordinates': [[[[-79.2689419264311, 43.7147227252844], [-79.271120436755, 43.7141667976488], [-79.2712398987022, 43.7143673056822], [-79.2712611036559, 43.7144139022747], [-79.2714491308185, 43.7148267883997], [-79.2718238987072, 43.7156106465488], [-79.2723275633244, 43.7167728215619], [-79.2726689407585, 43.7175746125015], [-79.2731142195707, 43.7185926476007], [-79.2737538598185, 43.7200971517881], [-79.2741421612847, 43.7209822923679], [-79.2745098154876, 43.7218359136001], [-79.2748483341704, 43.7226045132465], [-79.2745676049968, 43.7232254958132], [-79.274538135637, 43.7232762137973], [-79.2745077854226, 43.7233268221319], [-79.2744766799199, 43.7233771849549], [-79.2744448427052, 43.7234272594036], [-79.2744122735703, 43.7234770526773], [-79.2743789490913, 43.7235266022374], [-79.2743448679212, 43.7235758252284], [-79.2743100797767, 43.7236248493533], [-79.2742745233575, 43.7236736475749], [-79.2742382244107, 43.7237221014318], [-79.2742011677081, 43.723770265616], [-79.2741635052675, 43.7238180775958], [-79.2741249747261, 43.7238656810696], [-79.2740858243537, 43.7239128609951], [-79.2740459302607, 43.7239598676057], [-79.2740054294433, 43.7240065129904], [-79.2739641597976, 43.7240527784933], [-79.2739221710661, 43.7240987909176], [-79.2738795396193, 43.7241444415704], [-79.2738361889809, 43.7241897130887], [-79.2737921814322, 43.7242346415274], [-79.273747454613, 43.7242792799662], [-79.2737021343015, 43.7243234853439], [-79.2736560209312, 43.7243674194134], [-79.273609325469, 43.7244109557073], [-79.2716038859402, 43.7266362137986], [-79.2715966810545, 43.7266442009951], [-79.2711429579064, 43.7271476150173], [-79.2697944834763, 43.7286437573323], [-79.2697235408732, 43.7287224653619], [-79.2695828959692, 43.728867533415], [-79.2682060112821, 43.7302876649486], [-79.2677948942515, 43.7307403572312], [-79.2677668729629, 43.7307640723952], [-79.2677380951161, 43.7307874987674], [-79.2677087233098, 43.7308105091585], [-79.2676787216382, 43.7308330138863], [-79.2676482360947, 43.7308552033423], [-79.2676171189259, 43.730876905115], [-79.2675853705382, 43.73089819124], [-79.2675531396585, 43.7309190711749], [-79.2675202905206, 43.7309394735318], [-79.2674869465927, 43.7309593794737], [-79.2674601611556, 43.7309747623229], [-79.267561614488, 43.7312282902262], [-79.2676272698285, 43.7313947033799], [-79.2679349232514, 43.7322101555338], [-79.2668414191029, 43.7324869772417], [-79.2660639687403, 43.7326834157125], [-79.2648461679515, 43.7329779845368], [-79.264665371922, 43.733020593542], [-79.2632935640629, 43.7333439021337], [-79.2631286481283, 43.733384894385], [-79.2629738547959, 43.7334214069509], [-79.262377917919, 43.7335580682157], [-79.261786125715, 43.7337008651378], [-79.2609458066883, 43.7339061479929], [-79.2601910067168, 43.7340755989585], [-79.2591744427446, 43.7343165041433], [-79.2581075071129, 43.734539290288], [-79.2574303872746, 43.7346818838681], [-79.2568417609778, 43.7348156519277], [-79.255612511547, 43.7350830847405], [-79.2543700800972, 43.7353504676815], [-79.2531937044794, 43.7355909758357], [-79.2520544613788, 43.7358585558858], [-79.2502281118091, 43.7362326578768], [-79.248087789707, 43.7367050613083], [-79.2480600339599, 43.736659994333], [-79.2480084203091, 43.7365698679042], [-79.2479205990909, 43.7364166445201], [-79.2473880385844, 43.7351822836043], [-79.2471485183334, 43.7345606515234], [-79.2468972845701, 43.7339480022791], [-79.2463656899751, 43.732659630347], [-79.2460215400904, 43.7318307444222], [-79.2454946139701, 43.7306124978464], [-79.2455493309654, 43.7305596927825], [-79.2456324699277, 43.7304784166474], [-79.245714976621, 43.7303968867418], [-79.2457967528582, 43.7303148512558], [-79.2458779095489, 43.7302325090756], [-79.2459583225127, 43.7301499033148], [-79.2460381044814, 43.7300668727378], [-79.2461171677391, 43.7299834448113], [-79.2461955987818, 43.7298997190054], [-79.2462731612275, 43.7298157115016], [-79.2463502426438, 43.7297312886916], [-79.2464264172033, 43.7296465763966], [-79.2465020108258, 43.7295615111913], [-79.2465768355516, 43.7294760667829], [-79.2466510531364, 43.7293903591022], [-79.246724527628, 43.7293042816209], [-79.2467971094306, 43.72921794009], [-79.2468691081772, 43.7291313185532], [-79.2469509568108, 43.7290254927312], [-79.2470330800846, 43.7289191803574], [-79.2471144854627, 43.7288125255716], [-79.2471950838082, 43.7287055621228], [-79.2472749884687, 43.7285983628807], [-79.2473541367232, 43.7284908647591], [-79.2474325158038, 43.7283831224864], [-79.2475101880326, 43.7282750001631], [-79.2475869809959, 43.7281667049339], [-79.2476631410773, 43.7280580478986], [-79.2477384217797, 43.727949136925], [-79.2478131191759, 43.7278399099271], [-79.2478869354335, 43.7277304469746], [-79.2479599962871, 43.7276206941736], [-79.2480323382097, 43.7275106781958], [-79.248103761676, 43.7274004716149], [-79.2481730292109, 43.7272894224974], [-79.2482461382492, 43.7271797683837], [-79.2488576505982, 43.7262667144768], [-79.2504263209998, 43.7239244718426], [-79.2513516683014, 43.722542727337], [-79.252315097452, 43.7210741768405], [-79.2526261068422, 43.7206008362682], [-79.2532311224353, 43.7196868066836], [-79.253382419192, 43.7194545227889], [-79.2540178949504, 43.718491264454], [-79.2542305653281, 43.7181688737783], [-79.2542785655922, 43.7180968774047], [-79.2543360462404, 43.7180858390615], [-79.2544764859378, 43.7180548253909], [-79.2547801710323, 43.7179877786998], [-79.2557848239861, 43.717773899577], [-79.2593746390797, 43.7169803749916], [-79.2599235229316, 43.7168555113286], [-79.2613372559877, 43.7165344086089], [-79.2626733561554, 43.7162401313875], [-79.2636927524361, 43.7160082010817], [-79.2647182774367, 43.7157942686252], [-79.2657191349481, 43.7155262783893], [-79.266740114288, 43.7152673299321], [-79.2689419264311, 43.7147227252844]]]]}"
36,Cliffcrest,123,17571,81,99,110,119,138,136,110,98,134,499.3219,610.5834,677.799,720.4698,818.0201,793.0029,635.581,564.1262,762.6202,19,13,11,18,23,19,19,31,41,117.1249,80.17763,67.7799,108.9786,136.3367,110.7872,109.7822,178.4481,178.4481,6,2,7,9,1,4,5,2,3,36.98681,12.33502,43.13266,54.48932,5.927682,23.32362,28.89005,11.51278,11.51278,42,58,59,36,53,46,36,31,21,258.9077,357.7155,363.5467,217.9573,314.1672,268.2216,208.0083,178.4481,119.5151,,1,,,1,1,,1,,,6,,,5.927682,5.830904,,5.75639,,29,22,25,34,15,29,23,13,14,178.7696,154.0452,205.8485,88.91524,169.0962,132.8942,74.83306,79.67674,135.6852,,2,,,2,1,1,,4,,12.33502,,,11.85536,5.830904,5.778009,,22.76478,39,56,63,71,65,107,88,73,39,240.4142,345.3805,388.194,429.8601,385.2993,623.9067,508.4648,420.2164,221.9566,4,5,3,7,3,3,9,3,5,24.65787,30.83755,18.48543,42.38058,17.78305,17.49271,52.00208,17.26917,28.45598,"{'type': 'MultiPolygon', 'coordinates': [[[[-79.2177652242416, 43.7278614780087], [-79.2176397454834, 43.7278536251572], [-79.2174977730957, 43.7278532742985], [-79.2173531580329, 43.7278394241427], [-79.2172155616613, 43.727816580528], [-79.2170713098449, 43.7278072312509], [-79.2169321194052, 43.7277933850712], [-79.2168150858217, 43.7277660907641], [-79.2166883626456, 43.7277432829417], [-79.2165434577368, 43.727706918784], [-79.2163884004991, 43.7276885412117], [-79.2162472613717, 43.7276746889902], [-79.2161111861354, 43.727660858027], [-79.2159666146918, 43.7276379958525], [-79.2158104428391, 43.7276061124884], [-79.2156600077271, 43.72759223594], [-79.215502134919, 43.7275918431895], [-79.2153637066124, 43.7275825061707], [-79.2152163824364, 43.7275641370388], [-79.2150748807193, 43.7275457911409], [-79.2149404104228, 43.7275184521307], [-79.2147943084154, 43.7274910924037], [-79.2146645271375, 43.7274592641309], [-79.2145351169301, 43.7274274460108], [-79.2144084687606, 43.7273866239462], [-79.2142977413178, 43.7273413415894], [-79.2142138516366, 43.7272826236024], [-79.2141455855849, 43.7272014504033], [-79.2140967486095, 43.7271113159794], [-79.2140649893267, 43.7270167241908], [-79.2140371051727, 43.7269266417091], [-79.2140134353407, 43.7268455712082], [-79.2140072291987, 43.7268220356636], [-79.2139725613338, 43.7267727214213], [-79.213995004073, 43.7267305700453], [-79.2138610430863, 43.7262498749737], [-79.2139098516538, 43.7261943519142], [-79.2139507440717, 43.7261535702786], [-79.2139774440197, 43.7261377322562], [-79.2139978482733, 43.7261275663232], [-79.2140166612583, 43.7261230676813], [-79.2140526487931, 43.7261299724015], [-79.2140714033479, 43.7261379673317], [-79.2140744982196, 43.7261447883189], [-79.2140775949198, 43.7261538872817], [-79.2140791267508, 43.7261607054481], [-79.2140790964473, 43.7261697879505], [-79.2140727737675, 43.7261811310863], [-79.2140381580493, 43.7262173829462], [-79.2139861713492, 43.7262808373028], [-79.214015459083, 43.7263785742164], [-79.2141439382144, 43.726365267823], [-79.2142034911198, 43.726355200488], [-79.2142505084912, 43.7263473700277], [-79.2142897154979, 43.726334974143], [-79.2143383451992, 43.7263169216836], [-79.2143854103174, 43.7262988753667], [-79.2144120926857, 43.7262841705395], [-79.2144466507397, 43.7262626811028], [-79.2144940221744, 43.7262326096263], [-79.214609206473, 43.726130661098], [-79.2146758811669, 43.7260556761569], [-79.2147384648416, 43.7259716613308], [-79.2148053231026, 43.7258575939284], [-79.2148931547772, 43.7256894805324], [-79.2149559668694, 43.7255543665989], [-79.2149937757239, 43.7254492451767], [-79.2150234365395, 43.7253140581066], [-79.2150321694897, 43.7252208896212], [-79.2150239641921, 43.7252028304867], [-79.2150034068893, 43.7251667113651], [-79.2149868815855, 43.7251546448035], [-79.2149537890795, 43.7251395300697], [-79.2149330730284, 43.7251394783572], [-79.2149164626042, 43.7251454503587], [-79.2148415420485, 43.7252113956233], [-79.2148125080828, 43.7252143382383], [-79.2147917808382, 43.7252142863253], [-79.2147710955399, 43.7252052160129], [-79.2147587143294, 43.725196165591], [-79.2147463488258, 43.7251811117162], [-79.2147422888062, 43.7251630633036], [-79.2147423888115, 43.7251420186128], [-79.2152502936015, 43.7246713227626], [-79.2152793270457, 43.7246683881308], [-79.2153000395639, 43.7246714379723], [-79.2153248858555, 43.7246745055545], [-79.2153496595255, 43.7246956128019], [-79.2153495597387, 43.7247166574985], [-79.2153453434062, 43.7247316693181], [-79.2151315558591, 43.7249423329071], [-79.2152003907574, 43.7249716240459], [-79.2152540597842, 43.7249873473197], [-79.2153471976947, 43.7249927735778], [-79.2154475341167, 43.7249904213012], [-79.2155515077738, 43.7249750811119], [-79.2156520280162, 43.7249337543131], [-79.2157418866195, 43.7248742102361], [-79.2158425915581, 43.7247939080382], [-79.2159757870825, 43.724659112747], [-79.2160911581425, 43.7245086912388], [-79.2161705731153, 43.7243815574201], [-79.2162465239944, 43.7242310380589], [-79.2163044176809, 43.7241116454406], [-79.216344290525, 43.7240130006431], [-79.216351831738, 43.7239324672972], [-79.2163702076691, 43.7238363708272], [-79.2163453695858, 43.723784344826], [-79.2162379217517, 43.7236422901298], [-79.2161770944186, 43.7237101616039], [-79.2161145988665, 43.7237791450747], [-79.2160813777852, 43.7237910885189], [-79.2160482144747, 43.7237910056503], [-79.2160233682378, 43.7237879472301], [-79.2159902614572, 43.7237758389224], [-79.2159737228184, 43.7237667786442], [-79.21596551742, 43.7237487195716], [-79.2159656019377, 43.7237306908878], [-79.2159740064713, 43.7237066596518], [-79.216007327042, 43.7236736724334], [-79.2161113755035, 43.7235837476543], [-79.2162612392981, 43.7234458331118], [-79.2163194615874, 43.7234038967368], [-79.2163204676653, 43.7234037557763], [-79.2164958615264, 43.7232313850306], [-79.2165304384832, 43.7232266188054], [-79.2165594025877, 43.7232275012535], [-79.2165782971051, 43.7232396720968], [-79.2165949545129, 43.7232502089558], [-79.2166093590439, 43.7232696423687], [-79.2166093021883, 43.7232817668285], [-79.2166058935191, 43.7232938830937], [-79.2164309376689, 43.7234601166866], [-79.2164764238075, 43.7234712917222], [-79.216566606883, 43.7234896974849], [-79.2166668690086, 43.7234972101797], [-79.2168175827274, 43.7234393911009], [-79.216877963869, 43.7233922569531], [-79.2169888027498, 43.7232834187153], [-79.2170846323625, 43.7231672692303], [-79.2171302014173, 43.7230764607448], [-79.2171708451463, 43.7229638115322], [-79.2172213465439, 43.7228875615925], [-79.2173022524008, 43.7227459199583], [-79.2173478751095, 43.7226405558552], [-79.2174189281849, 43.7224588882169], [-79.2174494408149, 43.7223680337863], [-79.2174548315493, 43.7222880349332], [-79.2174501411567, 43.7222189291159], [-79.2174253447061, 43.7221606751914], [-79.2173603537812, 43.7221168763856], [-79.2172697402163, 43.7221930282129], [-79.2171942086421, 43.7222583163582], [-79.2171390696928, 43.7222545433432], [-79.2171040099776, 43.7222435465608], [-79.2170840390798, 43.722225314791], [-79.2170841243278, 43.7222071240454], [-79.2170892577884, 43.7221816812149], [-79.2171194968086, 43.722149027339], [-79.2172000777524, 43.72207648717], [-79.2175072913914, 43.7217971918291], [-79.2176099332517, 43.7217099259245], [-79.217650756766, 43.7216934645828], [-79.2176802349339, 43.7216983803409], [-79.2177128011879, 43.7217198562361], [-79.2177186925489, 43.7217364150861], [-79.2177231153434, 43.7217540593914], [-79.2176973543581, 43.7217926744313], [-79.2180508911849, 43.7219403844997], [-79.2180897321416, 43.7218966620429], [-79.2181486798114, 43.7218343929594], [-79.2181726530952, 43.721817124844], [-79.2182090069806, 43.7218168363705], [-79.2182437464342, 43.7218245639611], [-79.218267176639, 43.7218462600905], [-79.218276516622, 43.7218766088065], [-79.2182369669667, 43.7219205813852], [-79.2181886729689, 43.7219952266271], [-79.218444445388, 43.722101108361], [-79.2186237760094, 43.7221781239188], [-79.2187688409404, 43.7222548472532], [-79.2188629952726, 43.7222198119281], [-79.2189777619098, 43.7221856101154], [-79.2190509678842, 43.7221475803083], [-79.2191349751354, 43.7221034999044], [-79.2191961799571, 43.7220706518986], [-79.2192406214322, 43.7220395090355], [-79.2193162789216, 43.7219867313034], [-79.2193996754407, 43.7219272132593], [-79.219450661816, 43.7218976606215], [-79.2195214455816, 43.7218466624801], [-79.2196072363556, 43.7217607042598], [-79.2197042217322, 43.7216639988385], [-79.2197713072182, 43.7216076172009], [-79.2198383416087, 43.7215646926338], [-79.2199202443722, 43.7215164218282], [-79.2200580740465, 43.7214198067516], [-79.2201549955446, 43.7213365758599], [-79.2201848582598, 43.7213016337527], [-79.2201998142939, 43.7212801217465], [-79.2202295140928, 43.72128019448], [-79.2202629243473, 43.721280276377], [-79.2202927112597, 43.7212642004217], [-79.2203150769838, 43.7212427065657], [-79.2203486877281, 43.7212023908265], [-79.220408249715, 43.7211675312503], [-79.2204640873096, 43.7211353534826], [-79.2205162526216, 43.7210950826501], [-79.2205312210756, 43.7210681973539], [-79.2205499379497, 43.7210359285614], [-79.2205760276113, 43.7210144431247], [-79.2206356006943, 43.7209768914794], [-79.2206840805705, 43.7209312293563], [-79.2207400303003, 43.720877511721], [-79.2207884339422, 43.7208480073998], [-79.2208071889995, 43.7208049634674], [-79.220840760988, 43.7207727314455], [-79.2209115419794, 43.72072174139], [-79.2209377554084, 43.7206733329747], [-79.220967604427, 43.7206410915704], [-79.2211292930296, 43.7205264951929], [-79.2211832934214, 43.7204703690979], [-79.2212695308458, 43.7203806214747], [-79.2213476460659, 43.720348488425], [-79.2214183514945, 43.7203136550098], [-79.2214630931273, 43.7202733753311], [-79.2215115960289, 43.7202223208604], [-79.2215824503871, 43.720155173389], [-79.2216531557195, 43.7201203308215], [-79.2216905258254, 43.7200665675548], [-79.2217353668147, 43.720004747833], [-79.2217690506015, 43.7199455834436], [-79.2218288970902, 43.7198514774414], [-79.2218775858121, 43.7197600438658], [-79.2219409430811, 43.7197036524356], [-79.2220266529442, 43.7196365314553], [-79.2221161475548, 43.7195505713166], [-79.2222391377457, 43.7194485437166], [-79.2223284449302, 43.7194056715616], [-79.2224030205501, 43.7193358326154], [-79.2224888414917, 43.7192417890824], [-79.2225816771632, 43.7191442693019], [-79.2228026815079, 43.7189273263836], [-79.222956210213, 43.7187798709125], [-79.2232020643706, 43.7184996093824], [-79.2233969257649, 43.7182266146565], [-79.223550655211, 43.7180348278877], [-79.2236637990761, 43.7178059834907], [-79.2238691621959, 43.717466511664], [-79.2240951710233, 43.7170679508178], [-79.2241881920801, 43.7167799373467], [-79.2244038727021, 43.7164109286362], [-79.2245684056085, 43.7160861372944], [-79.2247539887927, 43.7156135860826], [-79.2249491718156, 43.7152666978869], [-79.2251038305578, 43.7149856096414], [-79.2252326970981, 43.7147868831593], [-79.2253470949769, 43.7145792476891], [-79.2254196117217, 43.7143931676699], [-79.2255101332051, 43.7141854736493], [-79.2255347527271, 43.7140252657528], [-79.225589079413, 43.7138954539697], [-79.2256432856123, 43.7137916287496], [-79.2256737957072, 43.7136487526877], [-79.2257282914219, 43.7134842951704], [-79.2257888220301, 43.7133025072403], [-79.2258611648985, 43.7131510724849], [-79.2259274725, 43.7130169599609], [-79.2259698199758, 43.7128957784758], [-79.2259701347471, 43.7128264696801], [-79.2259703797683, 43.7127701675399], [-79.2260116866125, 43.7127002724313], [-79.2259828264152, 43.7126882950586], [-79.2258249983648, 43.712602404074], [-79.2258221508339, 43.7126011011357], [-79.2256716606606, 43.7125607118498], [-79.2255928894818, 43.7125817657999], [-79.2255562395294, 43.7125936218736], [-79.2255214813042, 43.712590883397], [-79.2254776017467, 43.7125854669003], [-79.2254337644095, 43.7125681066478], [-79.2254027024925, 43.7125574283939], [-79.2253698598727, 43.7125374386943], [-79.2253278709407, 43.7125174266866], [-79.2252767721305, 43.7124867810889], [-79.2252512753403, 43.712461497783], [-79.2252112443733, 43.7124122908206], [-79.2252096191286, 43.712365840363], [-79.2252134074323, 43.7123379641197], [-79.2252245169998, 43.7123101223544], [-79.2252429175483, 43.7122889332629], [-79.225265002493, 43.7122597862398], [-79.2253053787828, 43.7122306828949], [-79.2253512101612, 43.7122108823114], [-79.2254043257721, 43.7121990560221], [-79.2254629214193, 43.7121912305483], [-79.2255361592003, 43.7121807944349], [-79.2255946684411, 43.7121888916118], [-79.2256414214943, 43.7121112326188], [-79.2257199988134, 43.7119855572648], [-79.2257861886665, 43.7118416864872], [-79.2257867920067, 43.711706660069], [-79.2256786844709, 43.7116028859544], [-79.2255395353186, 43.7115035475566], [-79.2254120129351, 43.7114042274847], [-79.2252628911093, 43.7112823523083], [-79.2251066602387, 43.7111874633505], [-79.2250991244753, 43.7111771657404], [-79.2250736283468, 43.7111572207343], [-79.2250556784953, 43.7111397330189], [-79.2250449535354, 43.7111187704257], [-79.2250306293227, 43.7110951885506], [-79.2250223316405, 43.7110698743223], [-79.2250223915361, 43.7110567873768], [-79.2250236747799, 43.7110393454038], [-79.2250321288661, 43.7110306440284], [-79.2250345951287, 43.7110175710518], [-79.2250346678186, 43.7110018642086], [-79.2250347549721, 43.7109826821358], [-79.2250348151566, 43.7109695852904], [-79.2250372976249, 43.710953020004], [-79.2250458147854, 43.7109303664689], [-79.2250555152538, 43.7109120720298], [-79.2250748406574, 43.7108894360145], [-79.2251001965946, 43.7108668225367], [-79.2251351976041, 43.7108407402506], [-79.2251653430341, 43.7108207483162], [-79.2252052038282, 43.7108065958514], [-79.2252236103442, 43.7107893937182], [-79.2252572703702, 43.7107822461985], [-79.2252996265584, 43.7107814481293], [-79.2253407366726, 43.7107788371416], [-79.2254179855542, 43.7107726951647], [-79.2254840181103, 43.7107665257153], [-79.2255276309198, 43.7107594021209], [-79.2255675577847, 43.7107441421916], [-79.2255925486332, 43.7107252270843], [-79.2256363229722, 43.7106855834469], [-79.2256851501767, 43.7106314762657], [-79.2257254035704, 43.7105421365469], [-79.2257603617001, 43.7104625142947], [-79.2262415699919, 43.7094942591226], [-79.2264770076753, 43.7089195968459], [-79.2264944742299, 43.7088771252364], [-79.2265082967605, 43.7088333851599], [-79.2264968201036, 43.7087895936728], [-79.2264912259075, 43.708734510916], [-79.2264777814652, 43.708694944968], [-79.2264643620142, 43.708649734942], [-79.226443188696, 43.7085960283592], [-79.2264180751548, 43.7085550117562], [-79.2263929224621, 43.7085196579117], [-79.2263696723775, 43.7084970181058], [-79.226340533928, 43.7084842297617], [-79.2263230641849, 43.7084757264507], [-79.2263056142086, 43.7084601572843], [-79.2262706494681, 43.7084431241459], [-79.2262375882459, 43.7084388149616], [-79.2262103521318, 43.7084387496302], [-79.226183247792, 43.7084396029219], [-79.2261277700251, 43.7084067864334], [-79.2260753874526, 43.708369944662], [-79.226042403097, 43.7083486852143], [-79.2260386100065, 43.7083260925904], [-79.2260308755748, 43.7083133636362], [-79.2260172633374, 43.7083105052034], [-79.2260017355601, 43.7083034104688], [-79.2259842664062, 43.7082920718274], [-79.2259785067466, 43.7082737047532], [-79.225974686253, 43.7082595725455], [-79.2259708166814, 43.7082539193276], [-79.2259475017036, 43.7082453936401], [-79.2259222659408, 43.7082283925892], [-79.2259087191571, 43.7082114109435], [-79.2258932691915, 43.7081873768062], [-79.2258758447035, 43.7081661545012], [-79.2258740185739, 43.7081393264231], [-79.2258722831492, 43.7080927229688], [-79.2258493186054, 43.7080511624616], [-79.2258405335928, 43.7080128770838], [-79.2258387270674, 43.7079818094327], [-79.225846635649, 43.7079564092306], [-79.2258623050562, 43.7079324494754], [-79.2258663624122, 43.7078943382777], [-79.2258744255972, 43.7078350484754], [-79.2258823145209, 43.7078110705609], [-79.2259057896137, 43.7077842940574], [-79.2259254120226, 43.7077504509991], [-79.2259334109324, 43.7077024662299], [-79.2259335206584, 43.707678469279], [-79.2259378284025, 43.7075881157751], [-79.225961652295, 43.7074736587351], [-79.2259860113374, 43.7074514122291], [-79.2260002804762, 43.7074379714303], [-79.2260101742375, 43.7074260950875], [-79.2260157076035, 43.707412624911], [-79.2260179896828, 43.7073912250579], [-79.2260268454121, 43.7073674557219], [-79.2260378561233, 43.7073500287836], [-79.2260401123806, 43.7073341739526], [-79.2260434417447, 43.7073222911382], [-79.2260697366173, 43.7073112465474], [-79.2260927604099, 43.7072962246253], [-79.226124523808, 43.7072828257927], [-79.2261529946954, 43.7072733708143], [-79.226173751179, 43.7072710441138], [-79.2262087422956, 43.707271128091], [-79.2262327860377, 43.7072719776171], [-79.2262480670842, 43.7072759837986], [-79.2262611376596, 43.7072886983296], [-79.2262741803119, 43.707304589857], [-79.2262904994414, 43.707320489023], [-79.2262959100209, 43.7073339859274], [-79.2263088299834, 43.7073768445469], [-79.2263283225804, 43.7074181259808], [-79.226345597816, 43.7074665408973], [-79.226370175803, 43.707554523692], [-79.2263852750086, 43.7076528991729], [-79.2264183050462, 43.7078059996685], [-79.2264351693747, 43.7079365667102], [-79.2265183929546, 43.7080537828523], [-79.2266848988833, 43.70810367906], [-79.2268685885626, 43.7081266214664], [-79.2270550769298, 43.7081315580396], [-79.2272407968086, 43.7081365021943], [-79.2274389859478, 43.7081279645442], [-79.2275192453261, 43.7081166258411], [-79.2277169087331, 43.7081063400248], [-79.2277974385723, 43.7081039307599], [-79.2278690216102, 43.7081041009267], [-79.2279154929117, 43.708114589805], [-79.2279476817462, 43.7081198600834], [-79.2279780428888, 43.708134208425], [-79.2280065742804, 43.708155051617], [-79.2280297575023, 43.7081732800073], [-79.2280529242068, 43.7081953968658], [-79.2280653380005, 43.7082187938842], [-79.2280741500056, 43.7082486726885], [-79.2280740317231, 43.7082746314298], [-79.2280721222408, 43.7083019012563], [-79.2280684021524, 43.7083343417841], [-79.2280628883663, 43.7083654822643], [-79.2280538241566, 43.7083914202322], [-79.228037635807, 43.7084095549035], [-79.228012495588, 43.7084289652473], [-79.2279569071412, 43.708456097742], [-79.2278673243751, 43.7084818530603], [-79.2276902324024, 43.7085390572176], [-79.2276410377398, 43.7085515144366], [-79.2274879760787, 43.7086096492302], [-79.2273298190898, 43.7086858005524], [-79.2272053189947, 43.7087800257707], [-79.2271075093275, 43.7088878077627], [-79.227054128166, 43.7090272087627], [-79.2270085050987, 43.709171129351], [-79.2269547303717, 43.7093150206738], [-79.2268947309236, 43.7094634073016], [-79.2268200312885, 43.7096027483914], [-79.2267499668262, 43.7097511111054], [-79.2267035369502, 43.7098950289372], [-79.2266481401319, 43.7100569195695], [-79.2266222985156, 43.7101375272366], [-79.2266288227811, 43.7101572107857], [-79.2266303506898, 43.7101759821452], [-79.2266286638324, 43.7101923959477], [-79.2266204931878, 43.7102099741556], [-79.226613958173, 43.7102252061541], [-79.2265943433952, 43.7102708947933], [-79.2265713467942, 43.7103506093072], [-79.2265680727877, 43.7103611595322], [-79.2265599456616, 43.7103693492808], [-79.2265599023664, 43.7103787287349], [-79.2265598650437, 43.7103869377918], [-79.2265582142151, 43.7103951434162], [-79.226546716506, 43.7104350002283], [-79.226525420875, 43.7104982822413], [-79.2265024507375, 43.7105721275923], [-79.2264811473338, 43.710634238985], [-79.2264778611267, 43.7106447809142], [-79.2264680938079, 43.710658835464], [-79.226455120166, 43.7106681834994], [-79.2264275394309, 43.710689234809], [-79.2264161745551, 43.7106997566904], [-79.2264241613354, 43.7107197231582], [-79.2264272454253, 43.7107537368409], [-79.2264249794085, 43.7107963885334], [-79.2264139784115, 43.7108170020829], [-79.2263702479559, 43.7109699185987], [-79.2263296074696, 43.7111228524432], [-79.2263163064666, 43.71120152709], [-79.2263343624574, 43.7112095812075], [-79.2263420844244, 43.7112251452288], [-79.2263341889034, 43.7112477373794], [-79.2263360662278, 43.7112632872129], [-79.2263417625851, 43.7112958044992], [-79.2263475231157, 43.7113170158504], [-79.2263572006636, 43.7113311714226], [-79.2263686132401, 43.7113919574225], [-79.2263802005512, 43.7114117699896], [-79.2263839804894, 43.7114372165815], [-79.2263838391601, 43.7114683061958], [-79.2264012378064, 43.7114980158637], [-79.2264050120576, 43.7115248759578], [-79.2264164831114, 43.7115729522413], [-79.226456618347, 43.7117440362917], [-79.2264371356021, 43.7117439896083], [-79.2264370138481, 43.7117708396514], [-79.226436813911, 43.7118174661541], [-79.2264366404077, 43.7118556223234], [-79.2264170680318, 43.7118753600219], [-79.2264013667191, 43.7119007509406], [-79.226399322776, 43.7119219437941], [-79.2263933493202, 43.7119501940335], [-79.2264048835641, 43.7119841380841], [-79.2264165026923, 43.71199972027], [-79.2264241480876, 43.7120322326852], [-79.2264239745713, 43.712070388853], [-79.2264277293317, 43.7121014876144], [-79.2264468291279, 43.71212819571], [-79.2264790909571, 43.712158832044], [-79.2264906713008, 43.7121828843629], [-79.2265022056404, 43.7122168284041], [-79.2265196305431, 43.7122437211801], [-79.2265390172446, 43.7122649558215], [-79.226568144508, 43.7122862236831], [-79.2265913686102, 43.7123173697919], [-79.2266048071954, 43.7123612015985], [-79.2266125615203, 43.7123696999459], [-79.2266717690111, 43.7124102749864], [-79.2267583914895, 43.7124308161746], [-79.2268829452467, 43.712455137723], [-79.2270114011991, 43.7124808648447], [-79.2271340187418, 43.7125080075696], [-79.2272527599296, 43.7125280760922], [-79.2273384258559, 43.7125381729391], [-79.2274532826841, 43.7125553961299], [-79.2275915006351, 43.7125740881231], [-79.2277545568119, 43.7126022094628], [-79.2278586679091, 43.7126138804324], [-79.2281726101363, 43.7126583284556], [-79.2282787297262, 43.7126703813325], [-79.22837416316, 43.7126776738108], [-79.2284540223115, 43.7126792765779], [-79.2285572537609, 43.7126823481828], [-79.2286449635066, 43.7126740684357], [-79.2287874388996, 43.7126650636687], [-79.228827354931, 43.7126635016664], [-79.2290322169022, 43.7126369752429], [-79.2291065044934, 43.7126303824122], [-79.2292227035867, 43.7126115384327], [-79.2292919656722, 43.7125991547132], [-79.2293641369854, 43.7125831145831], [-79.22943849037, 43.7125618500186], [-79.2295070991552, 43.7125374207115], [-79.229551739195, 43.712514662954], [-79.2295950038152, 43.7124940987955], [-79.2296232451904, 43.7124726076739], [-79.2296859849493, 43.7124341855139], [-79.2297550078219, 43.7123867047271], [-79.2298099597214, 43.7123391733886], [-79.2298382533434, 43.7123086090266], [-79.2299403120766, 43.7122192330482], [-79.2299921401914, 43.7121705781819], [-79.230043984531, 43.7121185021116], [-79.2300754235792, 43.712081139946], [-79.2301210640317, 43.7120177166394], [-79.230154071691, 43.7119792244643], [-79.2302279080975, 43.7119067946716], [-79.2303076913338, 43.7118172399257], [-79.2303203218609, 43.7117983673572], [-79.2304232823631, 43.7116680917837], [-79.2305219522775, 43.7115422983767], [-79.2305446392773, 43.7114973634376], [-79.2305757499878, 43.7114141119438], [-79.2305885016886, 43.7113596934443], [-79.2305950329223, 43.7112950430798], [-79.230592054127, 43.7112621368022], [-79.2305751702906, 43.7111917522138], [-79.2305582834647, 43.7111191085304], [-79.2305320746085, 43.7110362254659], [-79.2305072958436, 43.710980584733], [-79.2304422252709, 43.7108442963504], [-79.2303856272815, 43.7107418456476], [-79.2303786124261, 43.7107318283648], [-79.2302948668046, 43.7106371173069], [-79.2302311696898, 43.7105739579728], [-79.2302065428563, 43.7105505332093], [-79.2301657408394, 43.7105122438972], [-79.2301502267376, 43.7104963838698], [-79.23012226851, 43.7104770906409], [-79.2301051857552, 43.7104623605941], [-79.2301005792087, 43.7104465164409], [-79.2301006396542, 43.7104329513981], [-79.2301100464855, 43.7104216677146], [-79.2301178846148, 43.7104115149167], [-79.2301177859218, 43.7104114521624], [-79.2300117761767, 43.7103452765381], [-79.2300036429608, 43.7103517917372], [-79.2299905541252, 43.710359592444], [-79.2299707113838, 43.7103654229503], [-79.2299468213465, 43.7103715779217], [-79.2299198077243, 43.7103715142191], [-79.2298895056825, 43.7103656452612], [-79.2298081899407, 43.710340978491], [-79.2297568996611, 43.7103335571436], [-79.2296895025222, 43.7103290231519], [-79.2296271308396, 43.7103274085698], [-79.2295738170211, 43.7103229081254], [-79.2295737479688, 43.710338236873], [-79.2294972891106, 43.7103344015209], [-79.2293926904156, 43.7103217502833], [-79.2293313099435, 43.7103230627175], [-79.2292788959924, 43.7103419138491], [-79.2292051135448, 43.7104162067634], [-79.2291810658077, 43.7104712910134], [-79.2291543653212, 43.7105146229454], [-79.2291481247244, 43.710558398898], [-79.2291306536107, 43.7106408547696], [-79.2291325458169, 43.7106671336811], [-79.2291410525528, 43.7107069847379], [-79.2291486446679, 43.7107239880627], [-79.2291558192221, 43.7107482995775], [-79.2291557332211, 43.7107673187057], [-79.2291641743024, 43.7108328321839], [-79.2291811737965, 43.7109406168267], [-79.2292009571477, 43.7110748373515], [-79.2292149641752, 43.7111995198025], [-79.2292318329689, 43.7113390163775], [-79.2292336323251, 43.7114187717235], [-79.2292346144717, 43.7115286347078], [-79.2292325323896, 43.7116659612162], [-79.2292058318689, 43.7116953688249], [-79.2291878984405, 43.7117261647145], [-79.2291738410985, 43.7117449619238], [-79.229129169156, 43.7117612741461], [-79.2290731746393, 43.711781412149], [-79.2290638558695, 43.7117813901781], [-79.2290565389431, 43.7117804097172], [-79.2289993528626, 43.711767717689], [-79.2289474935149, 43.7117540835628], [-79.2289175931602, 43.7117391510786], [-79.2288805100426, 43.7117235724328], [-79.2288123829678, 43.7117320523583], [-79.2287340134235, 43.7117442243871], [-79.228691451538, 43.7117465898971], [-79.2285875856849, 43.711754993786], [-79.2284138692131, 43.7117743391888], [-79.228255498419, 43.7117863122806], [-79.2282112355378, 43.7117862067147], [-79.228146574628, 43.7117798783696], [-79.2280989346447, 43.7117748322497], [-79.2279288179255, 43.7117497370184], [-79.2276753744624, 43.7117027323265], [-79.2276330580777, 43.7116975272811], [-79.2274850544849, 43.7116701713846], [-79.2274598802633, 43.7116636934365], [-79.2273641828809, 43.7116469295404], [-79.2273280005379, 43.7116351684561], [-79.2272797847119, 43.7116175375002], [-79.2272325860736, 43.7115969825747], [-79.2272037212249, 43.7115261099965], [-79.2271898126524, 43.7114873896042], [-79.2271828903903, 43.7114596397438], [-79.2271799510263, 43.7114428453335], [-79.2271871695062, 43.7114027077843], [-79.2271983963916, 43.7113676925393], [-79.2272055414002, 43.7113465481959], [-79.2272247798984, 43.7113181228474], [-79.2272490960363, 43.7112809516772], [-79.2272855129661, 43.7112379762216], [-79.2273087752965, 43.7112117480756], [-79.2273847724083, 43.7112108588565], [-79.227598432773, 43.7112107831892], [-79.2276241071156, 43.7112024369578], [-79.2276622128925, 43.7111893224604], [-79.2277359149908, 43.7111691014369], [-79.2278129256829, 43.711147087707], [-79.2278791984832, 43.7111262453581], [-79.2279081794553, 43.711116719528], [-79.2279289024535, 43.7111083702726], [-79.2279496116354, 43.7111006159482], [-79.2280415473331, 43.7110738301223], [-79.2280417264951, 43.7110342253257], [-79.2280486548169, 43.7109976784235], [-79.2280453171848, 43.7109700463252], [-79.2281297202375, 43.7109624422953], [-79.228153715273, 43.710960699379], [-79.2281768675014, 43.7109613572995], [-79.2282157475102, 43.7109608382878], [-79.2282307327285, 43.7109398739682], [-79.2282275389523, 43.7109134650163], [-79.2281754042075, 43.7109199478898], [-79.2281356995343, 43.7109216633066], [-79.2280865800825, 43.7109226177618], [-79.22804320642, 43.710923738728], [-79.2280387893842, 43.7109041770754], [-79.2280374339503, 43.7108748208799], [-79.2280345385726, 43.7108509249995], [-79.2280346835633, 43.7108161438907], [-79.2280364356251, 43.7107607366597], [-79.2280314081758, 43.7107145477004], [-79.2280272572921, 43.7106362991095], [-79.2280307073151, 43.7105374282045], [-79.228036994911, 43.7104722474833], [-79.2280582075663, 43.7104190553231], [-79.2280869873189, 43.7103441526614], [-79.2281233079596, 43.7102616524931], [-79.2281640917622, 43.7101856880241], [-79.2282048593658, 43.7101162510211], [-79.2282470677092, 43.7100544040097], [-79.2282944891656, 43.7099924712401], [-79.2283035807362, 43.7099768574061], [-79.2282452877869, 43.7099484641718], [-79.2282095021643, 43.709912527192], [-79.2281318931034, 43.7098504042968], [-79.2280288504627, 43.7097817049637], [-79.2279825114633, 43.709760954787], [-79.2279316958088, 43.7097309675297], [-79.2278727381014, 43.7096906094906], [-79.2278294483179, 43.7096568240626], [-79.2278145695818, 43.7096350589943], [-79.2278027274015, 43.7096056959171], [-79.2277983587052, 43.7095785196125], [-79.2277985063445, 43.7095459264543], [-79.2278031461535, 43.7095133264331], [-79.2278288193179, 43.7094666708932], [-79.227855984902, 43.7094221876924], [-79.227902693301, 43.7093614505259], [-79.2279342883816, 43.7093278432241], [-79.2279688653872, 43.7093018399206], [-79.2280033801122, 43.7092867094942], [-79.2280483934766, 43.7092716050013], [-79.2280813549693, 43.7092651661152], [-79.2281128100479, 43.7092652414984], [-79.2281367619173, 43.7092674676772], [-79.2281637052492, 43.7092718795321], [-79.2282099353429, 43.7092838888882], [-79.2282721553989, 43.7093052705704], [-79.228364839687, 43.709345699321], [-79.2284485647057, 43.7093806615671], [-79.2285277998551, 43.7094123542069], [-79.2285935959385, 43.7094385865598], [-79.2286877654717, 43.709480099617], [-79.2287852118249, 43.7095156335636], [-79.2288202866363, 43.7095386245316], [-79.2288644896246, 43.7095627455872], [-79.2289092180514, 43.7095887925727], [-79.2289497149071, 43.7096090340521], [-79.2290381214461, 43.70965726525], [-79.2290493959245, 43.7096473458569], [-79.2290893355387, 43.7096151614022], [-79.2291451709517, 43.7096518572148], [-79.2291608996068, 43.7096393012052], [-79.229173195546, 43.7096450191706], [-79.2292057828648, 43.7096227554381], [-79.2292141540644, 43.7096292742393], [-79.2292422514708, 43.7096061809994], [-79.229291706562, 43.7095689244432], [-79.2293468296421, 43.7095158397288], [-79.2293805699171, 43.7094854408973], [-79.2293805786522, 43.7094834160847], [-79.2294161559853, 43.7094527611888], [-79.2294330246006, 43.7094350411348], [-79.2294485588779, 43.7094216213126], [-79.2294946115013, 43.7093820889161], [-79.2295215135413, 43.7093627001441], [-79.2295359668571, 43.7093578738673], [-79.2295618353267, 43.7093392307907], [-79.2295949700188, 43.7093082723816], [-79.2296243910059, 43.7092804743738], [-79.2296325329709, 43.7092662809204], [-79.2296341411135, 43.7092535654997], [-79.2296352439225, 43.7092374829429], [-79.2296332551257, 43.7092217711632], [-79.2296368824589, 43.7092180439768], [-79.2296430880829, 43.7092120724789], [-79.2296405565257, 43.7092012206293], [-79.2296385370684, 43.7091922413945], [-79.2296339247356, 43.7091858753997], [-79.2296293715464, 43.7091664134358], [-79.2296217166618, 43.7091495622305], [-79.2296114891543, 43.7091308425007], [-79.2295976468564, 43.7091128527942], [-79.2295781484047, 43.7090918690356], [-79.2295591297972, 43.7090716616301], [-79.2295240990464, 43.7090444758127], [-79.2295152743364, 43.7090310612217], [-79.2295050303426, 43.7090270668943], [-79.2294627709166, 43.7089957056541], [-79.2294382443659, 43.708975313844], [-79.2294109919656, 43.7089539163884], [-79.2293843986847, 43.7089350051764], [-79.2293510135371, 43.7089086335348], [-79.2293305589999, 43.7088961812981], [-79.2293176039967, 43.7088852408533], [-79.2292957675739, 43.7088762597598], [-79.2292841759866, 43.7088682927752], [-79.2292364079112, 43.7088423825074], [-79.2291961705099, 43.7088224485755], [-79.2291579252537, 43.7088089633902], [-79.2291372389668, 43.708809355909], [-79.229090906205, 43.7088036200648], [-79.2290648150191, 43.7088137294118], [-79.2290316580677, 43.708836172458], [-79.2289974780833, 43.7088651561852], [-79.2288970180649, 43.7089310419058], [-79.2287955512056, 43.7089976439371], [-79.2286953084458, 43.7090512517023], [-79.2286669644152, 43.7090572698372], [-79.2286433502917, 43.7090629201017], [-79.2286154374354, 43.7090695958803], [-79.2285911108457, 43.7090736873413], [-79.2285646320682, 43.7090762174932], [-79.2285503398056, 43.7090756609886], [-79.2285317497885, 43.7090761390171], [-79.2285103092973, 43.7090729740451], [-79.2284996003141, 43.7090703562986], [-79.2284881806091, 43.7090656575658], [-79.2284817584163, 43.7090614927999], [-79.2284739247257, 43.7090542187579], [-79.228466085623, 43.7090479710614], [-79.2284596963143, 43.7090396569661], [-79.2284547149755, 43.7090323812242], [-79.2284504648337, 43.7090230369471], [-79.2284498034821, 43.7090126660549], [-79.2284498629166, 43.7089996952436], [-79.2284520788494, 43.7089841368675], [-79.2284564216021, 43.7089706634234], [-79.2284586165668, 43.7089597767787], [-79.228464418739, 43.7089416349953], [-79.2284744983183, 43.708924539135], [-79.2284838544283, 43.708910555466], [-79.228493198222, 43.7088996860097], [-79.2284982510247, 43.7088908857243], [-79.2285032934158, 43.7088815540547], [-79.2285019181376, 43.7088701375613], [-79.2284976670236, 43.7088607842669], [-79.2284898439371, 43.7088509182045], [-79.2284755993082, 43.7088399837822], [-79.2284590263657, 43.7088250831157], [-79.2284451093794, 43.7088129706735], [-79.2284398465132, 43.708807710112], [-79.2284379173759, 43.7088034655385], [-79."
37,Birchcliffe-Cliffside,122,23192,140,133,198,161,199,209,146,143,158,628.0562,597.1624,887.4149,714.6662,871.2021,904.7619,630.5878,619.7183,681.2694,13,17,15,13,24,26,20,30,46,58.3195,76.32903,67.22839,57.70597,105.0696,112.5541,86.3819,130.0108,130.0108,10,18,22,17,8,5,14,11,6,44.86116,80.81896,98.60165,75.46165,35.0232,21.64502,60.46733,47.67064,47.67064,73,81,76,83,70,57,46,42,31,327.4864,363.6853,340.6239,368.4304,306.453,246.7533,198.6784,182.0152,133.6668,,1,,1,1,,,,1,,4,,4,4.3779,,,,4.311831,16,26,25,15,22,32,21,14,16,71.77785,112.0473,66.58381,96.3138,138.5281,90.70099,60.67172,68.9893,116.7385,,,,,,2,,1,,,,,,,8.658009,,4.333694,,83,108,93,58,98,93,88,68,83,372.3476,484.9138,416.8161,257.4574,429.0342,402.5974,380.0803,294.6912,357.882,3,5,6,5,8,7,5,4,6,13.45835,22.44971,26.89136,22.1946,35.0232,30.30303,21.59547,17.33478,25.87099,"{'type': 'MultiPolygon', 'coordinates': [[[[-79.2467178089839, 43.6989885515321], [-79.2467342483951, 43.6989826379681], [-79.2467916903534, 43.6989827746719], [-79.2468245802529, 43.6989649889824], [-79.2469067994101, 43.698926483339], [-79.2470136574943, 43.6988791123228], [-79.2470999200419, 43.6988525148532], [-79.2471657494461, 43.6988080320957], [-79.2472109970104, 43.6987813447237], [-79.2472808463725, 43.6987517501012], [-79.2473507074413, 43.6987251160613], [-79.2474123925642, 43.6986895445747], [-79.2475027865128, 43.6986570064355], [-79.247584929391, 43.6986304183481], [-79.2476670849402, 43.698606800746], [-79.2478314092956, 43.698550625704], [-79.2479217891459, 43.6985180879159], [-79.247991650647, 43.6984914624926], [-79.2480531861963, 43.6984915982973], [-79.2481435536371, 43.6984650188514], [-79.2481928193675, 43.6984532273341], [-79.2482298159608, 43.6984354510713], [-79.2482627304839, 43.6984117237411], [-79.2482671941535, 43.6984063601804], [-79.2483103756252, 43.698372097322], [-79.2483490957773, 43.6983276890176], [-79.2483650068833, 43.6982934114814], [-79.248354589644, 43.6982717759566], [-79.2483424274222, 43.6982488675575], [-79.248305798428, 43.6982055722777], [-79.2482255249202, 43.6981265804799], [-79.248192363298, 43.6980909159081], [-79.2481906613848, 43.6980794712097], [-79.2481942317659, 43.6980654917354], [-79.2482030378092, 43.6980540703676], [-79.2482205877976, 43.6980464845022], [-79.248241616112, 43.6980465313475], [-79.2482556127908, 43.6980491004039], [-79.2482783542254, 43.6980605912113], [-79.2483045161244, 43.6980911630591], [-79.2483463282828, 43.6981497271873], [-79.2484160999085, 43.6982274270491], [-79.2485006609895, 43.6983375457074], [-79.2485025704198, 43.6983376037863], [-79.2486471897869, 43.6983025383511], [-79.2487129075418, 43.6982904315162], [-79.2487899238035, 43.6982674771534], [-79.2488682848959, 43.6982371170203], [-79.2489216123931, 43.6982121833718], [-79.2489688186846, 43.6981853101235], [-79.2490098353069, 43.6981584230453], [-79.2490732312734, 43.6981109189363], [-79.2491428909911, 43.698049025465], [-79.2492100542789, 43.6979907366358], [-79.2492361707343, 43.697966517704], [-79.2492362152855, 43.6979557345456], [-79.2492189698436, 43.6979323107736], [-79.2491721031144, 43.6978746626358], [-79.2491326306675, 43.6978287237568], [-79.2490931454236, 43.6977890675137], [-79.2490746492787, 43.6977620590542], [-79.2490746789337, 43.6977548582761], [-79.2490796832461, 43.6977449857646], [-79.2490871559616, 43.6977351096573], [-79.2490995832985, 43.6977270444962], [-79.2491132324742, 43.6977234738398], [-79.2491293355606, 43.6977235098835], [-79.2491404732999, 43.6977271343898], [-79.2491516210799, 43.6977316504243], [-79.2491590064697, 43.6977424681894], [-79.2491713531869, 43.6977568707474], [-79.24919722748, 43.6977937964638], [-79.249253920705, 43.6978721507991], [-79.2493390246182, 43.6979712439151], [-79.249351373928, 43.6979820638843], [-79.2493674856772, 43.6979829986057], [-79.2493798785416, 43.6979830263944], [-79.2494071388207, 43.6979821852832], [-79.2494356714042, 43.6979768563585], [-79.2494865246003, 43.6979679761159], [-79.2495435915377, 43.69795371673], [-79.2496403641619, 43.6979170050044], [-79.249729180065, 43.6978786109684], [-79.2497639507485, 43.6978616032503], [-79.2498385223927, 43.6978087127437], [-79.2499069063841, 43.6977549269857], [-79.2500151166084, 43.6976616491124], [-79.2500773212566, 43.6976051404117], [-79.2500501852561, 43.6975700206399], [-79.2500169057573, 43.6975267780974], [-79.249989778376, 43.6974925588222], [-79.2499392176033, 43.6974313024263], [-79.2499219912413, 43.6973997963461], [-79.2499171334684, 43.6973746085714], [-79.2499233879329, 43.6973593384868], [-79.2499432621487, 43.6973476894245], [-79.2499569035069, 43.6973459184052], [-79.2499841613452, 43.6973513788727], [-79.2500076383169, 43.6973685151748], [-79.2500310758623, 43.6973946429557], [-79.2500926933419, 43.6974792903099], [-79.2501136525142, 43.6975081136721], [-79.2501309810797, 43.6975117518501], [-79.2501607314714, 43.6975118166558], [-79.250191736893, 43.6975082838484], [-79.2502264995567, 43.6974930757232], [-79.2502972897733, 43.6974572702304], [-79.2503891652737, 43.6974135265517], [-79.2505975729852, 43.6973040942438], [-79.2510129947836, 43.6970821638656], [-79.2513706601499, 43.6968938885216], [-79.2514681306526, 43.6968410106009], [-79.2515752720565, 43.6967895311937], [-79.2516672610119, 43.6967509536914], [-79.251782540625, 43.6967144071403], [-79.2518854801454, 43.6966828110619], [-79.2519966398299, 43.6966492436498], [-79.2521434994498, 43.6966048161796], [-79.2522782195833, 43.6965531798949], [-79.2524118495779, 43.6965129183793], [-79.2525518111727, 43.6964744354385], [-79.252636877386, 43.6964537453718], [-79.2527027648963, 43.6964330050904], [-79.2527864620257, 43.6964103140434], [-79.2528303982547, 43.6963905156906], [-79.2529018012375, 43.6963588506833], [-79.2530047637082, 43.696321295232], [-79.2531168342322, 43.6963406739591], [-79.2531526217458, 43.6963327304605], [-79.2531818644652, 43.6963169247327], [-79.2532096713977, 43.6962947511752], [-79.2532638712545, 43.696237728492], [-79.2533356316042, 43.6961701489356], [-79.2534001143729, 43.6960983136519], [-79.2534456495169, 43.6960211628154], [-79.2534006601367, 43.6959649694858], [-79.2533731282779, 43.6959172841479], [-79.2533557107318, 43.6958960759956], [-79.2533368113764, 43.6958791039862], [-79.2533223272413, 43.6958536710665], [-79.2533165616066, 43.6958377803761], [-79.2533107912145, 43.6958229511601], [-79.2533123081767, 43.6958070763458], [-79.2533254976203, 43.6957912358877], [-79.2533386708041, 43.6957827935982], [-79.2533561929293, 43.6957786009438], [-79.253372224188, 43.6957807511826], [-79.2533868049154, 43.6957828972558], [-79.2533999005201, 43.6957903337674], [-79.2534230920143, 43.6958253087304], [-79.2534752934356, 43.6959048042565], [-79.2535188184803, 43.6959641625206], [-79.2535376738475, 43.695988551154], [-79.2535551737444, 43.6959928198963], [-79.2535974817371, 43.6959918575117], [-79.2536325135208, 43.6959866403663], [-79.253669011806, 43.6959803642658], [-79.253705533579, 43.6959656267457], [-79.2537523252691, 43.6959392637873], [-79.2538127031687, 43.6959123719099], [-79.2538903219985, 43.6958773348031], [-79.2539559958212, 43.6958505804965], [-79.2540231316474, 43.6958155658984], [-79.2541131054358, 43.6957743985475], [-79.2542959083631, 43.6956920523289], [-79.2544601334485, 43.6956169113932], [-79.2546001173229, 43.6955510250193], [-79.2547402850054, 43.6954822141457], [-79.2548030098057, 43.6954485219031], [-79.2549707930741, 43.6953768713188], [-79.2551327749602, 43.6953007164413], [-79.2553223225622, 43.6952156101493], [-79.255465063889, 43.6951452467027], [-79.2554662041767, 43.6951456359677], [-79.2554982880496, 43.6951296371167], [-79.255549198043, 43.6951030211541], [-79.2556077467857, 43.6950708953032], [-79.2556446766342, 43.6950470128297], [-79.2556793647678, 43.6950252048147], [-79.2556792063884, 43.6950243758485], [-79.2557991502536, 43.6949376084139], [-79.255831578909, 43.6948885662933], [-79.2558588551851, 43.6948680748967], [-79.2558688834546, 43.6948577448365], [-79.2558946305581, 43.6948412457853], [-79.2559160596391, 43.6948309402643], [-79.2559360917476, 43.6948195968896], [-79.2559347576365, 43.6947968293342], [-79.2559405272121, 43.6947813147106], [-79.2559863521111, 43.694735884038], [-79.2560164371917, 43.6947017974185], [-79.2560436686364, 43.6946708185697], [-79.256075235638, 43.6946232785664], [-79.256112567909, 43.6945612673955], [-79.2561450539147, 43.6945039803794], [-79.2561621684756, 43.6944687494836], [-79.2561823300027, 43.6944191148869], [-79.2562053235392, 43.6943777754834], [-79.2562311250127, 43.6943447056938], [-79.2562554827979, 43.6943188880367], [-79.2563009192316, 43.6942801177181], [-79.2563113304013, 43.6942610660789], [-79.2563257058828, 43.6942341921043], [-79.2563243588276, 43.6942145207599], [-79.2563158622048, 43.694198984711], [-79.2562717955379, 43.6941626698536], [-79.2562505043442, 43.6941388162354], [-79.2562377202815, 43.6941253405529], [-79.2562377621949, 43.6941149895253], [-79.2562392140685, 43.6941087810519], [-79.2562477981725, 43.6941025886744], [-79.2562606549702, 43.6940984846488], [-79.2562806148638, 43.6940985272138], [-79.2562962996694, 43.6941006312384], [-79.2563119383327, 43.6941110063465], [-79.2563389773264, 43.6941276266694], [-79.2564357412584, 43.6941857829397], [-79.2564940567988, 43.6942262696041], [-79.2565538333951, 43.6942584770277], [-79.2565780892957, 43.6942574938241], [-79.2566123254065, 43.6942554959855], [-79.2566623494019, 43.6942449810023], [-79.2567051277988, 43.6942318947235], [-79.2567523106036, 43.6942061163359], [-79.25680379032, 43.6941731104], [-79.25685242522, 43.694138027087], [-79.2568825398645, 43.6940998088427], [-79.2569139321439, 43.6940551390487], [-79.2569578677068, 43.6939856165073], [-79.2569894718426, 43.6939318740939], [-79.2570296592948, 43.6938688338121], [-79.2570684745335, 43.6937923335154], [-79.2571158579394, 43.6937137804648], [-79.2571546402949, 43.6936455613297], [-79.2571822429954, 43.6935224825978], [-79.2571480790951, 43.6935068819825], [-79.2570854620771, 43.693471563049], [-79.257065590216, 43.6934466867873], [-79.2570513866599, 43.6934342348847], [-79.2570428848004, 43.6934197333446], [-79.2570457713302, 43.6934114587611], [-79.2570557501537, 43.693410444071], [-79.2570757222274, 43.6934104866825], [-79.2570971133662, 43.6934126029002], [-79.2571213238709, 43.6934198996828], [-79.2571511745225, 43.6934437630368], [-79.257193906004, 43.6934604163073], [-79.2572593926602, 43.693491600282], [-79.2573589736464, 43.6935463601867], [-79.2574415658474, 43.6935871940744], [-79.2575015252111, 43.6935769697855], [-79.2575500966554, 43.6935574140561], [-79.2576158618512, 43.6935192620123], [-79.2576443517882, 43.6935113651957], [-79.2576752962222, 43.6934979828651], [-79.2577093522346, 43.6934786208242], [-79.2577743936991, 43.6934384155919], [-79.2578188227104, 43.6934033955915], [-79.2578581231356, 43.6933601462459], [-79.2578943623039, 43.6933101666965], [-79.2579438798275, 43.6932372263843], [-79.2579601728786, 43.6932053330002], [-79.2579943840704, 43.6931471317448], [-79.258030713294, 43.6930747475657], [-79.2580970934413, 43.6929545952987], [-79.2581243300847, 43.6928972700005], [-79.2581161133004, 43.6928613006203], [-79.2580954206372, 43.6927997062288], [-79.2580692796234, 43.6927882465794], [-79.2580452429325, 43.692771479748], [-79.258007630041, 43.6927501211039], [-79.257974187047, 43.6927310580574], [-79.2579501574906, 43.6927188463376], [-79.2579209231435, 43.6926959839037], [-79.2579021069719, 43.6926830278033], [-79.2578937589038, 43.6926769247135], [-79.2578927530382, 43.6926647803588], [-79.2578927958415, 43.6926541313156], [-79.2579001489451, 43.6926488276282], [-79.257913772444, 43.6926480998237], [-79.2579378637066, 43.6926481510581], [-79.2579514623832, 43.6926504661554], [-79.2579713420451, 43.6926550631244], [-79.2580131856968, 43.6926703546864], [-79.2580508203095, 43.6926894185912], [-79.2581041121029, 43.6927176601251], [-79.2581968396995, 43.6927582175857], [-79.2582144387171, 43.692762342165], [-79.2582406292872, 43.6927616320989], [-79.2582804430643, 43.6927571616942], [-79.2583223596083, 43.6927511656671], [-79.2583863281022, 43.6927307953066], [-79.2584461412443, 43.6927012812481], [-79.2584881579664, 43.6926702165031], [-79.2585480714915, 43.6926156238326], [-79.2586080181878, 43.6925526788091], [-79.2586744672563, 43.6924365582461], [-79.2587267626254, 43.6923264021805], [-79.2587478396551, 43.6922889388932], [-79.2587684097523, 43.6922452804649], [-79.258782423934, 43.6922150566528], [-79.258803894431, 43.6921754429393], [-79.2588198108622, 43.6921351413395], [-79.258824643822, 43.692080693357], [-79.2588260585432, 43.6919940326097], [-79.2587913054115, 43.6919769828965], [-79.2587659206052, 43.6919623826968], [-79.2587343555331, 43.6919455382102], [-79.2587220184012, 43.6919471860946], [-79.2586950935165, 43.6919331503599], [-79.2586720090945, 43.691920229287], [-79.2586473948336, 43.6919056317989], [-79.2586258638971, 43.6918921563454], [-79.2586066483477, 43.6918764535162], [-79.2585920506134, 43.6918635600114], [-79.2585813020899, 43.6918495492666], [-79.258576723649, 43.6918372343242], [-79.2585767595251, 43.6918282778884], [-79.258590674446, 43.6918199183191], [-79.2586061013509, 43.6918182680127], [-79.2586199869351, 43.6918171812642], [-79.2586484995779, 43.6918217151891], [-79.2586777712192, 43.6918290500505], [-79.2587101158717, 43.6918403069675], [-79.2587524418245, 43.6918588577827], [-79.2587870763127, 43.6918746019496], [-79.2588278723932, 43.6918942657056], [-79.2589074988126, 43.6919349759197], [-79.2589570383497, 43.6919551438032], [-79.2589955968873, 43.6919479339744], [-79.2590509278772, 43.6919346842034], [-79.2591180639312, 43.6919068678217], [-79.2591651219144, 43.691868063422], [-79.2592307317201, 43.6918001423959], [-79.2593031659694, 43.691700614794], [-79.2593200337264, 43.6916702615075], [-79.2593403100814, 43.6916253253588], [-79.259375781711, 43.6915524711743], [-79.2594079068806, 43.691475964484], [-79.2594266128907, 43.6914079276518], [-79.2594318935107, 43.6913435165438], [-79.2594225645375, 43.6912754560591], [-79.2593861280212, 43.6912638038751], [-79.259369425081, 43.6912528223229], [-79.2593526904358, 43.6912467113429], [-79.2593275996511, 43.6912393674084], [-79.2593091956083, 43.6912320289851], [-79.2593008229213, 43.6912320112925], [-79.2592907793284, 43.6912307751427], [-79.2592589921379, 43.6912197717848], [-79.2592422821889, 43.6912075754941], [-79.2592288815123, 43.6912051168046], [-79.2591586383651, 43.6911757955066], [-79.2591067938632, 43.691155028956], [-79.2590817154366, 43.6911415994851], [-79.2590767650921, 43.6911233525919], [-79.2590701026357, 43.6911111868948], [-79.2590701365768, 43.6911026806184], [-79.2590852505895, 43.6910954125088], [-79.2591070375575, 43.6910942434898], [-79.2591355139065, 43.6910955182637], [-79.2591589400729, 43.691100437368], [-79.2591990957069, 43.6911126739033], [-79.2592559803129, 43.691132245852], [-79.2593245864878, 43.6911554870972], [-79.2594599703993, 43.6911810662961], [-79.2595154134731, 43.6911923533687], [-79.2595689562921, 43.6912070482244], [-79.2596074450936, 43.6912205044556], [-79.259620903025, 43.6912083724089], [-79.2596410905356, 43.6911853266975], [-79.2596529340957, 43.6911549634695], [-79.2596714385709, 43.6911343348522], [-79.2596967548794, 43.6910881932501], [-79.2597438128197, 43.6910493976085], [-79.2597758035547, 43.6910093460619], [-79.2598111386717, 43.6909705258339], [-79.2598565564736, 43.690923220884], [-79.2599036915601, 43.6908649736315], [-79.259932352252, 43.6908200542961], [-79.2599560051241, 43.6907678331463], [-79.2599661989822, 43.6907313906053], [-79.2599696737968, 43.690699794244], [-79.2599715426969, 43.6906511733464], [-79.2599717365868, 43.6906025485524], [-79.2599519631595, 43.6905870877574], [-79.2599157512845, 43.6905690086452], [-79.2598956691765, 43.6905592452494], [-79.2598755982741, 43.6905531276611], [-79.2598638635027, 43.6905530939277], [-79.259848801582, 43.6905506316228], [-79.2598203824159, 43.6905347744359], [-79.2597852615468, 43.6905201189358], [-79.2597501207536, 43.6905103143714], [-79.2597133249136, 43.6904956549505], [-79.2596949619501, 43.6904810250332], [-79.2596782737373, 43.6904664080131], [-79.2596666037718, 43.6904469315306], [-79.2596616532996, 43.6904286846587], [-79.2596617156323, 43.6904128875326], [-79.2596701137894, 43.6904068298191], [-79.259690236509, 43.6904032169208], [-79.2597086522601, 43.6904044805947], [-79.2597521658456, 43.6904142929293], [-79.2597940251181, 43.6904253171775], [-79.2598492177487, 43.6904461001887], [-79.2599194900933, 43.6904681302282], [-79.2599713491179, 43.6904852518928], [-79.2600343290449, 43.6904974187998], [-79.260070933202, 43.6905103851848], [-79.2600877311831, 43.690500698949], [-79.2601229952775, 43.6904764610015], [-79.2601817551584, 43.6904425406275], [-79.26024907974, 43.6903636685659], [-79.2603013529673, 43.690279904252], [-79.2603587090168, 43.6901779233603], [-79.2604617077638, 43.6899714962109], [-79.2605225243884, 43.68984155527], [-79.2605158593929, 43.6898330343563], [-79.2604991522264, 43.6898232783207], [-79.2604038602141, 43.6897732386846], [-79.2603921714826, 43.6897647079149], [-79.2603905412017, 43.6897537587794], [-79.2603972979572, 43.6897391908377], [-79.2604006753536, 43.689731897848], [-79.2604141095003, 43.6897258501141], [-79.26043085982, 43.6897246698963], [-79.2604543171619, 43.6897247190514], [-79.2604827899502, 43.6897235633073], [-79.260507907467, 43.689727261755], [-79.2605464076618, 43.6897346330733], [-79.2606032766377, 43.6897578497568], [-79.2607277897667, 43.6898089678513], [-79.2607720601392, 43.6898251281947], [-79.2608121305964, 43.6898368595554], [-79.2610032091866, 43.689637619473], [-79.2610055564951, 43.6896243205573], [-79.2610113568497, 43.6896068613083], [-79.2610355506462, 43.6895744709338], [-79.2610699954047, 43.6895189148871], [-79.2611106428093, 43.6894819956532], [-79.2612320897972, 43.6893711465923], [-79.2613312566467, 43.6892727888348], [-79.2613932693501, 43.6892066152628], [-79.2614875088972, 43.6891028737556], [-79.2615569420849, 43.6890295406094], [-79.2616337435393, 43.6889687708733], [-79.261680853365, 43.688922278751], [-79.2617377872142, 43.6888883459937], [-79.261787323247, 43.6888526142671], [-79.2618616245667, 43.6887936305172], [-79.2619505496255, 43.6887032900852], [-79.2620582130705, 43.6886107918349], [-79.2621322422585, 43.6884947484377], [-79.2622104510009, 43.6884132603372], [-79.2622584806124, 43.6883034365669], [-79.2623757999723, 43.6881811994041], [-79.2624715110539, 43.6880526343294], [-79.2624890127146, 43.6880024259891], [-79.2625671339683, 43.6879460596337], [-79.2626975011106, 43.6878050008645], [-79.2628061723939, 43.6876764632607], [-79.2629191480907, 43.687557358545], [-79.2630624514219, 43.6874257411021], [-79.2632753871982, 43.6871843538666], [-79.2633536301413, 43.6870934402927], [-79.2634536041237, 43.6869711580827], [-79.2635708314436, 43.6868646182045], [-79.2636534397326, 43.6867611474092], [-79.2637836417602, 43.6866546162725], [-79.2639268163943, 43.6865544127625], [-79.2640439192766, 43.6864792685891], [-79.2641567426751, 43.6863946998264], [-79.2643216108265, 43.6862756823375], [-79.2644622749988, 43.6861924680254], [-79.2645055804792, 43.6861661376927], [-79.2646657248501, 43.6860494510774], [-79.2648278087711, 43.6859282575646], [-79.2649948996164, 43.6858205771272], [-79.2650387762033, 43.6857907734867], [-79.265146852947, 43.6857173738271], [-79.265279932144, 43.6855871289794], [-79.2654327525449, 43.6854614244215], [-79.2655607611834, 43.6853401691134], [-79.2657069940455, 43.6852144416298], [-79.2658659325591, 43.6851067514246], [-79.2660082652072, 43.6849855256944], [-79.2661405304303, 43.6848597684788], [-79.2662608003531, 43.6847339965892], [-79.2663849126673, 43.6846217336595], [-79.2664417762875, 43.6846042168143], [-79.2664556849257, 43.6846065311], [-79.2664679738004, 43.6846134334665], [-79.2664793396117, 43.6846189568507], [-79.2665039664217, 43.6846238224342], [-79.2665219813466, 43.6846224912315], [-79.2665419562413, 43.6846115232621], [-79.2665619370184, 43.6845929849711], [-79.2665781467872, 43.6845675717862], [-79.2666115545931, 43.6845153422991], [-79.2666506767972, 43.6844507571077], [-79.2666898779411, 43.6843723999641], [-79.2667320324629, 43.6842586098693], [-79.2667543812066, 43.6841919199418], [-79.2667796088139, 43.6841345611086], [-79.2668184302782, 43.6840583455676], [-79.2668655350881, 43.6839949915379], [-79.2668948500461, 43.6839519981287], [-79.2669022284136, 43.6839331281858], [-79.2669001971258, 43.683919523227], [-79.2668939882122, 43.6839119576959], [-79.2668773656343, 43.6839028602461], [-79.2668534993143, 43.6838809017285], [-79.2668379395321, 43.6838695379247], [-79.2668307094083, 43.6838566779647], [-79.2668265761658, 43.6838476051588], [-79.2668318302313, 43.6838362833139], [-79.2668422622553, 43.6838295085945], [-79.2668651778106, 43.6838280427743], [-79.2668828465545, 43.6838326064642], [-79.2669005204199, 43.6838394481944], [-79.2669161091085, 43.6838462754055], [-79.2669379266733, 43.6838561404275], [-79.2669680578191, 43.6838713150216], [-79.266995072373, 43.6838842057962], [-79.2670335122982, 43.6839061935113], [-79.2670615541732, 43.6839228760496], [-79.2670885609027, 43.6839377205113], [-79.2671064210726, 43.6839410238342], [-79.2671385260423, 43.6839364271238], [-79.267172248728, 43.6839306718336], [-79.2671947773568, 43.6839167478031], [-79.2672542157368, 43.6839005670422], [-79.2672815393256, 43.6838913067458], [-79.2672912214732, 43.6838796783631], [-79.2673266616553, 43.6838436557311], [-79.2673492838335, 43.6838087677033], [-79.2673831859046, 43.6837564401319], [-79.2674203797203, 43.6836901399148], [-79.2674527213168, 43.6836308152069], [-79.2674964574737, 43.6835307553024], [-79.2675418285101, 43.6834213922111], [-79.2675838269966, 43.6833539312547], [-79.2676152736233, 43.6833175400561], [-79.2676273768268, 43.6833052424471], [-79.2676323653982, 43.6832980510918], [-79.2676335015974, 43.68328965515], [-79.267633533423, 43.6832816530403], [-79.2676263905965, 43.6832748513201], [-79.2676093761048, 43.6832612254178], [-79.2675769632706, 43.6832363607079], [-79.2675467811888, 43.6832055053541], [-79.2675319929415, 43.6831838907902], [-79.2675314761956, 43.6831762837347], [-79.2675430692669, 43.6831707168569], [-79.2675595998246, 43.6831715428099], [-79.267570610197, 43.6831727712797], [-79.2675854796609, 43.6831763929423], [-79.2675975692377, 43.6831836190057], [-79.2676184415475, 43.6832004574307], [-79.2676448292764, 43.6832149043139], [-79.267691551374, 43.6832441907039], [-79.2677212451479, 43.6832602462468], [-79.267758913168, 43.6832733568606], [-79.2677815379904, 43.6832826739216], [-79.2678094179707, 43.6832928656735], [-79.2678345716841, 43.6832898840277], [-79.2678555567137, 43.6832838418182], [-79.2678807329802, 43.683274773924], [-79.2679087584699, 43.6832505093504], [-79.2679410358443, 43.6832140838331], [-79.2679929207437, 43.683165546429], [-79.2680013707306, 43.6831452925605], [-79.268014060471, 43.6831159289615], [-79.2680407720634, 43.6830754501756], [-79.2680618496668, 43.6830420440299], [-79.2680815511636, 43.6830086440356], [-79.2680984251311, 43.6829813237806], [-79.2681097366452, 43.6829458725102], [-79.2681210217425, 43.682920565439], [-79.268128121971, 43.6828901735147], [-79.2681352313975, 43.6828607982603], [-79.2681549354445, 43.68282333937], [-79.2681620391478, 43.6827949814581], [-79.2681733239085, 43.6827666229822], [-79.2681972092469, 43.6827322149176], [-79.2682381899469, 43.6826610611279], [-79.2682429505719, 43.6826456611116], [-79.2682472404033, 43.682623382247], [-79.2682305383177, 43.6826091624162], [-79.2682013300391, 43.6825766715899], [-79.2681832622624, 43.6825563633828], [-79.2681833455724, 43.6825381184086], [-79.2681861870636, 43.6825249546709], [-79.2682002188362, 43.6825077548352], [-79.2682198016755, 43.6825017102158], [-79.2682421402828, 43.6825047976094], [-79.2682602584631, 43.682511927683], [-79.2682811653388, 43.682523122019], [-79.2683034594293, 43.6825343112616], [-79.2683397055884, 43.682552630456], [-79.268390466647, 43.6825636063772], [-79.2684226902391, 43.6825376945623], [-79.2685536260109, 43.6824614479467], [-79.2686618013188, 43.6823626529313], [-79.2687723305294, 43.6822548608416], [-79.2688937046797, 43.682142598663], [-79.2689107518789, 43.6821217861664], [-79.2689343165716, 43.682141466227], [-79.2689598893685, 43.6821486550911], [-79.268993365241, 43.6821487227923], [-79.269017029311, 43.6821359167631], [-79.2690368128595, 43.6821130937261], [-79.2690645377158, 43.6820731477605], [-79.2690804817535, 43.6820231776693], [-79.2690983970239, 43.6819732122226], [-79.2691201568753, 43.6819461170804], [-79.2691399516792, 43.6819204399847], [-79.2691715357054, 43.6818962091849], [-79.2691952349837, 43.6818776871267], [-79.2692169999171, 43.6818491613356], [-79.2692585583005, 43.6817949584029], [-79.2693238523475, 43.6817065078493], [-79.2693810363907, 43.6816305172743], [-79.2695369953533, 43.6813119244007], [-79.2696302814704, 43.6811163883288], [-79.2696799923697, 43.6809864911117], [-79.2697057596678, 43.6809393852157], [-79.2697769526699, 43.680858093507], [-79.2697533805802, 43.6808437707778], [-79.2697278541304, 43.680827994048], [-79.2697023312542, 43.6808079504559], [-79.2697004246805, 43.6807908080257], [-79.2697024672499, 43.6807722334582], [-79.269702523074, 43.6807579488415], [-79.2697143748045, 43.6807494026908], [-79.2697340689931, 43.6807465801617], [-79.2697498264416, 43.6807451899559], [-79.2697734403742, 43.6807452377618], [-79.2697990126634, 43.6807524273315], [-79.2698383133116, 43.6807696443143], [-79.2698815308868, 43.6807940173969], [-79.2699365497155, 43.6808198449693], [-79.2700347586945, 43.6808743291423], [-79.2700603524318, 43.6808758114563], [-79.2700938471012, 43.6808673011785], [-79.2701615016983, 43.680832484708], [-79.2702119414793, 43.6808101372193], [-79.2702504882124, 43.6807846510323], [-79.2702794178797, 43.6807568232327], [-79.2703277104883, 43.6806895177273], [-79.2703632185499, 43.6806152118098], [-79.2703281810109, 43.6805663363707], [-79.2703826079253, 43.680568768245], [-79.270424535193, 43.6804921608465], [-79.270466687537, 43.680350465512], [-79.2705670332641, 43.6800717618366], [-79.2706540580877, 43.6799231895007], [-79.2707183428427, 43.6798605701159], [-79.2707281143592, 43.6798187520684], [-79.270712120852, 43.6798140747633], [-79.2706833418014, 43.6798023970852], [-79.2706641887747, 43.6797837619557], [-79.2706514381913, 43.6797674701658], [-79.2706579180581, 43.6797465641096], [-79.2706835499476, 43.6797442841635], [-79.2707091867914, 43.6797443362766], [-79.2707603941043, 43.6797514147423], [-79.2708307784414, 43.6797678304057], [-79.2708947451158, 43.679788868724], [-79.2709618894543, 43.6798192209194], [-79.271060612379, 43.6798557025487], [-79.2711019506132, 43.6798880547388], [-79.2711359522691, 43.6798994466689], [-79.2711770875294, 43.6799005551989], [-79.2711984103794, 43.6798903000899], [-79.2712325252042, 43.679871835228], [-79.2712737850917, 43.6798400078255], [-79.2713534357164, 43.6797876534897], [-79.2714075006796, 43.6797445191574], [-79.2714659342838, 43.6796746239896], [-79.2715201438756, 43.6795933966165], [-79.2715829804018, 43.679484390549], [-79.2716209222916, 43.679391995438], [-79.2716581464554, 43.6793255861966], [-79.2716818855379, 43.6792697532709], [-79.2717186374961, 43.6791673737951], [-79.2718244897708, 43.6788866363315], [-79.2719108405202, 43.6786726130147], [-79.2719216191659, 43.6786493480592], [-79.2719152375786, 43.6786446821159], [-79.2718832455073, 43.6786166781372], [-79.2718555178229, 43.6785995468287], [-79.2718341936903, 43.6785808718561], [-79.2718193243901, 43.6785544593674], [-79.271806546326, 43.6785389065017], [-79.2718023339243, 43.6785249282873], [-79.2718023741521, 43.6785140639808], [-79.271817367857, 43.6785078827082], [-79.2718387552409, 43.6785063774686], [-79.2718622827217, 43.6785064244342], [-79.2718836459, 43.6785111206545], [-79.2718964531989, 43.6785189144579], [-79.2719327333354, 43.6785407157149], [-79.2719839547516, 43.6785703061073], [-79.2720607542843, 43.6786216862311], [-79.2721461110315, 43.6786730822403], [-79.2722492702077, 43.6787267290857], [-79.2723144794758, 43.6787306034006], [-79.2723797735925, 43.6787283662647], [-79.2724353551787, 43.6787071525651], [-79.2725367334325, 43.6786576037083], [-79.2726087300078, 43.6786079968961], [-79.2726840154032, 43.6785512943145], [-79.2727397530127, 43.6784850745057], [-79.2727956436474, 43.6783785828734], [-79.2728776072684, 43.6782839804549], [-79.2729662738345, 43.6781420165125], [-79.2730320101041, 43.6780189642535], [-79.2730225388107, 43.6780082245185], [-79.2730732466704, 43.6779041529785], [-79.273145675837, 43.6777361070297], [-79.2732326218652, 43.6775695661339], [-79.2732881809959, 43.6774055014693], [-79.2733495175289, 43.6772156866855], [-79.2732810278185, 43.677184289119], [-79.2732475911416, 43.6771645274003], [-79.273204619903, 43.6771343329252], [-79.2731855196115, 43.677121558698], [-79.2731696406719, 43.6771030022674], [-79.2731617012586, 43.6770902409218], [-79.2731617410075, 43.6770798168918], [-79.2731665629614, 43.6770705644933], [-79.2731777500274, 43.677067112202], [-79.2731952990901, 43.6770671468857], [-79.2732192132454, 43.6770729825718], [-79.2732542745296, 43.6770857971843], [-79.2732845238232, 43.677102068577], [-79.2733402442995, 43.6771357636638], [-79.2733959716592, 43.6771671448438], [-79.273474164714, 43.677191026687], [-79.2735107857132, 43.6771882188359], [-79.2735603133572, 43.6771732581142], [-79.2736242078014, 43.6771571728416], [-79.2736849411377, 43.6771306673714], [-79.2737489394895, 43.6770833124074], [-79.2738065821107, 43.6770278344893], [-79.273854680722, 43.676964235889], [-79.2739028650919, 43.676880942691], [-79.2739895065767, 43.6767548886039], [-79.2739929021705, 43.6767426361602], [-79.2740784929475, 43.6766386777325], [-79.2741411861005, 43.6765160506397], [-79.2742166587945, 43.6763853383856], [-79.2742456817005, 43.6763020167699], [-79.2742506508284, 43.6762533928062], [-79.2742427237156, 43.6762406308192], [-79.2742267974729, 43.6762313369569], [-79.274194944894, 43.6762162147978], [-79.2741471518444, 43.6761952821227], [-79.274121650755, 43.6761859606916], [-79.2740818629828, 43.676156933797], [-79.274056396368, 43.6761418243107], [-79.2740404749468, 43.6761313690014], [-79.2740293532216, 43.6761174494782], [-79.2740310182918, 43.6761000891344], [-79.2740326568282, 43.6760896685406], [-79.274037474057, 43.6760815685222], [-79.2740582143307, 43.6760804483596], [-79.27409010286, 43.6760863079613], [-79.2741028458141, 43.6760944345902], [-79.2741282951705, 43.6761141699726], [-79.27417449695, 43.6761327952532], [-79.2742382239513, 43.6761607169163], [-79.2743003427752, 43.6761909498517], [-79.2743592749524, 43.6762211751502], [-79.2743943550832, 43.6762258799505], [-79.2744490757914, 43.6762248991671], [-79.2744893136624, 43.67622316935], [-79.2745148709234, 43.6762139571667], [-79.2745532546696, 43.6761908728634], [-79.2745948392134, 43.6761608544055], [-79.2746540918683, 43.6761019041715], [-79.2747357717369, 43.6760186769312], [-79.2747886421203, 43.6759620459977], [-79.2748303122637, 43.6759088582918], [-79.2748640433223, 43.6758498575998], [-79.2749218685833, 43.6757445933882], [-79.2750106786482, 43.6755551914786], [-79.2750537163627, 43.6754646053154], [-79.275084329162, 43.6753801162638], [-79.2750940669352, 43.675336137279], [-79.2750927273294, 43.6752631788348], [-79.2750465398682, 43.6752410795619], [-79.2750051218212, 43.6752236262098], [-79.2749541727631, 43.6751945769978], [-79.2749143584703, 43.6751759647188], [-79.2748856879354, 43.6751620198658], [-79.2748522661119, 43.6751353096796], [-79.2748475139435, 43.6751260378262], [-79.2748459703969, 43.6751109853314], [-79.2748508049367, 43.675098248566], [-79.2748652011664, 43.6750890235778], [-79.2748891529123, 43.6750844348483], [-79.2749146698701, 43.675089121177], [-79.2749401619692, 43.6750972726989], [-79.2749847757643, 43.6751158844872], [-79.2750341557726, 43.6751368290641], [-79.2751297530826, 43.6751752372562], [-79.2752741674112, 43.6752356320911], [-79.275311903676, 43.6752427807199], [-79.2753723359661, 43.6752397670917], [-79.2754263239657, 43.6752289092842], [-79.2754825623446, 43.6751898557029], [-79.2755302345541, 43.6751366970827], [-79.2755952204646, 43.6750663448773], [-79.2756625393883, 43.6749490089347], [-79.2757535885505, 43.6748332870366], [-79.2758187664676, 43.6747112493058], [-79.2758755111784, 43.6745359337865], [-79.2759306001867, 43.6743757548058], [-79.2759302854885, 43.6743170027599], [-79.2759392169904, 43.6742662793656], [-79.2758964495163, 43.6742516043671], [-79.2758563045504, 43.6742318583447], [-79.2758048539483, 43.6742044829566], [-79.2757594883047, 43.6741815581119], [-79.2757359452006, 43.6741694681909], [-79.2757080563852, 43.6741491156057], [-79.2756923777258, 43.6741332240716], [-79.2756880409869, 43.6741256008188], [-79.2756880765648, 43.6741160861065], [-79.2756889874979, 43.6741078424375], [-79.2756924919342, 43.6741027730357], [-79.275703015553, 43.6740939180888], [-79.2757091515903, 43.6740882239114], [-79.2757196565846, 43.6740844369387], [-79.2757345225144, 43.674081927681], [-79.2757458730421, 43.674081319211], [-79.2757642314179, 43.6740832547137], [-79.2757825711099, 43.674087098744], [-79.2758087530616, 43.6740966641788], [-79.2758401651798, 43.6741068703573], [-79.2758672"
38,Downtown Yonge East,168,17135,343,398,357,475,503,620,508,599,542,2594.75,3026.846,2722.697,3436.053,3452.536,4050.699,3184.354,3633.606,3163.116,27,19,17,14,48,43,25,45,44,204.2514,144.4977,129.6522,101.2731,329.4667,280.9356,156.7103,272.9754,272.9754,158,129,117,161,188,172,102,165,176,1195.249,981.0632,892.3124,1164.641,1290.411,1123.742,639.3782,1000.91,1000.91,88,82,85,112,123,181,144,161,115,665.7084,623.6216,648.2611,810.1852,844.2584,1182.543,902.6516,976.6454,671.1409,1,2,1,,2,,1,,,7.56486875,15,8,,13.72778,,6.268414,,,89,101,100,122,143,115,86,96,76,673.2733,762.6602,882.5231,981.5361,751.3394,539.0836,582.3476,443.5366,768.1193,,4,3,,2,5,4,7,3,,30.42056,22.8798,,13.72778,32.66693,25.07365,42.46284,17.50802,193,158,143,227,182,254,192,118,193,1460.02,1201.612,1090.604,1642.072,1249.228,1659.48,1203.535,715.8022,1126.35,23,12,30,20,20,20,24,26,19,173.992,91.2617,228.798,144.6759,137.2778,130.6677,150.4419,157.7191,110.8842,"{'type': 'MultiPolygon', 'coordinates': [[[[-79.3765552374249, 43.6620234329344], [-79.3759028134689, 43.6604479682934], [-79.3745701502471, 43.6570756706022], [-79.3744329974832, 43.6567157904554], [-79.3742619142748, 43.6562668851084], [-79.3739202597083, 43.6553703692969], [-79.3733983216301, 43.6540840574737], [-79.3732577577405, 43.6537376555448], [-79.3729862324917, 43.6530558339026], [-79.3728350534801, 43.6527130565088], [-79.3727192984665, 43.652357175731], [-79.3723685909511, 43.6515362026319], [-79.372327487979, 43.6514407153836], [-79.3722768240352, 43.6513229847044], [-79.3721434515083, 43.6509819806791], [-79.3719171296998, 43.6504725384346], [-79.3714682175207, 43.6494587784539], [-79.3721962502324, 43.6491396315058], [-79.3729714125968, 43.648835413026], [-79.373310105628, 43.6486861318818], [-79.373839670327, 43.6485744612731], [-79.3738562038853, 43.6485220381757], [-79.373871220501, 43.6484902169021], [-79.3739034805396, 43.6484523112395], [-79.3739770027809, 43.6483865115377], [-79.3740434863979, 43.6483317575642], [-79.3743007021967, 43.6482030325268], [-79.3757667390723, 43.6474693233626], [-79.3769775496449, 43.6468933747339], [-79.3773735732752, 43.6478548757315], [-79.3776514944105, 43.6485320675127], [-79.3779215555544, 43.6491573296056], [-79.3784733052283, 43.6504160652618], [-79.3787427794856, 43.6510640715451], [-79.3789879115666, 43.6517005922581], [-79.3792621675879, 43.6524485262198], [-79.3799772159493, 43.6540713872191], [-79.3806781193546, 43.6557826573479], [-79.3809296380451, 43.6563373574593], [-79.3812290109725, 43.6570465165757], [-79.3813731983237, 43.657424533809], [-79.3815904608502, 43.6579163952969], [-79.3819284568941, 43.6586766111218], [-79.3819385907493, 43.6586994047541], [-79.3821210810597, 43.6591045544019], [-79.382493930366, 43.6599214144997], [-79.3827994033259, 43.6605919415176], [-79.3831136170753, 43.6613804025065], [-79.3825827914329, 43.6613843233349], [-79.3824081701045, 43.661383009734], [-79.3819515063127, 43.6613778857679], [-79.3818369750692, 43.6613731677176], [-79.3816815616568, 43.6613958879962], [-79.3814783543972, 43.6614416474002], [-79.3793780615224, 43.6618843062184], [-79.3780113822309, 43.6621457851335], [-79.3778811344949, 43.6621806794836], [-79.3767201720047, 43.6624274474826], [-79.3765827009172, 43.6620897575122], [-79.376570437734, 43.6620601568581], [-79.3765552374249, 43.6620234329344]]]]}"
39,Church-Wellesley,167,22245,223,206,296,308,362,350,306,399,385,1265.033,1136.489,1585.941,1592.307,1803.957,1687.642,1438.443,1841.425,1730.726,11,10,8,17,26,17,8,33,16,62.40073,55.16937,42.86327,87.88709,129.5659,81.97117,37.60635,152.2983,152.2983,89,105,97,129,92,120,109,98,85,504.8786,579.2784,519.7171,666.9079,458.4641,578.62,512.3866,452.2798,452.2798,61,73,62,87,79,128,98,87,73,346.0404,402.7364,332.1903,449.7751,393.6812,617.1946,460.6779,401.5138,328.1636,,2,3,1,1,1,,,1,,11,16,5,4.983306,4.821833,,,4.495392,41,38,51,44,54,48,57,41,45,232.5845,273.2533,227.4725,269.0985,231.448,267.9453,189.2191,202.2926,209.6436,,1,1,,,1,1,2,2,,5.516937,5.357908,,,4.821833,4.700794,9.230201,8.990785,99,68,67,54,53,92,64,54,99,561.6065,375.1517,358.9799,279.1707,264.1152,443.6087,300.8508,249.2154,445.0438,10,5,12,10,21,21,19,21,21,56.72793,27.58468,64.2949,51.69829,104.6494,101.2585,89.31509,96.91711,94.40324,"{'type': 'MultiPolygon', 'coordinates': [[[[-79.3816815616568, 43.6613958879962], [-79.3818369750692, 43.6613731677176], [-79.3819515063127, 43.6613778857679], [-79.3824081701045, 43.661383009734], [-79.3825827914329, 43.6613843233349], [-79.3831136170753, 43.6613804025065], [-79.3833897199363, 43.6620630852814], [-79.3834250351416, 43.6621446737097], [-79.3837368662902, 43.6629046504741], [-79.383792085412, 43.6630298523029], [-79.3841405223967, 43.663863748702], [-79.3841608997585, 43.6639125379658], [-79.3845991220979, 43.6649458675482], [-79.3849570951138, 43.6658489998053], [-79.3850435670979, 43.6660462062764], [-79.3850549866933, 43.6660722501659], [-79.3852620230127, 43.6665557129193], [-79.3853298020519, 43.6666788737508], [-79.3853434075814, 43.6667036141207], [-79.3856956174414, 43.6675708945571], [-79.3858592709211, 43.6680044183378], [-79.3861162913078, 43.6686394397187], [-79.3861635120836, 43.6687508603826], [-79.3864281944951, 43.6693768961924], [-79.386560726157, 43.6696956573979], [-79.3867913051381, 43.6702349754191], [-79.3860539929089, 43.6703956996875], [-79.3857224858227, 43.6704679644884], [-79.3842127958803, 43.6708130145941], [-79.3831636809034, 43.6710549920028], [-79.3823789890565, 43.6712297128659], [-79.3805696153298, 43.6716194038557], [-79.3799089585468, 43.6699825583021], [-79.3794552740372, 43.6689024964296], [-79.3790490191465, 43.6679428495095], [-79.3787052933179, 43.6671327707309], [-79.3784050576672, 43.666454011643], [-79.3783502760621, 43.6662938920069], [-79.3778994280833, 43.6652247178013], [-79.377217731896, 43.6636077342332], [-79.3767201720047, 43.6624274474826], [-79.3778811344949, 43.6621806794836], [-79.3780113822309, 43.6621457851335], [-79.3793780615224, 43.6618843062184], [-79.3814783543972, 43.6614416474002], [-79.3816815616568, 43.6613958879962]]]]}"
40,St Lawrence-East Bayfront-The Islands,166,30148,182,201,228,228,317,282,278,365,404,806.8091,861.8472,944.8819,902.7915,1200.257,1025.268,977.6684,1252.66,1340.056,20,11,7,16,20,19,13,31,39,88.66034,47.16577,29.00953,63.35379,75.72602,69.07835,45.7183,106.3903,106.3903,124,98,128,119,153,146,129,132,124,549.6941,420.2041,530.46,471.1938,579.3041,530.8126,453.6663,453.0167,453.0167,57,49,62,68,78,104,98,150,130,252.682,210.1021,256.9416,269.2536,295.3315,378.1131,344.6457,514.7917,431.2061,,,,1,,,,,2,,,,4,,,,,6.633939,35,15,16,21,42,32,45,43,34,155.1556,66.3075,83.15185,159.0246,116.3425,158.2557,147.5736,112.777,64.31696,4,,3,4,2,,4,2,5,17.73207,,12.43266,15.83845,7.572602,,14.06717,6.863889,16.58485,124,115,88,90,72,123,160,77,124,549.6941,493.0966,364.6913,356.3651,272.6137,447.1914,562.6868,264.2597,411.3042,16,19,16,20,17,28,18,23,23,70.92828,81.46814,66.3075,79.19224,64.36712,101.7997,63.30227,78.93472,76.2903,"{'type': 'MultiPolygon', 'coordinates': [[[[-79.3526854600832, 43.6557229086333], [-79.3523975356983, 43.6554554216866], [-79.3521983767117, 43.655492430232], [-79.352082208798, 43.6555134062436], [-79.3517450178143, 43.6555742592652], [-79.3508419757272, 43.6547776890361], [-79.3496632655198, 43.6537379826913], [-79.349526910937, 43.6536080216265], [-79.3495214195212, 43.6536027848985], [-79.3486539531101, 43.6525400917234], [-79.3481797704716, 43.6519632943453], [-79.3481440475987, 43.6519268363247], [-79.3480007374599, 43.6517556296454], [-79.3478613090327, 43.6515844365806], [-79.3477268335653, 43.6514204055061], [-79.3474239711699, 43.6509978645963], [-79.3473252677722, 43.6508123952425], [-79.3473001549243, 43.6507573812208], [-79.3474684166622, 43.6505217787791], [-79.347657329899, 43.6504275078699], [-79.3542701284754, 43.6476889395459], [-79.3543487351706, 43.6476563744299], [-79.354409042245, 43.6476304994656], [-79.3593610890748, 43.6455055176894], [-79.359431339273, 43.6455940691929], [-79.3600822317908, 43.646410103746], [-79.3607547981961, 43.6472210394549], [-79.3598571240439, 43.6453071606131], [-79.3536875928804, 43.6380754670529], [-79.3496510218917, 43.633402876357], [-79.3525184812586, 43.633721219558], [-79.3520412206621, 43.6333123268413], [-79.3511999320264, 43.6325686558831], [-79.3511829361482, 43.6325506315673], [-79.3502879255684, 43.6317753971094], [-79.3493905049826, 43.6310316578654], [-79.3494789025039, 43.6309912590252], [-79.3495371896378, 43.630914823823], [-79.3495487656442, 43.6307753169311], [-79.3495882905361, 43.6306043425016], [-79.3496144696158, 43.6304875841666], [-79.349682489121, 43.6301352871225], [-79.349695362911, 43.6299073526097], [-79.3497203757947, 43.6297464951427], [-79.3497636951788, 43.6296482117766], [-79.3497702991209, 43.6294649694651], [-79.3497829606386, 43.6293219540582], [-79.3498267147401, 43.6290493683815], [-79.3498882192469, 43.6290583878489], [-79.3498879072326, 43.629183533236], [-79.3498692115413, 43.6292818489465], [-79.3498688219051, 43.6294382755024], [-79.3498378084432, 43.6295410305601], [-79.3498313716292, 43.629652765314], [-79.3499420440722, 43.6296886636366], [-79.3502126567753, 43.6297426402199], [-79.3504772024383, 43.6297697833749], [-79.3509939519642, 43.629824070752], [-79.3514000398985, 43.6298424582449], [-79.3521198494939, 43.6298925122853], [-79.3525998053731, 43.6298975876252], [-79.3532705587324, 43.6298850109762], [-79.3538244568451, 43.6298499491496], [-79.3542245170559, 43.6298146800024], [-79.3544153576796, 43.629779160472], [-79.3545086241586, 43.6296036169613], [-79.3545559225306, 43.6295844046973], [-79.354608804189, 43.6294854567026], [-79.3546854170147, 43.6293550340935], [-79.3547643674847, 43.6292111121985], [-79.3548321009713, 43.6290626843888], [-79.3549207734341, 43.6289052812029], [-79.3550101805691, 43.6287568717238], [-79.3550941915719, 43.6285949623697], [-79.355178995408, 43.6284330535546], [-79.3552878243827, 43.6282666652203], [-79.355387709429, 43.6281092762435], [-79.3558341217542, 43.6274752777086], [-79.3559440550165, 43.6273224014764], [-79.356070677283, 43.6271605451794], [-79.3561956716289, 43.6270256905814], [-79.3563261264311, 43.6268773400677], [-79.3564693682208, 43.6267290058125], [-79.3566269423996, 43.6265716880629], [-79.3567794749179, 43.6264188643902], [-79.3569432252176, 43.6262750562347], [-79.3578250164837, 43.6254577854224], [-79.3589331275301, 43.6246381400522], [-79.3595352893916, 43.6242196406121], [-79.3599879448246, 43.623934095648], [-79.3601855999714, 43.6237662452986], [-79.3613658937083, 43.6229117121119], [-79.3620884607432, 43.6224059692191], [-79.3633240066207, 43.6215978392537], [-79.3645255387996, 43.6207036294], [-79.3656470219561, 43.6199308316476], [-79.3664563482023, 43.6193466796406], [-79.3666258188015, 43.6192747761024], [-79.3667184026982, 43.619205483194], [-79.3668140883682, 43.6191339520367], [-79.3669868150771, 43.6190625023662], [-79.3670700444678, 43.619049169103], [-79.3671430023451, 43.6190299634306], [-79.3671794239417, 43.6190548952382], [-79.367589577456, 43.6189120857949], [-79.3678825839946, 43.6187848121344], [-79.3679689563912, 43.6187446130458], [-79.3683637754436, 43.6185637166983], [-79.3686382786741, 43.6184431432706], [-79.3688634448173, 43.6183448989187], [-79.3688943222463, 43.6183158238003], [-79.3689041627165, 43.618286256662], [-79.3690131109067, 43.6182387193211], [-79.3691025425435, 43.6182097198004], [-79.3692073558342, 43.618189695114], [-79.3696299280565, 43.6179998784972], [-79.3698583076031, 43.6178344681465], [-79.3698583762851, 43.6178031246307], [-79.369920055922, 43.617778567346], [-79.3701080942159, 43.6177451964562], [-79.3702529893083, 43.6177185014414], [-79.3704966638175, 43.6176068362943], [-79.3705645509381, 43.6175531836106], [-79.3706448441121, 43.6174749172171], [-79.3707220245739, 43.6174033710487], [-79.3707621837016, 43.617360875912], [-79.3708114165641, 43.6173281749293], [-79.3709766997556, 43.6172683407093], [-79.371038667784, 43.6172365540664], [-79.3711239048664, 43.6171860539001], [-79.3711729822375, 43.6171561156527], [-79.3712324004794, 43.6171112116477], [-79.3712789175369, 43.6170737825086], [-79.3713383664535, 43.6170138729258], [-79.3713874761248, 43.6169689569983], [-79.3714211029635, 43.6169277596503], [-79.3714521270556, 43.6168865675235], [-79.3714883664917, 43.6168285132974], [-79.3715116529897, 43.6167910573829], [-79.3715375435527, 43.6167461067748], [-79.3715558229609, 43.6166449333841], [-79.3715610406311, 43.616614946285], [-79.3715689360402, 43.6165437449038], [-79.3715690192737, 43.6165043907843], [-79.3715716244484, 43.616485652895], [-79.3715845504006, 43.6164781693127], [-79.3716232422345, 43.6164725871065], [-79.3716774217864, 43.6164726477154], [-79.3717058098125, 43.6164651908248], [-79.3717239126492, 43.6164408436764], [-79.3717652306648, 43.6164184047506], [-79.3719480786983, 43.6163467243578], [-79.3720402502967, 43.6163675398163], [-79.372230968551, 43.6164585506561], [-79.3722795350922, 43.6164762561863], [-79.3723385417396, 43.6164788433034], [-79.3725122173216, 43.6164210315997], [-79.3726303670775, 43.6163606381372], [-79.3726998670172, 43.6163279322828], [-79.3727832539665, 43.6162901919155], [-79.372870157668, 43.6162297630115], [-79.3730021755649, 43.6161794835342], [-79.3731654423247, 43.6161216604163], [-79.3732419008537, 43.6160788707268], [-79.3733357440343, 43.616023490603], [-79.3734052513035, 43.615980693708], [-79.3734920962853, 43.6159480064232], [-79.3737179284626, 43.615854938279], [-79.3738812775406, 43.6157567605544], [-79.3739542771061, 43.6157089266858], [-79.3740967364837, 43.6156409874007], [-79.3742009824713, 43.6155805772854], [-79.3743343682663, 43.6154786115017], [-79.37447187754, 43.6154017738733], [-79.3745881048067, 43.6153405559791], [-79.3746768429387, 43.6153023077675], [-79.3747444562773, 43.6152701743936], [-79.3747804112383, 43.6152395464568], [-79.3747973585869, 43.6152104183989], [-79.3748290546427, 43.6151966536892], [-79.374921978986, 43.6151706786552], [-79.375000156008, 43.6151400963438], [-79.3751058276293, 43.6150788664978], [-79.3752347475317, 43.6150023245097], [-79.3753340974961, 43.6149364792014], [-79.3754017446808, 43.6148813381497], [-79.3754938499333, 43.6148016686162], [-79.3755592294757, 43.6147167750332], [-79.3756556260494, 43.6146469482401], [-79.3758448871685, 43.6145422605376], [-79.3759377718692, 43.6145049058297], [-79.3759996744721, 43.6144899862263], [-79.3760272083142, 43.6144750284431], [-79.3760478784373, 43.6144550767848], [-79.3760857096137, 43.6144451256277], [-79.3761681924125, 43.6144477084776], [-79.3763159702915, 43.6144653676963], [-79.3764052980811, 43.614482944638], [-79.3764809114744, 43.6144880228116], [-79.3767078071388, 43.614475773292], [-79.3768727979296, 43.614473466922], [-79.3770102876988, 43.6144761082258], [-79.3770790246964, 43.6144811774943], [-79.377103115436, 43.6144662254837], [-79.3771719231038, 43.6144363243944], [-79.3771925864817, 43.614418866524], [-79.3773680255021, 43.6143541177972], [-79.3775778913181, 43.6142594412976], [-79.3778943910707, 43.6141274231782], [-79.3779671318357, 43.6140637163063], [-79.3782343149692, 43.6139898299765], [-79.3783721007261, 43.6139435203098], [-79.3784902109961, 43.6139043451775], [-79.3786132383105, 43.61386517575], [-79.3787411705628, 43.6138331492643], [-79.3788444956138, 43.6138082441699], [-79.3789969923967, 43.6137833998195], [-79.3791789781473, 43.6137693072903], [-79.3793609425558, 43.6137659252579], [-79.3795232670398, 43.613751802793], [-79.3796314738782, 43.6137447696967], [-79.3797003535455, 43.6137341212283], [-79.3797643303121, 43.6137091823867], [-79.3798972813588, 43.6136199921923], [-79.3799908609031, 43.6135486280322], [-79.3801238033046, 43.6134630111131], [-79.3802124144466, 43.6134166568334], [-79.3803059652345, 43.613359586664], [-79.3804487435994, 43.6132739790969], [-79.3804930821588, 43.6132311426465], [-79.3805423154801, 43.6132061799322], [-79.3806210252323, 43.6131919767762], [-79.3806849733159, 43.6131813226653], [-79.3807538734504, 43.6131599528541], [-79.38082275321, 43.613142157278], [-79.3808769002738, 43.6131136246382], [-79.3809409520118, 43.6130565241095], [-79.3810908204943, 43.6129180486724], [-79.3812845574473, 43.6127858389253], [-79.3813695546701, 43.6127488957012], [-79.3814503333133, 43.6126965283416], [-79.3815354346139, 43.6126071420936], [-79.3815907538988, 43.6125424073451], [-79.3816460665207, 43.6124869258284], [-79.3817012948294, 43.6124746422155], [-79.3817735263593, 43.6124531226695], [-79.3818840498092, 43.6123884445666], [-79.3820031069019, 43.612305258903], [-79.3820668876952, 43.6122652145718], [-79.3821281337511, 43.6122482024306], [-79.382186190627, 43.6122339408384], [-79.3822335062716, 43.6123337341156], [-79.3822916540703, 43.612291586739], [-79.3824078709171, 43.612261020022], [-79.3826771366705, 43.6122498021842], [-79.3827985581927, 43.6122499266347], [-79.3829147316807, 43.6122346979087], [-79.3830361827767, 43.6122194753005], [-79.3833425309339, 43.612143077828], [-79.3834639963852, 43.6121201854066], [-79.3835696141181, 43.6121049453741], [-79.3836752023436, 43.6121050529521], [-79.3837755017452, 43.6121051549726], [-79.3838177416169, 43.6121013628637], [-79.3839022934803, 43.6120630941721], [-79.3840185187913, 43.6120210134882], [-79.3841716316212, 43.6120134990163], [-79.3843194316729, 43.6120251524683], [-79.3844989452103, 43.6120176650148], [-79.3847048690248, 43.6119986905427], [-79.384810493472, 43.6119796155765], [-79.3849002518098, 43.6119720367406], [-79.3850427655627, 43.611987527669], [-79.3853278166202, 43.6120069869758], [-79.3855740755308, 43.6120215820303], [-79.3857519012843, 43.612016079348], [-79.3859283234198, 43.6120187132411], [-79.3860572298999, 43.6120237741505], [-79.3862302218405, 43.6120387359632], [-79.3864880193306, 43.612071037058], [-79.3866372697674, 43.6120884407999], [-79.386810258065, 43.6121058687642], [-79.3870002312877, 43.6121159215384], [-79.3872818134268, 43.6121161999307], [-79.3875498152252, 43.6121312623], [-79.3876617799257, 43.6121264301502], [-79.387889092076, 43.6121241964717], [-79.388018008363, 43.612124313041], [-79.3880722957673, 43.6121243664885], [-79.3881164102826, 43.6121120868978], [-79.3881809141178, 43.612087494712], [-79.3882216738572, 43.6120604229064], [-79.3882551730766, 43.6120066267298], [-79.3883117379858, 43.6120009298461], [-79.3883518754713, 43.6119948302153], [-79.3883729781597, 43.6120055894707], [-79.3883877296118, 43.6120209520218], [-79.3884172680742, 43.6120393971368], [-79.3884573864284, 43.6120440362063], [-79.3884975072538, 43.6120471446258], [-79.3885249928622, 43.6120364330006], [-79.3885376817944, 43.6120210981088], [-79.3885672740001, 43.6120103882631], [-79.3886010702155, 43.6120104208647], [-79.3886242898499, 43.6120150431173], [-79.3886390695626, 43.6120150579069], [-79.3886559683033, 43.612015073757], [-79.3886707531529, 43.6120120191695], [-79.3886792158629, 43.612004358169], [-79.3886919120013, 43.611992092807], [-79.388700397748, 43.6119721534475], [-79.3887130799083, 43.6119675574479], [-79.3887363171729, 43.6119629805939], [-79.3887743377412, 43.6119630168735], [-79.3888060137118, 43.6119645781076], [-79.3888609078423, 43.6119707705205], [-79.3889622586017, 43.6119846768536], [-79.389057262822, 43.6120077947198], [-79.3891332496053, 43.6120308857772], [-79.3891817748202, 43.6120585491214], [-79.3892134379185, 43.6120662579559], [-79.3892514510041, 43.6120708940878], [-79.389274665369, 43.6120785945834], [-79.389299995304, 43.6120878186435], [-79.3893274264986, 43.6121001237477], [-79.3893400945365, 43.6121032051449], [-79.3893611962585, 43.6121078343173], [-79.3893886337877, 43.6121231990372], [-79.3894118343121, 43.6121385688717], [-79.3894371613724, 43.6121493415396], [-79.3894540275336, 43.6121600967202], [-79.3894814877547, 43.6121631920594], [-79.3895173677849, 43.6121755054237], [-79.3895469047132, 43.6121878023303], [-79.3895827979107, 43.6122062628539], [-79.3896809691776, 43.612252355177], [-79.3897671766165, 43.6123094266471], [-79.389854646906, 43.6124079231916], [-79.3898624859643, 43.6124774036321], [-79.3898623504764, 43.6125584525461], [-79.3898064812204, 43.6126105078099], [-79.3896789372273, 43.6126451119997], [-79.3896788322217, 43.6127030004904], [-79.3897106028638, 43.6127609284095], [-79.3896706137023, 43.6128477266694], [-79.389646641672, 43.6128882272065], [-79.3896146067684, 43.6129750330727], [-79.389614469261, 43.6130502942149], [-79.3896621312392, 43.6131371767429], [-79.3897177894591, 43.6132009156209], [-79.389813309806, 43.6132473108252], [-79.3898451317148, 43.6132705022044], [-79.3899008437742, 43.6133053012706], [-79.389908609275, 43.6134152975137], [-79.3899083259774, 43.6135773942424], [-79.3899400437666, 43.6136642618247], [-79.3900752835189, 43.613785965285], [-79.3902184463538, 43.6139250398398], [-79.390321881135, 43.6140004091323], [-79.3903855816738, 43.6140236216436], [-79.3904651708872, 43.6140700098294], [-79.3906242589256, 43.6142206837228], [-79.390702848042, 43.6143137350048], [-79.3907514700055, 43.6143713182428], [-79.3907991861741, 43.6144234647306], [-79.3908547936977, 43.6145161419061], [-79.3909900884151, 43.614603116836], [-79.3911253719429, 43.6146958701785], [-79.3913004480553, 43.6148176098117], [-79.3914436782606, 43.6149219555554], [-79.3915471186036, 43.6150030935359], [-79.3916173863304, 43.6150672144542], [-79.3916433029769, 43.6151029295463], [-79.3916550136682, 43.6151428800653], [-79.3916588646065, 43.615185675973], [-79.3916560511517, 43.6152138115189], [-79.3916548653634, 43.6152256116066], [-79.3916193929171, 43.6153026120579], [-79.3915640999432, 43.6154879886373], [-79.3915520102955, 43.6156591572144], [-79.3915634404281, 43.6158617275862], [-79.3915945939604, 43.6160100998694], [-79.3916179691829, 43.616115682197], [-79.3916688403555, 43.6162127294442], [-79.3917941565771, 43.616401130142], [-79.3918685289371, 43.6165267344358], [-79.3919226075898, 43.616659557033], [-79.3921216770163, 43.6169334240909], [-79.3923428576583, 43.6172388697999], [-79.3925873660087, 43.6175612878388], [-79.392843535072, 43.6178837162471], [-79.3932046131181, 43.6182825551887], [-79.3933676550079, 43.6184777143065], [-79.3934258494405, 43.6185625616059], [-79.3934372516511, 43.6187151909708], [-79.3936936060543, 43.61894434464], [-79.3938682036891, 43.6192073570388], [-79.3941477909107, 43.6194874076773], [-79.394427394123, 43.6197674659507], [-79.3944738896011, 43.6198692423271], [-79.3948584852558, 43.620174825703], [-79.395114883289, 43.6203785469419], [-79.3952081126703, 43.6204549371613], [-79.395301312267, 43.6205482957032], [-79.3954993816951, 43.6207434744189], [-79.3958956752267, 43.6210321056191], [-79.3961870683799, 43.6212528063017], [-79.3963968310182, 43.6214310445598], [-79.3967348466504, 43.6216772236308], [-79.397132064439, 43.621954843566], [-79.3976137012459, 43.6222992465822], [-79.3980183984962, 43.6225841426171], [-79.3981397371137, 43.622711801148], [-79.3982610268521, 43.6228689026245], [-79.3984362212179, 43.6231045344229], [-79.3985171093921, 43.6231929105927], [-79.3988003434141, 43.6234286384472], [-79.3990970684091, 43.6236741797702], [-79.3993129225861, 43.6238215433371], [-79.3994208426023, 43.6239001302098], [-79.399609701366, 43.6240376484189], [-79.3997714677401, 43.6242242095642], [-79.3998928294708, 43.6243420540486], [-79.4000951780713, 43.6244992160048], [-79.4003784890563, 43.62469567575], [-79.4007427432092, 43.6249510924932], [-79.4013633060179, 43.6254029594614], [-79.4016736227241, 43.6256092874612], [-79.4019569920134, 43.6257763354518], [-79.4023347509778, 43.6260415881329], [-79.4028744808729, 43.6263854780318], [-79.403294732361, 43.6266465510382], [-79.4033529944938, 43.6266647650745], [-79.4037510633107, 43.6265723870203], [-79.4039275513666, 43.6265370785473], [-79.4042898858824, 43.6264496640569], [-79.4046369130504, 43.6271633690884], [-79.4046978687788, 43.6272887280646], [-79.404765781273, 43.6274418171615], [-79.4048028075449, 43.6275363718809], [-79.404841751478, 43.6276489215897], [-79.4048876616888, 43.6277524763442], [-79.4049026175802, 43.6278470120208], [-79.4048262193061, 43.6279189594811], [-79.4047041395448, 43.6279863777638], [-79.4045959656955, 43.6280672996369], [-79.4044761858275, 43.6281527135124], [-79.4043749607662, 43.6282516526951], [-79.4042358313802, 43.6283325490186], [-79.4041082872205, 43.6284134637801], [-79.4039846275105, 43.6284988733789], [-79.4038551489869, 43.6285887782736], [-79.4037543314633, 43.6286787168619], [-79.4036337634938, 43.6287596276769], [-79.4035236683292, 43.6288315456706], [-79.403420946641, 43.6289034792235], [-79.4033112136171, 43.6289888998531], [-79.4032115536529, 43.6290833299773], [-79.4030917650474, 43.6291642411972], [-79.402968886307, 43.6292316563459], [-79.4028805105914, 43.6292900903981], [-79.4028014087412, 43.6293530334929], [-79.402690572381, 43.629406946873], [-79.4026595707082, 43.6294204228522], [-79.4026014104909, 43.6294608794623], [-79.4014173022498, 43.6301304952252], [-79.4007998943285, 43.6304585396604], [-79.3987687680811, 43.6315599967163], [-79.3978573119475, 43.6326864567536], [-79.3980913083537, 43.6328587367112], [-79.3982812278813, 43.6329636371198], [-79.3979261736435, 43.6333705970484], [-79.3976084800521, 43.6335593240951], [-79.3975943278041, 43.6335735157323], [-79.3975960740034, 43.6336397676276], [-79.3975423513259, 43.6336829886172], [-79.3974625182416, 43.6337246927674], [-79.3974403371136, 43.6337083178565], [-79.3973559897825, 43.6337008872854], [-79.3968072490773, 43.6339970705823], [-79.395503837682, 43.63470195502], [-79.3969534763081, 43.6364268112101], [-79.3969630815692, 43.6364410334588], [-79.3969500066047, 43.6364410211393], [-79.3969601509772, 43.6364589794702], [-79.3959699646016, 43.6365478175617], [-79.3959506644346, 43.6365208951014], [-79.3949793436813, 43.6353546241919], [-79.3944763987539, 43.6354641488949], [-79.3928807649935, 43.6362374502469], [-79.3919135160918, 43.6363265180931], [-79.3918995703677, 43.6363281514641], [-79.3918908161963, 43.63633068174], [-79.3918825126694, 43.6363376500818], [-79.3918776876653, 43.6363468535184], [-79.3918754825404, 43.6363528830236], [-79.3918754726152, 43.6363582744264], [-79.3918780898761, 43.6363643078588], [-79.3918842018076, 43.6363703445437], [-79.3918889917648, 43.6363738415319], [-79.3918981673022, 43.6363782880136], [-79.3919077688634, 43.6363805201242], [-79.3919165176048, 43.6363811681514], [-79.3919269158835, 43.6363812316235], [-79.3929182420329, 43.6362936088159], [-79.3944814487912, 43.6355315736147], [-79.3944908777059, 43.6355261821705], [-79.3946635160331, 43.6357337596172], [-79.3952655580232, 43.6364539558703], [-79.3952032636998, 43.6365411763497], [-79.3951418293386, 43.6366260300358], [-79.3947768862652, 43.6366601249794], [-79.3938856775741, 43.6367451110614], [-79.3935023566449, 43.6367840911969], [-79.393502368583, 43.6367772231809], [-79.393456646558, 43.6367714464457], [-79.3934014705804, 43.6367633839588], [-79.3933778152078, 43.6367610660591], [-79.3933573156506, 43.6367610470982], [-79.3933352387847, 43.6367633217657], [-79.3933052667981, 43.6367655709743], [-79.3932816135564, 43.6367689876761], [-79.3932563676456, 43.6367758322809], [-79.3932200858325, 43.6367861142871], [-79.3931948338015, 43.6367963973861], [-79.393177463734, 43.6368066877507], [-79.3931569641864, 43.6368066678535], [-79.3931569522088, 43.6368135358689], [-79.392889090139, 43.6368389665023], [-79.3918628563461, 43.6369388699059], [-79.3918464817713, 43.6368990051827], [-79.3916314384136, 43.6363806276084], [-79.3916249322594, 43.6363739875023], [-79.3916186659119, 43.6363708586947], [-79.3916060120595, 43.6363643562678], [-79.3915862229188, 43.6363691262634], [-79.3915752330441, 43.6363739048417], [-79.3915664221925, 43.6363802780651], [-79.3915620205192, 43.6363882494081], [-79.391562008696, 43.6363946402183], [-79.3915948087165, 43.6364808505804], [-79.3917829730245, 43.6369278667532], [-79.3919754917343, 43.6374020168119], [-79.3919644977958, 43.6374020151935], [-79.3919663533212, 43.6374110452113], [-79.3917750070021, 43.6374579508397], [-79.3916483629945, 43.6374872204555], [-79.3915308601852, 43.6375126991809], [-79.3913833428057, 43.6375428848569], [-79.3912593230232, 43.6375674135022], [-79.3910307094803, 43.637016166846], [-79.3895772992345, 43.6371454545986], [-79.3895927695282, 43.6371843101684], [-79.3899061685018, 43.6379538258144], [-79.38963560335, 43.6380099401642], [-79.3896255204348, 43.6380408498718], [-79.3894927366472, 43.6380716323739], [-79.3894777225279, 43.6380607088477], [-79.3894652277679, 43.6380479687183], [-79.3894552133294, 43.6380479590519], [-79.3891946382408, 43.6381040825783], [-79.3888185747957, 43.6371849910402], [-79.3871424734967, 43.6373417097554], [-79.3871496697336, 43.6373642922716], [-79.3876098641763, 43.63849623738], [-79.3870787308882, 43.6386066381728], [-79.3865951236226, 43.6374073281366], [-79.386590619253, 43.6373904821615], [-79.3855827329658, 43.6374838396861], [-79.385572562154, 43.6374941630576], [-79.3855910685886, 43.6375782454675], [-79.3856941962749, 43.637559868378], [-79.3857416216514, 43.6380730128084], [-79.3852441275248, 43.6381759855852], [-79.3851234033051, 43.6379193071524], [-79.3851710634621, 43.6379103536], [-79.3850325466381, 43.6376311623951], [-79.3854501499191, 43.6375911112323], [-79.3854378758576, 43.6375280896511], [-79.3844055199673, 43.637621465653], [-79.3846739386129, 43.6382158549132], [-79.3849368001375, 43.6388867584964], [-79.3849989151616, 43.6390128490934], [-79.3842403606746, 43.6391245201827], [-79.3839675930395, 43.6383681008115], [-79.3836776187658, 43.6377016853342], [-79.3821862718387, 43.6378260070672], [-79.380914559511, 43.6379415719079], [-79.3795792484464, 43.6380751128604], [-79.3800781259235, 43.6392188940297], [-79.3802693136771, 43.6396962122287], [-79.3801557535808, 43.6397230973986], [-79.380091723696, 43.6395924922097], [-79.3800531756396, 43.6396055309125], [-79.3801736454693, 43.6399004703922], [-79.3802030138842, 43.6399723857397], [-79.3802681486057, 43.6400833059756], [-79.3802905450212, 43.6401148345197], [-79.3803121809351, 43.6401418611341], [-79.3803334459242, 43.6401688968938], [-79.3803539083857, 43.6402004232282], [-79.3803735908267, 43.6402319574128], [-79.38039250362, 43.6402634824877], [-79.3804106581359, 43.6402905146703], [-79.3804280225183, 43.6403220376047], [-79.3804450026068, 43.6403535595925], [-79.3804608297047, 43.6403850814458], [-79.3804762598715, 43.6404166111778], [-79.3804909092299, 43.6404481316438], [-79.3805043944877, 43.6404796500183], [-79.3805175078156, 43.640511168523], [-79.3805298388502, 43.6405426867455], [-79.3805410070193, 43.6405742028948], [-79.3805517709618, 43.6406147199194], [-79.3806437267441, 43.6408774584299], [-79.3806542150295, 43.6409073811466], [-79.3806639944546, 43.6409326315974], [-79.3806952064238, 43.6410131716566], [-79.3808719442407, 43.6414691230138], [-79.3809148716102, 43.6415799029143], [-79.3809247123559, 43.641605278463], [-79.3809592683138, 43.6416939603235], [-79.3809887419699, 43.6417696387719], [-79.3811158194251, 43.6420682471223], [-79.381478885484, 43.6429214056109], [-79.3816448938441, 43.6433115445606], [-79.3818555956985, 43.6438188274112], [-79.3821180492989, 43.6444732368469], [-79.3821595359432, 43.6445810803746], [-79.3822685351405, 43.6448251207962], [-79.3824175586715, 43.6451588382788], [-79.3824743015335, 43.6453008387041], [-79.3791382068611, 43.6459956418537], [-79.3784725416156, 43.6461100908851], [-79.3781869664172, 43.6461914739379], [-79.3780367480435, 43.646238003658], [-79.3779261546548, 43.646292460776], [-79.3778957451926, 43.646306389477], [-79.3777924605507, 43.6463508631376], [-79.3776590841935, 43.6464295097062], [-79.377546170846, 43.6464785086744], [-79.3771055278428, 43.6467574118617], [-79.3770276928572, 43.6468190501833], [-79.3769775496449, 43.6468933747339], [-79.3757667390723, 43.6474693233626], [-79.3743007021967, 43.6482030325268], [-79.3740434863979, 43.6483317575642], [-79.3739770027809, 43.6483865115377], [-79.3739034805396, 43.6484523112395], [-79.373871220501, 43.6484902169021], [-79.3738562038853, 43.6485220381757], [-79.373839670327, 43.6485744612731], [-79.373310105628, 43.6486861318818], [-79.3729714125968, 43.648835413026], [-79.3721962502324, 43.6491396315058], [-79.3714682175207, 43.6494587784539], [-79.370416543806, 43.6498003270702], [-79.3703597844109, 43.6498162847648], [-79.3703187772648, 43.6498276787893], [-79.3702809207301, 43.649837933716], [-79.3702225765105, 43.6498527468581], [-79.3690772576963, 43.6501087630773], [-79.3678956978278, 43.6504033144935], [-79.3666960071886, 43.6506898214858], [-79.3656243977894, 43.650927444926], [-79.364033515062, 43.6512821075323], [-79.3627436446562, 43.6515771520251], [-79.3612688204247, 43.651922445814], [-79.3611115966854, 43.6520328550386], [-79.3610003029909, 43.6521110045637], [-79.3609032068291, 43.6522199915137], [-79.3608495057536, 43.6522779671318], [-79.360710091618, 43.652497331496], [-79.3605957409551, 43.6526529151701], [-79.3605160689414, 43.6527319401043], [-79.3603687436603, 43.6528385609932], [-79.360314919565, 43.6528740419924], [-79.3602830229091, 43.6528950928222], [-79.3601491155443, 43.6529833948616], [-79.3600745195907, 43.6530326129397], [-79.3592858328577, 43.6534981131734], [-79.358536449319, 43.6539146799072], [-79.3578363889133, 43.6542974223534], [-79.3575114576785, 43.6544903222842], [-79.3573785103508, 43.6544054983674], [-79.3572726916354, 43.6543876155148], [-79.3571354844705, 43.6543895418752], [-79.3569800417598, 43.6544072958353], [-79.3565323047412, 43.6544982790301], [-79.3564353807449, 43.6545195083038], [-79.3552360200731, 43.6547821497541], [-79.3550455927659, 43.6548246111317], [-79.3546482731234, 43.6549193226015], [-79.3545092789526, 43.6552760313389], [-79.3548204416073, 43.6555814828156], [-79.3545756854629, 43.6557464189449], [-79.3542180247585, 43.6559826447517], [-79.3540192900964, 43.6560845742154], [-79.3534809674394, 43.6563606416021], [-79.3532442907873, 43.6561529011353], [-79.3530784570744, 43.656082352109], [-79.3526854600832, 43.6557229086333]]]]}"
41,Harbourfront-CityPlace,165,30806,131,144,144,182,149,185,224,284,266,565.0692,576.7151,537.6746,659.5398,523.9653,633.7787,752.3342,942.0506,863.4681,14,14,10,20,9,14,21,27,26,60.38908,56.06953,37.33851,72.4769,31.64891,47.96163,70.53133,89.56115,89.56115,66,73,123,153,129,129,77,93,93,284.6914,292.3625,459.2637,554.4482,453.6343,441.9322,258.6149,308.4884,308.4884,27,64,38,63,81,82,75,54,58,116.4647,256.3178,141.8863,228.3022,284.8402,280.9181,251.8976,179.1223,188.275,,,,,,,2,,,,,,,,,6.71727,,,11,7,15,16,26,20,16,23,33,47.44856,56.00777,57.98152,91.43018,68.51662,53.73816,76.29283,107.122,28.03476,1,1,,1,6,2,5,6,3,4.313506,4.004966,,3.623845,21.09927,6.851662,16.79317,19.90248,9.738362,90,93,69,71,64,40,50,51,90,388.2155,372.4619,257.6357,257.293,225.0589,137.0332,167.9317,169.1711,292.1509,12,15,23,12,19,20,14,9,15,51.76207,60.07449,85.87858,43.48614,66.81436,68.51662,47.02089,29.85372,48.69181,"{'type': 'MultiPolygon', 'coordinates': [[[[-79.3801736454693, 43.6399004703922], [-79.3800531756396, 43.6396055309125], [-79.380091723696, 43.6395924922097], [-79.3801557535808, 43.6397230973986], [-79.3802693136771, 43.6396962122287], [-79.3800781259235, 43.6392188940297], [-79.3795792484464, 43.6380751128604], [-79.380914559511, 43.6379415719079], [-79.3821862718387, 43.6378260070672], [-79.3836776187658, 43.6377016853342], [-79.3839675930395, 43.6383681008115], [-79.3842403606746, 43.6391245201827], [-79.3849989151616, 43.6390128490934], [-79.3849368001375, 43.6388867584964], [-79.3846739386129, 43.6382158549132], [-79.3844055199673, 43.637621465653], [-79.3854378758576, 43.6375280896511], [-79.3854501499191, 43.6375911112323], [-79.3850325466381, 43.6376311623951], [-79.3851710634621, 43.6379103536], [-79.3851234033051, 43.6379193071524], [-79.3852441275248, 43.6381759855852], [-79.3857416216514, 43.6380730128084], [-79.3856941962749, 43.637559868378], [-79.3855910685886, 43.6375782454675], [-79.385572562154, 43.6374941630576], [-79.3855827329658, 43.6374838396861], [-79.386590619253, 43.6373904821615], [-79.3865951236226, 43.6374073281366], [-79.3870787308882, 43.6386066381728], [-79.3876098641763, 43.63849623738], [-79.3871496697336, 43.6373642922716], [-79.3871424734967, 43.6373417097554], [-79.3888185747957, 43.6371849910402], [-79.3891946382408, 43.6381040825783], [-79.3894552133294, 43.6380479590519], [-79.3894652277679, 43.6380479687183], [-79.3894777225279, 43.6380607088477], [-79.3894927366472, 43.6380716323739], [-79.3896255204348, 43.6380408498718], [-79.38963560335, 43.6380099401642], [-79.3899061685018, 43.6379538258144], [-79.3895927695282, 43.6371843101684], [-79.3895772992345, 43.6371454545986], [-79.3910307094803, 43.637016166846], [-79.3912593230232, 43.6375674135022], [-79.3913833428057, 43.6375428848569], [-79.3915308601852, 43.6375126991809], [-79.3916483629945, 43.6374872204555], [-79.3917750070021, 43.6374579508397], [-79.3919663533212, 43.6374110452113], [-79.3919644977958, 43.6374020151935], [-79.3919754917343, 43.6374020168119], [-79.3917829730245, 43.6369278667532], [-79.3915948087165, 43.6364808505804], [-79.391562008696, 43.6363946402183], [-79.3915620205192, 43.6363882494081], [-79.3915664221925, 43.6363802780651], [-79.3915752330441, 43.6363739048417], [-79.3915862229188, 43.6363691262634], [-79.3916060120595, 43.6363643562678], [-79.3916186659119, 43.6363708586947], [-79.3916249322594, 43.6363739875023], [-79.3916314384136, 43.6363806276084], [-79.3918464817713, 43.6368990051827], [-79.3918628563461, 43.6369388699059], [-79.392889090139, 43.6368389665023], [-79.3931569522088, 43.6368135358689], [-79.3931569641864, 43.6368066678535], [-79.393177463734, 43.6368066877507], [-79.3931948338015, 43.6367963973861], [-79.3932200858325, 43.6367861142871], [-79.3932563676456, 43.6367758322809], [-79.3932816135564, 43.6367689876761], [-79.3933052667981, 43.6367655709743], [-79.3933352387847, 43.6367633217657], [-79.3933573156506, 43.6367610470982], [-79.3933778152078, 43.6367610660591], [-79.3934014705804, 43.6367633839588], [-79.393456646558, 43.6367714464457], [-79.393502368583, 43.6367772231809], [-79.3935023566449, 43.6367840911969], [-79.3938856775741, 43.6367451110614], [-79.3947768862652, 43.6366601249794], [-79.3951418293386, 43.6366260300358], [-79.3952032636998, 43.6365411763497], [-79.3952655580232, 43.6364539558703], [-79.3946635160331, 43.6357337596172], [-79.3944908777059, 43.6355261821705], [-79.3944814487912, 43.6355315736147], [-79.3929182420329, 43.6362936088159], [-79.3919269158835, 43.6363812316235], [-79.3919165176048, 43.6363811681514], [-79.3919077688634, 43.6363805201242], [-79.3918981673022, 43.6363782880136], [-79.3918889917648, 43.6363738415319], [-79.3918842018076, 43.6363703445437], [-79.3918780898761, 43.6363643078588], [-79.3918754726152, 43.6363582744264], [-79.3918754825404, 43.6363528830236], [-79.3918776876653, 43.6363468535184], [-79.3918825126694, 43.6363376500818], [-79.3918908161963, 43.63633068174], [-79.3918995703677, 43.6363281514641], [-79.3919135160918, 43.6363265180931], [-79.3928807649935, 43.6362374502469], [-79.3944763987539, 43.6354641488949], [-79.3949793436813, 43.6353546241919], [-79.3959506644346, 43.6365208951014], [-79.3959699646016, 43.6365478175617], [-79.3969601509772, 43.6364589794702], [-79.3969500066047, 43.6364410211393], [-79.3969630815692, 43.6364410334588], [-79.3969534763081, 43.6364268112101], [-79.395503837682, 43.63470195502], [-79.3968072490773, 43.6339970705823], [-79.3973559897825, 43.6337008872854], [-79.3974403371136, 43.6337083178565], [-79.3974625182416, 43.6337246927674], [-79.3969266871332, 43.6340153968909], [-79.3972038944643, 43.6343157801778], [-79.3972228295595, 43.6343388040226], [-79.3973328391758, 43.6344726097638], [-79.3974969545403, 43.6346676731672], [-79.3979826269128, 43.6352449520886], [-79.3981450999817, 43.6354380601821], [-79.3982639819263, 43.6355753829373], [-79.3983410513153, 43.6356526658579], [-79.3983687728242, 43.6356835830213], [-79.3984070146325, 43.6357230338517], [-79.3984799801461, 43.6357867208816], [-79.3985978441626, 43.6358668838781], [-79.3987003789742, 43.6359319917239], [-79.3987865030065, 43.6359830872673], [-79.3988534814128, 43.636017928073], [-79.3989394905594, 43.6360634160544], [-79.399372106845, 43.6362683992124], [-79.3994436339991, 43.6363106334635], [-79.3994979683805, 43.6363479835836], [-79.3995807619368, 43.6364127853641], [-79.3996126373974, 43.6364429581438], [-79.3996496795791, 43.6364892131214], [-79.3996529197254, 43.6364932940463], [-79.399724174641, 43.6366401416778], [-79.3998186512396, 43.6368349063805], [-79.4000211903365, 43.6373502150032], [-79.4000341299199, 43.6373800928539], [-79.4002438756664, 43.63786474817], [-79.400290020216, 43.6379685113694], [-79.40031274222, 43.6380333145241], [-79.4003493654996, 43.6381169962623], [-79.4004388834111, 43.6383215313807], [-79.4006528062644, 43.6388480467978], [-79.4006661128867, 43.6388807956514], [-79.4012745947615, 43.6403783242539], [-79.4013513715631, 43.6405644312398], [-79.4014252357101, 43.6407583758482], [-79.4007038780684, 43.6409430085189], [-79.3995665966815, 43.6412340736606], [-79.399493494798, 43.6412548475053], [-79.3988496075671, 43.6414378089309], [-79.3975899125564, 43.641777785343], [-79.3958761635221, 43.6422139292304], [-79.3939320930106, 43.6427475708537], [-79.3926554106484, 43.6430879454705], [-79.3912889215009, 43.6434298220882], [-79.3899906981763, 43.6437126366335], [-79.3887210044431, 43.6439781549638], [-79.3871820870443, 43.6443285728838], [-79.3850247331973, 43.6447841886262], [-79.3840431601339, 43.6449736749589], [-79.3839961020796, 43.6449827544868], [-79.3834299400327, 43.6450920314282], [-79.3825381163269, 43.6452868980528], [-79.3824743015335, 43.6453008387041], [-79.3824175586715, 43.6451588382788], [-79.3822685351405, 43.6448251207962], [-79.3821595359432, 43.6445810803746], [-79.3821180492989, 43.6444732368469], [-79.3818555956985, 43.6438188274112], [-79.3816448938441, 43.6433115445606], [-79.381478885484, 43.6429214056109], [-79.3811158194251, 43.6420682471223], [-79.3809887419699, 43.6417696387719], [-79.3809592683138, 43.6416939603235], [-79.3809247123559, 43.641605278463], [-79.3809148716102, 43.6415799029143], [-79.3808719442407, 43.6414691230138], [-79.3806952064238, 43.6410131716566], [-79.3806639944546, 43.6409326315974], [-79.3806542150295, 43.6409073811466], [-79.3806437267441, 43.6408774584299], [-79.3805517709618, 43.6406147199194], [-79.3805410070193, 43.6405742028948], [-79.3805298388502, 43.6405426867455], [-79.3805175078156, 43.640511168523], [-79.3805043944877, 43.6404796500183], [-79.3804909092299, 43.6404481316438], [-79.3804762598715, 43.6404166111778], [-79.3804608297047, 43.6403850814458], [-79.3804450026068, 43.6403535595925], [-79.3804280225183, 43.6403220376047], [-79.3804106581359, 43.6402905146703], [-79.38039250362, 43.6402634824877], [-79.3803735908267, 43.6402319574128], [-79.3803539083857, 43.6402004232282], [-79.3803334459242, 43.6401688968938], [-79.3803121809351, 43.6401418611341], [-79.3802905450212, 43.6401148345197], [-79.3802681486057, 43.6400833059756], [-79.3802030138842, 43.6399723857397], [-79.3801736454693, 43.6399004703922]]]]}"
42,Wellington Place,164,27903,449,515,559,531,489,425,321,375,472,3034.604,3099.982,3028.661,2638.509,2241.063,1810.9,1284,1424.772,1691.574,28,20,25,29,40,33,40,46,70,189.2403,120.3876,135.45,144.0994,183.3181,140.611,160,174.772,174.772,109,97,164,168,186,144,117,106,115,736.6856,583.8801,888.5518,834.7826,852.429,613.5754,468,402.7356,402.7356,77,76,114,130,176,156,180,149,128,520.4109,457.4731,617.6519,645.9627,806.5994,664.7066,720,566.1094,458.732,1,1,,1,1,1,1,1,2,6.758583401,6,,5,4.582952,4.26094,4,3.799392,7.167688,32,40,47,52,53,51,24,26,63,216.2747,254.6459,258.3851,242.8964,217.3079,96,98.78419,225.7822,240.7753,3,6,3,11,9,8,2,6,8,20.27575,36.11629,16.254,54.65839,41.24656,34.08752,8,22.79635,28.67075,212,149,84,110,102,110,145,106,212,1432.82,896.888,455.1119,546.5839,467.4611,468.7034,580,402.7356,759.775,19,15,20,20,24,29,25,21,22,128.4131,90.29073,108.36,99.37888,109.9908,123.5673,100,79.78723,78.84457,"{'type': 'MultiPolygon', 'coordinates': [[[[-79.4007038780684, 43.6409430085189], [-79.4014252357101, 43.6407583758482], [-79.4016845426756, 43.6413968689556], [-79.4017392815261, 43.6415316396105], [-79.4018985845761, 43.6419238489754], [-79.4021991356003, 43.6426639386384], [-79.4023999546072, 43.6432026530276], [-79.4027087735863, 43.6439348991408], [-79.4029039725183, 43.6444208152486], [-79.4029588233856, 43.6445504816136], [-79.4031088045657, 43.6448990159882], [-79.403236973253, 43.6452005889799], [-79.4033728906455, 43.6455251678882], [-79.4037641923566, 43.646480327445], [-79.4038925486155, 43.6468311463792], [-79.4040137438791, 43.6471968746489], [-79.4020050657495, 43.6476218985789], [-79.4014169545634, 43.6477181659008], [-79.4009411122855, 43.6478220715061], [-79.4006002846662, 43.647896487012], [-79.4001495049092, 43.6479844790143], [-79.3996799267953, 43.6480761335071], [-79.3984218478531, 43.6483343974969], [-79.3981812566026, 43.6483822686256], [-79.3974181808513, 43.6485465904243], [-79.3963848531271, 43.6487741043426], [-79.3937055424924, 43.6493597481201], [-79.3934518402915, 43.6494150683965], [-79.3921592153382, 43.6496897301729], [-79.3911403348075, 43.6499063367159], [-79.3907098766475, 43.6499974064937], [-79.3905076396892, 43.6500386731193], [-79.3902938573739, 43.6500822870558], [-79.3902585747309, 43.6500903545973], [-79.3897586020481, 43.650204532443], [-79.3894799115389, 43.6502406016363], [-79.3886465275184, 43.6504298663366], [-79.3875195699723, 43.6506815030548], [-79.3874340225411, 43.6505945015436], [-79.3872928051703, 43.6502670461502], [-79.3871409747726, 43.6499149970269], [-79.3868843765139, 43.6492632339458], [-79.3866245689436, 43.6486468327305], [-79.3863726980108, 43.6480179005628], [-79.3861138146972, 43.6474036684598], [-79.3855651130512, 43.646062574091], [-79.3850247331973, 43.6447841886262], [-79.3871820870443, 43.6443285728838], [-79.3887210044431, 43.6439781549638], [-79.3899906981763, 43.6437126366335], [-79.3912889215009, 43.6434298220882], [-79.3926554106484, 43.6430879454705], [-79.3939320930106, 43.6427475708537], [-79.3958761635221, 43.6422139292304], [-79.3975899125564, 43.641777785343], [-79.3988496075671, 43.6414378089309], [-79.399493494798, 43.6412548475053], [-79.3995665966815, 43.6412340736606], [-79.4007038780684, 43.6409430085189]]]]}"
43,Fort York-Liberty Village,163,21328,97,112,99,99,130,125,93,153,166,646.1928,671.3018,538.629,522.0693,664.316,621.1489,452.2906,734.2355,778.3196,10,15,14,10,13,19,16,14,15,66.61781,89.90649,76.16975,52.73427,66.4316,94.41463,77.81345,67.18495,67.18495,40,71,60,76,102,120,66,54,32,266.4713,425.5574,326.4418,400.7805,521.2325,596.3029,320.9804,259.1419,259.1419,33,37,28,58,43,83,46,41,28,219.8388,221.7694,152.3395,305.8588,219.7353,412.4428,223.7137,196.7559,131.2828,,2,,,1,,,,,,12,,,5.110123,,,,,9,7,4,2,5,8,14,7,12,59.95603,21.76278,10.54685,25.55062,39.75353,68.08676,33.59248,56.26406,41.95636,1,2,1,,3,1,1,2,3,6.661781,11.98753,5.440696,,15.33037,4.969191,4.86334,9.59785,14.06602,41,57,24,39,32,47,44,38,41,273.133,341.6447,130.5767,205.6637,163.5239,233.552,213.987,182.3591,192.2356,11,14,11,8,8,12,4,17,16,73.27959,83.91273,59.84766,42.18742,40.88099,59.63029,19.45336,81.58173,75.01875,"{'type': 'MultiPolygon', 'coordinates': [[[[-79.4079327467821, 43.6401005983317], [-79.4078030161533, 43.6400914924985], [-79.4076732583287, 43.6400913963518], [-79.4075431237116, 43.6400867910518], [-79.4074133734793, 43.6400821846572], [-79.4072836171415, 43.640082079985], [-79.4071534823732, 43.6400774823426], [-79.4070237248153, 43.6400773773583], [-79.4068939796793, 43.6400772714992], [-79.4067638390574, 43.6400771653819], [-79.4066340815375, 43.640077059055], [-79.4065039406634, 43.6400769625424], [-79.4063737914272, 43.6400813560146], [-79.4062440351274, 43.640081250162], [-79.4061142776169, 43.6400811432448], [-79.4059845139083, 43.6400855371481], [-79.4058547611011, 43.6400899400599], [-79.4057246130266, 43.6400943337089], [-79.4055952459803, 43.6400987282012], [-79.4054654747561, 43.6401076215638], [-79.4053357221187, 43.6401120148843], [-79.4052059505741, 43.6401209178518], [-79.40507658345, 43.6401253117554], [-79.4049471964221, 43.6401342053886], [-79.4048178093603, 43.6401430988746], [-79.4046880503209, 43.6401519924241], [-79.404559058682, 43.6401608857342], [-79.4044300682249, 43.6401697798154], [-79.4043006856142, 43.6401831828356], [-79.4041716951035, 43.6401920757238], [-79.4040430812848, 43.6402054702786], [-79.4039983790641, 43.6402101133178], [-79.4039140830997, 43.6402188638226], [-79.4037839083258, 43.6402322560945], [-79.4012745947615, 43.6403783242539], [-79.4006661128867, 43.6388807956514], [-79.4006528062644, 43.6388480467978], [-79.4004388834111, 43.6383215313807], [-79.40031274222, 43.6380333145241], [-79.400290020216, 43.6379685113694], [-79.4002438756664, 43.63786474817], [-79.4000341299199, 43.6373800928539], [-79.4000211903365, 43.6373502150032], [-79.3998186512396, 43.6368349063805], [-79.399724174641, 43.6366401416778], [-79.3996529197254, 43.6364932940463], [-79.3996496795791, 43.6364892131214], [-79.3996126373974, 43.6364429581438], [-79.3995807619368, 43.6364127853641], [-79.3994979683805, 43.6363479835836], [-79.3994436339991, 43.6363106334635], [-79.399372106845, 43.6362683992124], [-79.3989394905594, 43.6360634160544], [-79.3988534814128, 43.636017928073], [-79.3987865030065, 43.6359830872673], [-79.3987003789742, 43.6359319917239], [-79.3985978441626, 43.6358668838781], [-79.3984799801461, 43.6357867208816], [-79.3984070146325, 43.6357230338517], [-79.3983687728242, 43.6356835830213], [-79.3983410513153, 43.6356526658579], [-79.3982639819263, 43.6355753829373], [-79.3981450999817, 43.6354380601821], [-79.3980666837168, 43.6353448618372], [-79.3979826269128, 43.6352449520886], [-79.3974969545403, 43.6346676731672], [-79.3973328391758, 43.6344726097638], [-79.3972228295595, 43.6343388040226], [-79.3972038944643, 43.6343157801778], [-79.3969266871332, 43.6340153968909], [-79.3974625182416, 43.6337246927674], [-79.3975423513259, 43.6336829886172], [-79.3975960740034, 43.6336397676276], [-79.3975943278041, 43.6335735157323], [-79.3976084800521, 43.6335593240951], [-79.3979261736435, 43.6333705970484], [-79.3982537610245, 43.6332007809392], [-79.3988662822005, 43.6328855378067], [-79.4016752740065, 43.6313694890741], [-79.4020126859104, 43.6311878431857], [-79.402037304349, 43.6312072622052], [-79.4021668293732, 43.6311476843795], [-79.4021977040866, 43.6311059173424], [-79.4022470291072, 43.6310895507832], [-79.4022409132402, 43.6310626849189], [-79.4023190445713, 43.6310269349174], [-79.4023375047295, 43.6310448550688], [-79.4028796075784, 43.6311975301025], [-79.4028569388966, 43.6312452636487], [-79.4030294323033, 43.631291677106], [-79.4029465638115, 43.6314759549143], [-79.4050666829977, 43.633124846248], [-79.4066516503286, 43.6328598720096], [-79.4079347858228, 43.6330015862089], [-79.4086276530518, 43.6330749809119], [-79.4087957723331, 43.6317087400554], [-79.4096353222782, 43.6312335304478], [-79.4099953494022, 43.6311607683533], [-79.4100006324025, 43.6311251899154], [-79.4099981214447, 43.6311139360942], [-79.4099996351811, 43.6310794712259], [-79.4099997001251, 43.6310353105854], [-79.4099938927437, 43.630949135175], [-79.4099154433327, 43.63096116247], [-79.4098758668157, 43.630965568504], [-79.4096996287997, 43.630992443027], [-79.409464059675, 43.6310246169675], [-79.4094641054329, 43.6309864148572], [-79.4094650325834, 43.6309382486653], [-79.4094766170782, 43.6308988052242], [-79.4094766999359, 43.6308269109466], [-79.4094490361093, 43.6307055591396], [-79.4093904932428, 43.6305331097906], [-79.4093392137942, 43.6303755441414], [-79.4092852338168, 43.6302179678907], [-79.4092138253822, 43.6300558865693], [-79.4091420031774, 43.629929800734], [-79.4090519724394, 43.6297902076066], [-79.4090579684338, 43.6296596828331], [-79.4091553771156, 43.6295247310175], [-79.4093610964355, 43.6294618746672], [-79.409545041941, 43.6294485183583], [-79.409707327144, 43.6294261346569], [-79.409879317018, 43.6293947656701], [-79.4100412785619, 43.6293228725045], [-79.4101978446288, 43.6292464840282], [-79.4102421323649, 43.6291474941386], [-79.41019541825, 43.6290529342888], [-79.4101483741178, 43.628922376631], [-79.4101601599442, 43.62880534997], [-79.4101231783308, 43.6286748098186], [-79.4100633170727, 43.628580238994], [-79.4100441420841, 43.6284496944168], [-79.4100334800555, 43.6283371689722], [-79.4100627085376, 43.6282066620793], [-79.4101349512168, 43.6280671886729], [-79.4102520812151, 43.6279412521313], [-79.4103800805499, 43.6278063222548], [-79.4105374442983, 43.6276984198278], [-79.4107060456531, 43.6275995270128], [-79.4108711721657, 43.6274871292594], [-79.4110502383341, 43.6273837444135], [-79.4112408301609, 43.6273208733145], [-79.4114635184064, 43.6273075347354], [-79.4116625287802, 43.6273256919525], [-79.4118564956925, 43.6273528366936], [-79.4120489131597, 43.6273799892904], [-79.4122591516691, 43.6273981448034], [-79.4124496890095, 43.6273892800996], [-79.4126390678227, 43.6273759231339], [-79.4128118039711, 43.6273625436241], [-79.4129710100027, 43.6273221496673], [-79.4130896100306, 43.6272547201311], [-79.4131873634331, 43.6271467777807], [-79.41331686409, 43.6270298489783], [-79.4134900232524, 43.6269804630941], [-79.4136607803698, 43.6269985865899], [-79.413825258679, 43.6270572196113], [-79.4140052399879, 43.6271158550374], [-79.4141864180777, 43.6271609981893], [-79.4143695232988, 43.6271836300526], [-79.4145437956666, 43.6271792506554], [-79.4147029742305, 43.6271658674916], [-79.4148602149227, 43.6271479732715], [-79.4150140038895, 43.6271165736917], [-79.4151584795825, 43.6270896763815], [-79.4152835491591, 43.6270897602063], [-79.4153946790821, 43.6270898424093], [-79.4154586026452, 43.627067385984], [-79.4155420576143, 43.6269279177965], [-79.4155913094921, 43.6268784459899], [-79.4156509384562, 43.6268874823947], [-79.4156748594134, 43.6269460091021], [-79.4155510555142, 43.6271394566301], [-79.4155475105502, 43.6271844613522], [-79.4155698387752, 43.6272654902302], [-79.4155264043087, 43.6273284774385], [-79.4156359030819, 43.6276526080429], [-79.4157736810591, 43.6277112192713], [-79.4161010598758, 43.6278644746433], [-79.4161535000257, 43.6280265382857], [-79.4162378701886, 43.6280671059583], [-79.4161983026735, 43.6281120842174], [-79.4173374194641, 43.6279328407752], [-79.4178365889291, 43.6273525832504], [-79.4177574122714, 43.626920459073], [-79.4181243212285, 43.6270737282867], [-79.4183791565238, 43.6270378962493], [-79.4186382237243, 43.6267590286512], [-79.4183356089452, 43.6266102983572], [-79.4181841707109, 43.6266192008107], [-79.4168062745237, 43.6264427143788], [-79.4165236471315, 43.6264065117761], [-79.415264984162, 43.6265361518083], [-79.4150856581705, 43.6265585313177], [-79.4150147903443, 43.6265584786481], [-79.4149203040497, 43.6265584081108], [-79.4148433217659, 43.6265178446837], [-79.4148383542468, 43.6264638323337], [-79.4148937769315, 43.6264413699664], [-79.4149855809862, 43.6264189349168], [-79.4150216040096, 43.6264099605523], [-79.4163929227084, 43.6262939080565], [-79.4164068631886, 43.6262939184347], [-79.4165060214146, 43.6262759788787], [-79.4165931402198, 43.62627154221], [-79.4166806428833, 43.6262851078518], [-79.4166841192289, 43.6262896111567], [-79.4179148974989, 43.6264569819621], [-79.4182250052513, 43.6264977014613], [-79.41827642485, 43.6265652492805], [-79.4184332597162, 43.6265518590915], [-79.4194620722534, 43.6268991062058], [-79.4195147667844, 43.6268766398838], [-79.419589963265, 43.6268271757713], [-79.419699627444, 43.6267732450412], [-79.4198553343351, 43.6267418402446], [-79.4200171645033, 43.6267644570397], [-79.4202384390379, 43.6269356290932], [-79.4202615604552, 43.6270211582908], [-79.4202939757152, 43.6271066943878], [-79.4203651336667, 43.6271787459306], [-79.4204626537159, 43.627237323623], [-79.4205752676848, 43.6272869096044], [-79.4206979441924, 43.6273454943907], [-79.420832626784, 43.6273950951403], [-79.4209677251466, 43.6274401869042], [-79.4211291444988, 43.6274853053764], [-79.4212650180585, 43.6275258965281], [-79.4213803878458, 43.6275439790115], [-79.4214814791781, 43.6275260366306], [-79.4216340943264, 43.6274991363996], [-79.4218273618122, 43.6274677551147], [-79.4220167668202, 43.6274318695307], [-79.4222108034253, 43.6274184997754], [-79.4223892436634, 43.6274681202053], [-79.4224824629709, 43.6275491871549], [-79.4225334818345, 43.6276347344853], [-79.42254727208, 43.627742761303], [-79.4224581066036, 43.6278237130753], [-79.4223604164557, 43.6279046686575], [-79.4222681479667, 43.6279901190281], [-79.4221832144799, 43.6280755832468], [-79.4221219608792, 43.6281430522263], [-79.422090869764, 43.6282195426593], [-79.4220768356996, 43.6283005454449], [-79.4220565468761, 43.6283995471659], [-79.4220649680633, 43.6284805655438], [-79.422091598033, 43.628548094417], [-79.4221337247306, 43.6286201339038], [-79.4221735087838, 43.628692172547], [-79.4222175745445, 43.6287507022634], [-79.4222763608986, 43.6288092514938], [-79.4223343689663, 43.6288768010826], [-79.4223838614337, 43.6289263431888], [-79.4224271701698, 43.6289758710492], [-79.4224929503439, 43.6290119213432], [-79.422487482906, 43.6290524238858], [-79.4224696521559, 43.6290704143305], [-79.4215138267549, 43.6291508193787], [-79.4209754757947, 43.6291954831702], [-79.4203066294717, 43.6292445535313], [-79.4200653596857, 43.629257895577], [-79.4200537298616, 43.6292623970412], [-79.4196296094906, 43.6293251278468], [-79.4193985894149, 43.6291989547846], [-79.4194028462327, 43.6291944567669], [-79.4194222449288, 43.6291719667138], [-79.4193372773338, 43.6290008802889], [-79.4194903781843, 43.6288929632981], [-79.4195771585131, 43.6288660107582], [-79.4196465335071, 43.6288255528924], [-79.4196605168263, 43.628794057819], [-79.4197171036063, 43.6287535824505], [-79.4197082539428, 43.6287085691975], [-79.419680070772, 43.6286455400709], [-79.4196906195496, 43.6285780367095], [-79.4197228487504, 43.6285150496608], [-79.419762048174, 43.6284475579684], [-79.4198182803557, 43.6283935888573], [-79.4198768052113, 43.6283486229308], [-79.4198253286639, 43.6283215828388], [-79.4197714674522, 43.6283530497012], [-79.4197059474201, 43.6284025207598], [-79.4196230158546, 43.628451969815], [-79.4195997091158, 43.6285059619365], [-79.4196135592211, 43.6285734821363], [-79.4195987358317, 43.6286499924377], [-79.4195158102166, 43.628694941331], [-79.4194201370856, 43.6287083847013], [-79.4193508464629, 43.6286948335292], [-79.4192958983751, 43.6286587889799], [-79.4192498909644, 43.6286002474918], [-79.4191891741032, 43.6285416961159], [-79.4191501249343, 43.628496661282], [-79.419174212964, 43.628442670155], [-79.4192006368962, 43.6283751784254], [-79.4192634611941, 43.6283032019667], [-79.4193162302636, 43.6282267276025], [-79.4193538990984, 43.6281547435273], [-79.4193555558485, 43.628064721739], [-79.4193281598441, 43.6279881903083], [-79.4192399517813, 43.6279341280647], [-79.4191307903572, 43.6278980458016], [-79.419036722984, 43.6278799766007], [-79.4189325437344, 43.6278799112569], [-79.4187779809802, 43.6279158163721], [-79.4187198698038, 43.6279382785372], [-79.4186706429303, 43.6279697486748], [-79.4186442496833, 43.628014736288], [-79.4186329375655, 43.6280777477397], [-79.4186258824798, 43.6281362512988], [-79.418595610085, 43.6281902386769], [-79.4185721593912, 43.6282398103697], [-79.4185379274083, 43.6282623795553], [-79.4184726113433, 43.6282600828352], [-79.4184197816029, 43.6282261542873], [-79.4184074251566, 43.6281719210007], [-79.4180356148983, 43.6282363485095], [-79.4184308279712, 43.6295047659648], [-79.4186877405555, 43.6294616247128], [-79.4187009269708, 43.6295068213949], [-79.4201427484254, 43.6301387724567], [-79.420147792606, 43.6301383352624], [-79.4202302040786, 43.6301269337516], [-79.4203593077382, 43.6301174461922], [-79.4205165236261, 43.6301035226956], [-79.4208155567508, 43.6300808934547], [-79.4237059267049, 43.6298591651544], [-79.4237724189476, 43.6298531968938], [-79.4237771744369, 43.6298454497702], [-79.42386251869, 43.629837756085], [-79.4241856572197, 43.6298105982267], [-79.4241979524296, 43.6298095621242], [-79.4242943744665, 43.6298013086422], [-79.4244054694721, 43.6297927675461], [-79.4244545365972, 43.6297887043022], [-79.4245776652901, 43.6297793610056], [-79.4258245810773, 43.6296884977317], [-79.4259672807872, 43.6296659157019], [-79.4272155394072, 43.6297314197672], [-79.4277787230326, 43.6298020501585], [-79.4278189933382, 43.629919292345], [-79.4280595367735, 43.6306301396237], [-79.4281703461782, 43.6309561498875], [-79.4283159922796, 43.6315220418105], [-79.4286525994399, 43.632791736238], [-79.4287098122491, 43.6329218516065], [-79.4287627990661, 43.6330423682872], [-79.4289431664509, 43.6334525653101], [-79.4289066625901, 43.633458025011], [-79.4287869794155, 43.6334714612874], [-79.4286669118944, 43.6334848975565], [-79.4285472286201, 43.6334983335801], [-79.428427923818, 43.6335162712421], [-79.428308624474, 43.6335297167968], [-79.4281893195692, 43.6335476533076], [-79.4280703988705, 43.6335655904759], [-79.4279515029122, 43.6335835269602], [-79.4278337471049, 43.6336014736021], [-79.4278195160527, 43.6336041744015], [-79.4277159732687, 43.6336239119319], [-79.4275982183422, 43.6336508505612], [-79.4274804569786, 43.6336732789151], [-79.4273634638448, 43.6336957177182], [-79.4272464774375, 43.6337226476509], [-79.4271294783019, 43.6337495862922], [-79.4270128757553, 43.6337765248694], [-79.4268966634839, 43.633798954132], [-79.4267804391677, 43.6338303933363], [-79.4266646051273, 43.6338573232276], [-79.4265491674427, 43.6338842620594], [-79.4265252779976, 43.633890764442], [-79.4264337115761, 43.6339156934815], [-79.4263186567428, 43.6339426319487], [-79.4262039814065, 43.6339740720845], [-79.4260893061884, 43.6340055031025], [-79.4259753992185, 43.6340369427849], [-79.4258615047364, 43.6340683744217], [-79.425747994227, 43.6340998139349], [-79.4256348733059, 43.6341357462564], [-79.4255240531468, 43.634166549113], [-79.4243005978858, 43.6345089048597], [-79.423081567804, 43.6348500362663], [-79.4205582057862, 43.6355561525344], [-79.4203544051119, 43.6356131786358], [-79.4195756711524, 43.6358271721421], [-79.4197556545526, 43.6361964363839], [-79.4203565102535, 43.6377451130167], [-79.4205783770689, 43.6383169719946], [-79.4207633691966, 43.6388091612519], [-79.4208022745856, 43.6389126495972], [-79.4208758495482, 43.6391084532856], [-79.4210160360093, 43.6394814504509], [-79.4212932923035, 43.6401876740908], [-79.4214004358629, 43.6406199759531], [-79.4213453076611, 43.6406176694136], [-79.4195564908113, 43.6405428659654], [-79.4154764127622, 43.6403905617036], [-79.4145477309009, 43.6403558551296], [-79.4112723936785, 43.640233407685], [-79.4085799236547, 43.6401326132728], [-79.4084513445862, 43.6401235089042], [-79.4083219782511, 43.6401189133895], [-79.4081922475113, 43.6401098079968], [-79.4080624971347, 43.6401052032378], [-79.4079327467821, 43.6401005983317]]]]}"
44,West Queen West,162,14816,130,138,122,137,107,115,102,112,119,982.541,1028.163,890.641,983.2065,752.8849,795.7376,698.7258,764.0358,803.1857,12,7,7,6,7,14,12,13,22,90.69609,52.15318,51.10235,43.06014,49.25415,96.87241,82.20304,88.68272,88.68272,51,45,63,67,66,88,82,38,28,385.4584,335.2704,459.9211,480.8382,464.3963,608.9122,561.7208,259.2264,259.2264,34,29,42,31,28,65,63,50,36,256.9723,216.0632,306.6141,222.4774,197.0166,449.7647,431.566,341.0874,242.9806,,,1,,1,,1,,,,,7,,7.036307,,6.850254,,,19,12,7,7,8,11,8,13,6,143.6021,51.10235,50.23683,56.29046,76.11403,54.80203,88.68272,40.49676,89.40546,,2,3,1,1,1,,1,,,14.90091,21.90101,7.17669,7.036307,6.919457,,6.821748,,99,50,48,87,58,56,40,52,99,748.2427,372.5227,350.4161,624.372,408.1058,387.4896,274.0101,354.7309,668.1965,6,4,6,4,7,6,7,6,6,45.34805,29.80182,43.80201,28.70676,49.25415,41.51675,47.95177,40.93048,40.49676,"{'type': 'MultiPolygon', 'coordinates': [[[[-79.4058547611011, 43.6400899400599], [-79.4059845139083, 43.6400855371481], [-79.4061142776169, 43.6400811432448], [-79.4062440351274, 43.640081250162], [-79.4063737914272, 43.6400813560146], [-79.4065039406634, 43.6400769625424], [-79.4066340815375, 43.640077059055], [-79.4067638390574, 43.6400771653819], [-79.4068939796793, 43.6400772714992], [-79.4070237248153, 43.6400773773583], [-79.4071534823732, 43.6400774823426], [-79.4072836171415, 43.640082079985], [-79.4074133734793, 43.6400821846572], [-79.4075431237116, 43.6400867910518], [-79.4076732583287, 43.6400913963518], [-79.4078030161533, 43.6400914924985], [-79.4079327467821, 43.6401005983317], [-79.4080624971347, 43.6401052032378], [-79.4081922475113, 43.6401098079968], [-79.4083219782511, 43.6401189133895], [-79.4084513445862, 43.6401235089042], [-79.4085799236547, 43.6401326132728], [-79.4112723936785, 43.640233407685], [-79.4145477309009, 43.6403558551296], [-79.4154764127622, 43.6403905617036], [-79.4195564908113, 43.6405428659654], [-79.4213453076611, 43.6406176694136], [-79.4214004358629, 43.6406199759531], [-79.4214196732962, 43.6408289649504], [-79.4216586459464, 43.641482763833], [-79.4216869693892, 43.6415584853009], [-79.4222371362146, 43.643027300156], [-79.4224135413678, 43.6435001364119], [-79.4218056564627, 43.6436262810672], [-79.4212003577327, 43.6437351067773], [-79.4200119412236, 43.6439896497848], [-79.4194227772347, 43.6441052007405], [-79.4188652422551, 43.6442128774299], [-79.4174849721936, 43.6444886090529], [-79.4163067143799, 43.6447341925712], [-79.4150791235316, 43.6449818691881], [-79.4139801834405, 43.6452139845952], [-79.4132006355707, 43.6453747808649], [-79.4114919542768, 43.6457093302025], [-79.411263198495, 43.6457572196649], [-79.4107935813918, 43.645855554362], [-79.4099499714378, 43.6460054945701], [-79.409579724029, 43.6460892842345], [-79.4085860562799, 43.6462977403077], [-79.4077140034298, 43.6464778946787], [-79.4073251472813, 43.6465510857788], [-79.4065790887717, 43.6466915116632], [-79.4052088306913, 43.6469766271288], [-79.4040137438791, 43.6471968746489], [-79.4038925486155, 43.6468311463792], [-79.4037641923566, 43.646480327445], [-79.4033728906455, 43.6455251678882], [-79.403236973253, 43.6452005889799], [-79.4031088045657, 43.6448990159882], [-79.4029588233856, 43.6445504816136], [-79.4029039725183, 43.6444208152486], [-79.4027087735863, 43.6439348991408], [-79.4023999546072, 43.6432026530276], [-79.4021991356003, 43.6426639386384], [-79.4018985845761, 43.6419238489754], [-79.4017392815261, 43.6415316396105], [-79.4016845426756, 43.6413968689556], [-79.4014252357101, 43.6407583758482], [-79.4013513715631, 43.6405644312398], [-79.4012745947615, 43.6403783242539], [-79.4037839083258, 43.6402322560945], [-79.4039140830997, 43.6402188638226], [-79.4039983790641, 43.6402101133178], [-79.4040430812848, 43.6402054702786], [-79.4041716951035, 43.6401920757238], [-79.4043006856142, 43.6401831828356], [-79.4044300682249, 43.6401697798154], [-79.404559058682, 43.6401608857342], [-79.4046880503209, 43.6401519924241], [-79.4048178093603, 43.6401430988746], [-79.4049471964221, 43.6401342053886], [-79.40507658345, 43.6401253117554], [-79.4052059505741, 43.6401209178518], [-79.4053357221187, 43.6401120148843], [-79.4054654747561, 43.6401076215638], [-79.4055952459803, 43.6400987282012], [-79.4057246130266, 43.6400943337089], [-79.4058547611011, 43.6400899400599]]]]}"
45,Humber Bay Shores,161,20075,58,77,77,81,75,94,82,102,121,395.0146,484.2158,449.6876,457.6788,409.7689,498.5679,424.9585,520.7802,602.7397,7,8,7,18,9,22,17,25,50,47.67418,50.30814,40.88069,101.7064,49.17227,116.6861,88.10116,127.6422,127.6422,9,13,31,38,62,74,39,23,23,61.29538,81.75072,181.043,214.7135,338.7423,392.4897,202.1144,117.4308,117.4308,13,20,16,15,14,34,19,29,27,88.53777,125.7703,93.44157,84.75534,76.4902,180.3331,98.466,148.0649,134.4956,,1,,,,1,,,2,,6,,,,5.303914,,,9.96264,1,6,3,6,15,10,8,6,8,6.810597,17.52029,33.90213,81.95378,53.03914,41.45937,30.63413,39.85056,37.7311,,2,,,,2,1,1,3,,12.57703,,,,10.60783,5.182421,5.105688,14.94396,47,21,35,34,14,19,28,20,47,320.0981,132.0589,204.4034,192.1121,76.4902,100.7744,145.1078,102.1138,234.122,6,6,10,8,7,5,11,6,12,40.86358,37.7311,58.40098,45.20285,38.2451,26.51957,57.00663,30.63413,59.77584,"{'type': 'MultiPolygon', 'coordinates': [[[[-79.4739643255443, 43.6333013772769], [-79.4740113921795, 43.6332179359775], [-79.4739094578746, 43.6332805352772], [-79.4738217539335, 43.6332472192222], [-79.4736287407795, 43.6331732918071], [-79.4735502433292, 43.6331432354671], [-79.4734763943225, 43.6331149546083], [-79.4733709872608, 43.6330673484154], [-79.4733288107269, 43.6330483008657], [-79.4732600308695, 43.6330175718798], [-79.4731632094241, 43.6329775741581], [-79.4730603663307, 43.632935063042], [-79.4728010429935, 43.6328278944644], [-79.4724327268002, 43.632634194928], [-79.4720262353203, 43.6323751627125], [-79.4713329218602, 43.6317919439085], [-79.4712317874952, 43.6317078360063], [-79.4714511863219, 43.6314510816666], [-79.4713182151205, 43.6313682533888], [-79.4713467305336, 43.6313406532543], [-79.4712745522118, 43.6312964743546], [-79.4712365618194, 43.6312605852352], [-79.4711358801989, 43.631191563991], [-79.4709763276719, 43.6310824898169], [-79.4708965597892, 43.6310258953585], [-79.4708395708924, 43.6309886156277], [-79.4708167807556, 43.630965151681], [-79.4707996869405, 43.6309471987215], [-79.4707882871192, 43.630919597693], [-79.4707705365526, 43.6308782230054], [-79.4707707653442, 43.6308403627121], [-79.4707803003695, 43.6308048274982], [-79.4707993536206, 43.6307673145152], [-79.4708170259031, 43.6307396765776], [-79.4708360613489, 43.6307140089292], [-79.4708618954129, 43.6306952563217], [-79.4709230788846, 43.6306666392233], [-79.4709733778857, 43.6306459214947], [-79.4710386190025, 43.6306301406072], [-79.4710997790724, 43.6306252232637], [-79.4711541587027, 43.630621276752], [-79.4712343503404, 43.6306212968618], [-79.4713091003158, 43.6306262485197], [-79.4714028921612, 43.6306391072521], [-79.4715727708876, 43.63065988046], [-79.4717498014547, 43.6306787276624], [-79.471792911983, 43.6306847064678], [-79.471851997557, 43.6306894014988], [-79.4718949744284, 43.6306917525931], [-79.4719486811999, 43.6306956724508], [-79.4719852165811, 43.6306894349721], [-79.4720185189107, 43.6306824213382], [-79.4720389319076, 43.6306761888955], [-79.4720679487747, 43.6306637020868], [-79.4721173695733, 43.6306387348607], [-79.4721689490712, 43.6306075306301], [-79.4721829227968, 43.6305919344254], [-79.4722216162542, 43.6305560469409], [-79.4723065050573, 43.6304998805887], [-79.4723398326641, 43.6304655393477], [-79.4723774485439, 43.6304273107887], [-79.4723924935875, 43.6304000039494], [-79.4724065260529, 43.6303617780048], [-79.4724162057641, 43.6303318423321], [-79.472423278275, 43.6303135166045], [-79.4724252966782, 43.6302893301919], [-79.4724313861164, 43.6302255484498], [-79.4724566650904, 43.6300649967445], [-79.472482678659, 43.6298979008803], [-79.4725136004187, 43.6298364732964], [-79.4725452433243, 43.6297706992356], [-79.4725797549052, 43.6297195435807], [-79.4726099547261, 43.6296913578665], [-79.4726502144329, 43.6296704845205], [-79.4726890366252, 43.6296516988721], [-79.4727264078859, 43.6296318601696], [-79.4727810378705, 43.6296203871332], [-79.4728212921254, 43.6296130870916], [-79.4728471677431, 43.6296110053785], [-79.4728658551092, 43.629612053724], [-79.4728902878872, 43.6296225015121], [-79.4729075361216, 43.6296266820005], [-79.4729305363611, 43.6296266876797], [-79.4729506640902, 43.6296183389368], [-79.4729664822296, 43.6296058124084], [-79.4729995437878, 43.6295817958326], [-79.4730412518432, 43.6295369065839], [-79.4731059521077, 43.6294805374312], [-79.4731534058633, 43.6294440031223], [-79.4731782325704, 43.6294309117109], [-79.4731974304443, 43.6294284408794], [-79.4732163651058, 43.6294278960726], [-79.4732337884646, 43.629427900123], [-79.4732512104049, 43.629433394754], [-79.4732655925494, 43.6294438486637], [-79.4732777064922, 43.6294559587107], [-79.4732860301621, 43.6294653133426], [-79.4732882938629, 43.6294741170195], [-79.4732882898548, 43.6294840185979], [-79.4732867733037, 43.6294944690207], [-79.4732829909512, 43.6295016333525], [-79.4732754041278, 43.6295076798969], [-79.4732610118488, 43.6295192170741], [-79.47322086911, 43.6295544300715], [-79.4732011695284, 43.6295736793479], [-79.4731981306648, 43.6295797272161], [-79.4731981269122, 43.6295890795574], [-79.4732057076536, 43.6295967864538], [-79.4732314547414, 43.6296061451424], [-79.4732640153461, 43.6296210053087], [-79.4733003568141, 43.6296309151822], [-79.4733473046938, 43.62964467094], [-79.4733965336899, 43.6296573388582], [-79.4734412173051, 43.6296655944406], [-79.4734662114562, 43.6296689040776], [-79.4734896815392, 43.6296689087165], [-79.473510141915, 43.6296689136706], [-79.4735389160984, 43.6296689207111], [-79.4735654241754, 43.6296667302312], [-79.4735911760726, 43.6296650797867], [-79.4736184410632, 43.6296612426785], [-79.4736441823711, 43.6296562885354], [-79.4736691192574, 43.6296485891475], [-79.4737160197557, 43.6296306241441], [-79.4737431126956, 43.629620360398], [-79.4737737536656, 43.6296058212336], [-79.4738067377838, 43.6295870067661], [-79.473853876929, 43.6295604902499], [-79.473899827061, 43.6295331006628], [-79.4739552107667, 43.6294971707241], [-79.4739858538195, 43.6294740705847], [-79.4740294404524, 43.6294381379637], [-79.4740742309985, 43.6293979301218], [-79.4741072218181, 43.6293637054135], [-79.4741355114719, 43.6293380311009], [-79.4741461123708, 43.6293269077995], [-79.4741614294002, 43.6292961081222], [-79.4741720436979, 43.6292815644005], [-79.4741932522171, 43.6292678689209], [-79.4742015120072, 43.6292541797512], [-79.4742085832851, 43.6292345042019], [-79.4742227200741, 43.6292114006342], [-79.4742168619256, 43.6291472197796], [-79.4742074376608, 43.6291326624519], [-79.4741921266139, 43.6291198228206], [-79.4741756379943, 43.6291069827732], [-79.4741662181052, 43.6291095464922], [-79.474160317907, 43.6291146846055], [-79.4741485405881, 43.6291240976615], [-79.4741367523409, 43.6291335015663], [-79.4741143534456, 43.6291463320718], [-79.4741025929333, 43.6291471934053], [-79.474090809762, 43.629145472105], [-79.474079025719, 43.6291429035212], [-79.4740649010553, 43.6291352038546], [-79.4740519446255, 43.6291232204024], [-79.4740460365637, 43.6291146589102], [-79.4740425096119, 43.6291043869465], [-79.4740425130145, 43.6290958269462], [-79.4740499170669, 43.6290838209033], [-79.4740587321202, 43.6290720939124], [-79.4740704980724, 43.6290596031672], [-79.4740846804412, 43.6290473373667], [-79.4741133398728, 43.6290252182486], [-79.4741407978658, 43.6290041878668], [-79.4741643240701, 43.6289890800025], [-79.4741721702684, 43.6289873263381], [-79.4741824179861, 43.6289862395116], [-79.4741962980457, 43.6289864590265], [-79.4742107713459, 43.6289873356434], [-79.4742186147579, 43.6289888764803], [-79.4742267553914, 43.6289910650662], [-79.4742348959825, 43.6289945781306], [-79.4742436431942, 43.6289985134738], [-79.4742493787793, 43.6290026733283], [-79.474253291912, 43.6290092453198], [-79.4742550975608, 43.6290158260935], [-79.4742562602423, 43.6290223433599], [-79.4742553661389, 43.6290272574797], [-79.47425390066, 43.6290336388173], [-79.4742514556744, 43.6290439003825], [-79.4742460981314, 43.629051352554], [-79.4742382881312, 43.6290598569605], [-79.4742275518833, 43.6290708452059], [-79.4742241291709, 43.6290758039033], [-79.4742265676861, 43.6290814756246], [-79.4742285114141, 43.6290874981969], [-79.4742768031351, 43.6291183384817], [-79.4742904574504, 43.6291222393839], [-79.4743075323631, 43.6291254296153], [-79.4743231458637, 43.629127197522], [-79.4743402212156, 43.6291282637249], [-79.4743675337337, 43.6291282690527], [-79.4743865560381, 43.6291282735617], [-79.4744094949635, 43.6291272165599], [-79.4744280344792, 43.6291247457373], [-79.4744416918415, 43.6291204908932], [-79.47446804154, 43.6291109283644], [-79.4744919516184, 43.6290985294398], [-79.4745212290155, 43.6290829454238], [-79.4745427099491, 43.6290684224509], [-79.4745643920194, 43.629050504972], [-79.4746070362095, 43.6290143650635], [-79.474645589618, 43.628981122935], [-79.4746805136915, 43.6289435131668], [-79.4747226938132, 43.6288936639241], [-79.4747528203519, 43.6288595466644], [-79.4747732973404, 43.6288464355735], [-79.4747841466647, 43.628831559083], [-79.474805820532, 43.6288026872538], [-79.4748371534796, 43.6287598297382], [-79.4748853483686, 43.6286951024502], [-79.4749251102555, 43.6286469982393], [-79.4749592848039, 43.6285919080355], [-79.4749691804092, 43.6285778318568], [-79.4749818532693, 43.6285578969539], [-79.4749959281345, 43.6285318319652], [-79.4750050869667, 43.6285011570915], [-79.4750107333908, 43.6284807070473], [-79.4750135591142, 43.6284500404111], [-79.4750142793686, 43.6284178330197], [-79.4750142860698, 43.6284004609051], [-79.4750051327903, 43.6283902327503], [-79.4749959926507, 43.628376936227], [-79.4749938900676, 43.6283687623066], [-79.4748904572909, 43.6283293855217], [-79.4748798980683, 43.6283324527239], [-79.474872859075, 43.6283344945301], [-79.4748651236621, 43.6283411352598], [-79.4748559613118, 43.6283503329752], [-79.4748475185622, 43.6283600436127], [-79.4748383715538, 43.6283651546424], [-79.4748278126084, 43.6283666911736], [-79.4748158546925, 43.6283666891697], [-79.4748031783651, 43.6283651469077], [-79.4747940341376, 43.6283615709686], [-79.4747863035644, 43.6283574826612], [-79.4747785610232, 43.6283508289707], [-79.4747680056577, 43.6283431572134], [-79.474760972388, 43.6283324260981], [-79.4747595748454, 43.6283257832482], [-79.4747612255467, 43.6283171236768], [-79.4747620578137, 43.6283131820533], [-79.4747637458102, 43.6283085369365], [-79.4747701428702, 43.6283009509474], [-79.4747755232356, 43.6282941104225], [-79.4747846234571, 43.6282850658518], [-79.4747964124705, 43.6282760130423], [-79.474810890721, 43.6282642877329], [-79.474816953083, 43.6282576823059], [-79.4748223347845, 43.6282503474801], [-79.4748253737812, 43.6282420305757], [-79.4748300849241, 43.6282359194408], [-79.4748354777367, 43.6282305467215], [-79.4748435595083, 43.6282271196203], [-79.474852978503, 43.6282234573521], [-79.4748607118342, 43.6282205253187], [-79.4748684579481, 43.6282192933995], [-79.4748829321412, 43.6282195396672], [-79.4748889910201, 43.628219541282], [-79.4748953858174, 43.628219542877], [-79.4749048149548, 43.6282202827667], [-79.4749112086064, 43.6282217510876], [-79.4749169341884, 43.6282234626039], [-79.4749236612522, 43.6282259123006], [-79.4749300549758, 43.6282288482638], [-79.4749353572411, 43.6282321532307], [-79.4749351809683, 43.6282367708009], [-79.474935178514, 43.6282433868643], [-79.4749351747109, 43.6282518208054], [-79.4749343418598, 43.6282602463853], [-79.4749326793148, 43.6282650620187], [-79.4749301857652, 43.6282710739921], [-79.4749243828863, 43.6282783005579], [-79.4749136236238, 43.6282873175997], [-79.4750768122733, 43.6283517590826], [-79.4750900751651, 43.6283415265828], [-79.4751074773439, 43.628332502713], [-79.4751240486681, 43.6283240809236], [-79.4751447717157, 43.6283168661271], [-79.475154713455, 43.6283072366932], [-79.4751654869228, 43.6282976075503], [-79.4752036035285, 43.6282705307023], [-79.4752235003726, 43.6282512810055], [-79.4752467106616, 43.6282217795021], [-79.4752649488888, 43.6281983163359], [-79.4752861996179, 43.628171650135], [-79.4753298350684, 43.6281033205767], [-79.4753703989672, 43.6280283663449], [-79.4754036038555, 43.6279520776917], [-79.4754331108279, 43.6278556969258], [-79.4754829105243, 43.6277124773055], [-79.4755216400511, 43.6276080781646], [-79.4755566764347, 43.627505019958], [-79.4755884387386, 43.6273768195793], [-79.4755909794537, 43.6273162227166], [-79.4755949066787, 43.6272868340045], [-79.475593605367, 43.6272574529892], [-79.4755831719253, 43.6272261799961], [-79.4755610035986, 43.6271930055179], [-79.4755388315498, 43.6271712083681], [-79.4755166658989, 43.6271636240235], [-79.4755062259226, 43.6271768898406], [-79.4754931832507, 43.627194899333], [-79.4754788276144, 43.6272081642404], [-79.4754644620804, 43.6272157403228], [-79.4754501133713, 43.6272157371085], [-79.4754305462741, 43.6272157327136], [-79.4754174985008, 43.6272138398135], [-79.4754083678808, 43.627209093592], [-79.4753992382649, 43.6272015129419], [-79.4753901099273, 43.6271910870621], [-79.4753835978996, 43.62717591859], [-79.4753836027093, 43.6271645493753], [-79.475392748191, 43.6271323265072], [-79.4754136262947, 43.6270754695873], [-79.4754319030274, 43.6270489464627], [-79.4754501726971, 43.627039471307], [-79.4754710570565, 43.6270290432927], [-79.4754932286891, 43.6270224141012], [-79.4755180121923, 43.6270214652161], [-79.4755310590056, 43.6270252579239], [-79.4755414895331, 43.627033793226], [-79.4755480021382, 43.6270480081796], [-79.4755493103777, 43.6270584314863], [-79.4755493202708, 43.6270669646553], [-79.4755440946176, 43.6270868657007], [-79.475538859055, 43.6271039222681], [-79.4755897347892, 43.6271134121077], [-79.4756445159505, 43.6271210028582], [-79.4756888768175, 43.6271248017085], [-79.4757254083049, 43.6271238644962], [-79.4757452615786, 43.627122059263], [-79.4757549762839, 43.6271210084051], [-79.4757634547965, 43.6271163926061], [-79.4757687610958, 43.6271086974712], [-79.4757867824863, 43.6270702019427], [-79.4758048152426, 43.6270301767927], [-79.4758122497528, 43.6270016884182], [-79.475855715768, 43.6269177867653], [-79.4759203782885, 43.6267900529273], [-79.4759807143181, 43.6266632625974], [-79.4760239834615, 43.626573986497], [-79.4760740835131, 43.6264797529475], [-79.4761059723583, 43.6263739477985], [-79.4761219273493, 43.62632435341], [-79.4761401498463, 43.6262433447759], [-79.476151575781, 43.6261491024624], [-79.4761743529078, 43.6260499116538], [-79.4762062679073, 43.6259077326804], [-79.4762387040596, 43.6257619437578], [-79.4761537389702, 43.6257535997055], [-79.4761472103295, 43.6257810791389], [-79.476139374892, 43.6257915011821], [-79.4761224047462, 43.6258066653624], [-79.4761015347842, 43.6258142394399], [-79.4760780513374, 43.6258170795078], [-79.4760519674319, 43.6258170738655], [-79.4760271837568, 43.6258170684468], [-79.4759997896598, 43.6258085293912], [-79.4759828315054, 43.6257952583513], [-79.4759619705401, 43.6257781959285], [-79.4759567615431, 43.6257592379927], [-79.4759528581441, 43.6257298654953], [-79.4759515470551, 43.6256910058928], [-79.4759424383405, 43.6256312981218], [-79.4759398562839, 43.6255810784001], [-79.475946391482, 43.6255384310185], [-79.4759581483533, 43.6255137972281], [-79.4759659790845, 43.6254825183944], [-79.4759685910269, 43.6254607267586], [-79.4759659973503, 43.6254389251346], [-79.4759516469055, 43.6254114410181], [-79.4759399198282, 43.6253915362876], [-79.4759360104312, 43.6253744685002], [-79.4759360161021, 43.6253602648513], [-79.4759412386712, 43.6253469978481], [-79.4759490768715, 43.6253299417472], [-79.4759660463556, 43.6253157320009], [-79.4759816889133, 43.6253034124944], [-79.4760012581758, 43.6252967827156], [-79.4760286559365, 43.6252939345297], [-79.4760586685435, 43.6252939502425], [-79.4760821472291, 43.6253015429867], [-79.4761017081424, 43.625311971055], [-79.4761173501351, 43.6253337665731], [-79.4761303880274, 43.6253612502764], [-79.4761382107828, 43.625381154254], [-79.4761395042751, 43.6254001113001], [-79.4761421109684, 43.6254209586756], [-79.4761421026878, 43.6254437052334], [-79.4761407789784, 43.6254673967743], [-79.4763612293145, 43.6255451522955], [-79.4764047094912, 43.6254855900661], [-79.4764227654884, 43.625480426594], [-79.4764333884571, 43.6254714273969], [-79.4764333928066, 43.62546114765], [-79.4764298643313, 43.6254521542935], [-79.4764263252587, 43.625440587468], [-79.4764227867864, 43.6254264455218], [-79.4764227936011, 43.6254097387912], [-79.4764281069288, 43.6253853188874], [-79.4764281143176, 43.6253660379361], [-79.4764316625599, 43.625322336863], [-79.4764369947766, 43.6252824979527], [-79.4764440817714, 43.6252516512642], [-79.4764564740804, 43.6252182407413], [-79.4764706520997, 43.6251809688177], [-79.476486571606, 43.6251565516296], [-79.4765131202788, 43.6251077241622], [-79.476534374713, 43.6250691662508], [-79.4765503111777, 43.6250331819095], [-79.4765591718235, 43.6250010577838], [-79.4765786425498, 43.6249560724811], [-79.4766087408247, 43.6248943923482], [-79.4766299903876, 43.6248339880766], [-79.4766476994514, 43.6247967172722], [-79.4766494770712, 43.6247825759561], [-79.4766370914966, 43.6247671455833], [-79.4766176480916, 43.6247388679471], [-79.4765998833967, 43.6247288276675], [-79.4763557957397, 43.6247401009566], [-79.4763522449521, 43.6247580948291], [-79.4763504678144, 43.6247709386783], [-79.4763345390703, 43.6247850768202], [-79.4763256799316, 43.6248146357252], [-79.4763221393721, 43.6248377682852], [-79.4763221338242, 43.6248531973742], [-79.4763221226431, 43.6248801829536], [-79.476313277693, 43.6249071678179], [-79.4763097226105, 43.6249341619763], [-79.4762991046104, 43.6249637208405], [-79.4762831757503, 43.6249791366332], [-79.4762654763751, 43.624989421781], [-79.4762336279394, 43.6249971205393], [-79.4762123879694, 43.6249984031501], [-79.4761911638339, 43.6249945456152], [-79.476166397484, 43.624984252549], [-79.4761504783229, 43.6249739693885], [-79.4761398631851, 43.6249624000494], [-79.4761327982294, 43.6249366905254], [-79.4761292640238, 43.6249122778242], [-79.4761239746128, 43.6248775673172], [-79.4761222140421, 43.6248480063966], [-79.4761310776606, 43.6248081686619], [-79.4761434708815, 43.6247721740501], [-79.4761558620111, 43.6247387635415], [-79.4761771193814, 43.6246912134919], [-79.47621430429, 43.6246025395691], [-79.4762373119863, 43.6245472757512], [-79.4762461645713, 43.6245331360239], [-79.4762532429401, 43.6245267196382], [-79.4762567924047, 43.6245100052113], [-79.4762621070239, 43.6244843067684], [-79.4762621126367, 43.6244676000192], [-79.4762444319327, 43.6244341748516], [-79.476228513787, 43.6244200299219], [-79.4762055341397, 43.624375036061], [-79.4761790094257, 43.6243300507549], [-79.4761542552287, 43.6242901960873], [-79.4761383378483, 43.6242773477234], [-79.4761100430757, 43.6242606265024], [-79.4760905807889, 43.6242490553476], [-79.4760269111334, 43.624196348165], [-79.4759773871918, 43.6241577847895], [-79.4759296351001, 43.6241166473807], [-79.4759207928678, 43.6241037915867], [-79.4759190273228, 43.624088362289], [-79.4759190324087, 43.6240742306609], [-79.475920810173, 43.6240600893565], [-79.4759261204381, 43.624044671577], [-79.4759420468742, 43.6240356729127], [-79.4759579717351, 43.6240279626902], [-79.4759880466105, 43.624024115657], [-79.4760235589511, 43.6240265988624], [-79.4760393396502, 43.6240395552684], [-79.4760570296824, 43.6240511163077], [-79.4760711904574, 43.6240575466579], [-79.4760853392065, 43.6240614116213], [-79.4761030312148, 43.6240678422303], [-79.4761277955051, 43.624081979069], [-79.476140173301, 43.6240858348198], [-79.4761543198776, 43.6240948391991], [-79.4761737796644, 43.6241128364274], [-79.4761808488606, 43.6241295447623], [-79.4761914595561, 43.6241501152863], [-79.4762038333673, 43.6241616846589], [-79.4762321398531, 43.6241822588023], [-79.4762728191817, 43.6242143932868], [-79.4763064274945, 43.6242388206524], [-79.4763241171081, 43.6242516782129], [-79.476332944565, 43.6242709616967], [-79.4763488722818, 43.624287671064], [-79.4765788682246, 43.6242800132252], [-79.4765682724824, 43.6242517292549], [-79.4765629659263, 43.6242273073466], [-79.476561214754, 43.6242067387972], [-79.4765700518537, 43.6242003224237], [-79.476580674002, 43.6241938974283], [-79.4766195970344, 43.6241861911224], [-79.4766709164709, 43.6241682081483], [-79.4766726816721, 43.6241540666648], [-79.4766779905159, 43.6241386488312], [-79.4767204754006, 43.6240846763575], [-79.476784196294, 43.6240075739214], [-79.4768408291415, 43.6239278954999], [-79.4768567604828, 43.6239047569729], [-79.4768514654038, 43.6238841961224], [-79.4768390917888, 43.6238713401577], [-79.4768072643138, 43.6238553643762], [-79.4767860558171, 43.6238428039436], [-79.4767736944046, 43.6238315760482], [-79.476759276586, 43.6238173602465], [-79.4767438321516, 43.6237986431929], [-79.4767314716733, 43.6237821768082], [-79.47671191896, 43.6237499927147], [-79.4766913259019, 43.6237163054988], [-79.4766738143621, 43.6236908547441], [-79.4766594025111, 43.6236631546959], [-79.4766460260132, 43.6236459409381], [-79.4766264571886, 43.6236227407544], [-79.4766017472679, 43.6235965412573], [-79.4765862781342, 43.623577824753], [-79.4765749585911, 43.6235621060473], [-79.4765708376644, 43.6235493861649], [-79.4765708433672, 43.6235359109314], [-79.4765698202029, 43.6235194470794], [-79.4765739558703, 43.6234962513075], [-79.4765750127418, 43.6234878259935], [-79.4765970340557, 43.6234483238627], [-79.4765314386081, 43.6234101443688], [-79.4765142944597, 43.6234300693838], [-79.4765025579026, 43.6234351802494], [-79.4764765567747, 43.6234470024955], [-79.4764751814007, 43.6234471822487], [-79.4764486385093, 43.6234519921947], [-79.4764220836724, 43.6234541836269], [-79.4763116988636, 43.6234348707732], [-79.4762525756567, 43.6234195195768], [-79.4762151717592, 43.6234068025471], [-79.4761681143926, 43.6233967111071], [-79.4761397548455, 43.6233905659667], [-79.4761023580983, 43.623389684686], [-79.4760920972651, 43.6233927523809], [-79.4760613140441, 43.6234032592224], [-79.4758521049369, 43.6234934001789], [-79.4758035282087, 43.6235030664009], [-79.4757113894122, 43.623502246395], [-79.4755673444122, 43.6234708904193], [-79.4752892425535, 43.623463575604], [-79.4750389962165, 43.6234879781242], [-79.4749990463284, 43.6234619909226], [-79.4750326999669, 43.6234314483635], [-79.4752955845539, 43.6233780272553], [-79.475379750122, 43.6232130496724], [-79.4752599485672, 43.6230465072705], [-79.4749392988101, 43.6229494290633], [-79.4745734990579, 43.6227033937951], [-79.4742854577581, 43.6225933411769], [-79.474064658179, 43.6225810671955], [-79.473832201174, 43.6228201102262], [-79.4735881921017, 43.6230385271145], [-79.4734388522833, 43.6231316925828], [-79.4733883302567, 43.6232248731311], [-79.4734923431245, 43.6234150967863], [-79.4734460036947, 43.6236350799927], [-79.4734859096013, 43.6237328628272], [-79.4737066256764, 43.6240002555655], [-79.4742155905466, 43.6238017558443], [-79.4742576334128, 43.6238307947839], [-79.4738348353603, 43.6241759743147], [-79.4738663592894, 43.6242034809257], [-79.4737936617395, 43.6242272008097], [-79.473687217481, 43.6241236601961], [-79.4735536768355, 43.6239841073694], [-79.4734797727736, 43.6238805743597], [-79.4733868489151, 43.6238580586865], [-79.4733442806246, 43.6237860374674], [-79.4731968238533, 43.6236509812875], [-79.4730265121632, 43.6235069190576], [-79.4728248154498, 43.6234123659048], [-79.4726064270378, 43.6234348171336], [-79.4724012027588, 43.6234977860806], [-79.4722439229307, 43.623659782577], [-79.4720696025123, 43.6238262664123], [-79.4719212573956, 43.6239837637727], [-79.4717825705963, 43.62415476454], [-79.4716566884122, 43.624235746528], [-79.4715617575932, 43.6243437399497], [-79.4716287013519, 43.6244877880101], [-79.4716828269334, 43.6246723300467], [-79.4718101747256, 43.6248253855901], [-79.4719820354342, 43.6249739416724], [-79.4720012957392, 43.6251764872081], [-79.4720283229623, 43.6253610224331], [-79.4718455649007, 43.625329472856], [-79.4716256934973, 43.6251944062579], [-79.4713539023677, 43.6251133257894], [-79.4711095471336, 43.62515828065], [-79.4709073861381, 43.6252797477759], [-79.4706711532167, 43.6253382055307], [-79.47045783912, 43.6252526371795], [-79.4703022445898, 43.6250680682499], [-79.4702144433598, 43.6248610133729], [-79.4701680847231, 43.6246404669917], [-79.4701194040462, 43.6244064177982], [-79.4700761500684, 43.6241723700863], [-79.4700135135674, 43.6239473180432], [-79.4699133297018, 43.6237267487881], [-79.4697782864124, 43.6235151893798], [-79.4696207932434, 43.623299113557], [-79.4694512910242, 43.6231145399762], [-79.4692306619108, 43.6229614560978], [-79.4691308485095, 43.6227769095831], [-79.469205683357, 43.6225698882924], [-79.4693900449883, 43.6224259153827], [-79.4696192827746, 43.6223854618071], [-79.4698806082438, 43.6224800364858], [-79.4701748508496, 43.6225341219201], [-79.4704706513556, 43.6225701952372], [-79.4707804079563, 43.6225477622786], [-79.4710998528866, 43.6225298312987], [-79.4713949094193, 43.6224893992221], [-79.4716868684665, 43.6224489573777], [-79.4719625684429, 43.62241301008], [-79.4722533619247, 43.6223995702547], [-79.4725371589781, 43.6224041305229], [-79.4727807293417, 43.6223411784952], [-79.4730123180248, 43.6222197058683], [-79.473241589822, 43.6220667267105], [-79.4734337315155, 43.6218732322052], [-79.4736409651243, 43.6216752487603], [-79.4738431590939, 43.6214682540127], [-79.4740333500617, 43.6212477538869], [-79.4742115470082, 43.6210272598915], [-79.4743936163657, 43.6208157582224], [-79.4745532081317, 43.6206042524841], [-79.4746922783453, 43.6203972501428], [-79.4748243859777, 43.6201857373737], [-79.4748178756267, 43.6199922059622], [-79.4747439926059, 43.6198121610904], [-79.4746306313683, 43.6196141144219], [-79.4744603372694, 43.6194430498212], [-79.4743485202336, 43.619258495191], [-79.4743210983705, 43.619060458129], [-79.474407900391, 43.6188624376044], [-79.4746421739012, 43.6187409704062], [-79.4749004272738, 43.6187230161379], [-79.4751346524807, 43.6188040795527], [-79.4753111450579, 43.618934629722], [-79.4753517235789, 43.6191146666783], [-79.4754414842546, 43.6192812117486], [-79.4755173142835, 43.6194567558686], [-79.4756206201958, 43.6196503078404], [-79.4757735010974, 43.6197808611023], [-79.4759821843793, 43.6198259120782], [-79.4761982079972, 43.6198574537617], [-79.4763770864963, 43.6198574902534], [-79.4765524558683, 43.6199610431696], [-79.4768126179476, 43.6200195959172], [-79.4770611680259, 43.6201141613279], [-79.4772225756374, 43.6202492147897], [-79.4772225634535, 43.6202493046669], [-79.4772651104849, 43.6202853363002], [-79.4773037073157, 43.6203153906891], [-79.477375393105, 43.6203621497223], [-79.4774195170859, 43.6203902157991], [-79.4774636294923, 43.6204155994269], [-79.4775187826763, 43.6204416604426], [-79.4775803642873, 43.6204703866924], [-79.4776474590401, 43.6205031291733], [-79.4777077644065, 43.6205319455023], [-79.4777149388885, 43.6205301916478], [-79.4777194366294, 43.6205301921272], [-79.4777247141848, 43.6205328843701], [-79.4777305232775, 43.6205369090741], [-79.4777326414337, 43.6205411313271], [-79.4777334320298, 43.6205451639228], [-79.4777328984708, 43.6205482334673], [-79.4777270840322, 43.6205561092172], [-79.4777191890431, 43.6205655410513], [-79.4777056804521, 43.6205714523038], [-79.4776948500277, 43.6205747178486], [-79.4776861264856, 43.6205756785303], [-79.477671333158, 43.620575675978], [-79.4776558335746, 43.6205742413922], [-79.4776322693211, 43.6205665676929], [-79.4775964163642, 43.620553202776], [-79.4775513848513, 43.6205338324024], [-79.4775164494994, 43.6205157859224], [-79.4774704915518, 43.6204904020412], [-79.4774364867646, 43.6204723661321], [-79.4774125874479, 43.6204650066639], [-79.4774006457875, 43.6204583341204], [-79.4773666295832, 43.6204396227419], [-79.4773317077208, 43.6204215862894], [-79.4773068933248, 43.6204109056551], [-79.4772829933187, 43.6204075520093], [-79.477269202528, 43.6204088818408], [-79.477252659525, 43.6204128932962], [-79.4772388681984, 43.6204168954903], [-79.4772259800915, 43.6204542945746], [-79.4772131056466, 43.6204883533727], [-79.4771808945318, 43.6205785138786], [-79.4771507078934, 43.6206186717837], [-79.477164331071, 43.6207352789116], [-79.4770527856487, 43.6208162688482], [-79.4770616583066, 43.6209422911452], [-79.4771525860293, 43.6210908325733], [-79.4772946270508, 43.6212663878648], [-79.4774223421918, 43.6214509424666], [-79.4775465797737, 43.6215904884651], [-79.4777839263013, 43.6216130290076], [-79.478046460176, 43.6215770744387], [-79.4783016445734, 43.621545617933], [-79.4785610793665, 43.621509661437], [-79.4788352007377, 43.6215367167916], [-79.4790907486992, 43.6215952731687], [-79.4793528605233, 43.6216673231893], [-79.4794164108984, 43.6216733468649], [-79.4795093558475, 43.6217005390751], [-79.4795456366926, 43.6216983493536], [-79.4795849288855, 43.6216939639983], [-79.4796181859862, 43.621690675165], [-79.4796544581444, 43.6216786016552], [-79.47968923018, 43.6216676264704], [-79.4797376063965, 43.6216555545692], [-79.4797874834989, 43.6216434837022], [-79.479819228889, 43.6216423914761], [-79.4798418902632, 43.621642394854], [-79.4798630544045, 43.6216423990229], [-79.4798751485397, 43.6216391068618], [-79.479885734874, 43.6216237428557], [-79.4798917864282, 43.6216116644046], [-79.4798993443383, 43.6216116658812], [-79.4799159706207, 43.6216160612408], [-79.4799265555466, 43.6216083757825], [-79.4799371268409, 43.6216006901419], [-79.479944689635, 43.621587513496], [-79.4799431816142, 43.6215765320286], [-79.4799431866876, 43.6215622644334], [-79.4799401657847, 43.6215534787179], [-79.4799447052446, 43.6215413999623], [-79.4799537760327, 43.6215359102366], [-79.4799704071971, 43.6215304220149], [-79.4799628529163, 43.6215172433071], [-79.4799492495913, 43.6215128476404], [-79.4799311088156, 43.6215150410443], [-79.4799129812591, 43.6215150376568], [-79.4799160082313, 43.6215040570773], [-79.4799175249537, 43.6214875937139], [-79.47991148484, 43.6214689229211], [-79.4799009060548, 43.6214601357291], [-79.4798721881547, 43.6214491489244], [-79.4798449827322, 43.6214370648385], [-79.4798087183185, 43.6214282817572], [-79.4797920904489, 43.6214282793892], [-79.4797754575126, 43.6214425428135], [-79.479749755982, 43.6214524222406], [-79.479728601001, 43.6214644987755], [-79.4797059219665, 43.6214754763606], [-79.4796938356838, 43.6214579028492], [-79.4796862802374, 43.6214480186538], [-79.4796620979767, 43.6214348447419], [-79.4796424604274, 43.6214293504241], [-79.4796107163644, 43.6214271489731], [-79.4795880383908, 43.6214392151268], [-79.4795638522126, 43.6214370151591], [-79.4795366547204, 43.6214370099075], [-79.479517006227, 43.6214304259443], [-79.479492820901, 43.6214260290085], [-79.4794701468048, 43.6214238293283], [-79.479456557176, 43.6214161392389], [-79.4794505146934, 43.621404058383], [-79.4794641118108, 43.6213886867495], [-79.4794746996766, 43.6213700192512], [-79.4794716831805, 43.6213524574293], [-79.4794656423794, 43.6213326890218], [-79.4794656490381, 43.6213151178971], [-79.4794822789218, 43.6213096306296], [-79.4794989071574, 43.6213085354658], [-79.4795185483864, 43.6213041462186], [-79.4795185647093, 43.6212898787725], [-79.47950948527, 43.6212821901638], [-79.4794686707258, 43.6212810934432], [-79.4794550947663, 43.6212701089892], [-79.4794490419801, 43.6212525373855], [-79.4794369539564, 43.6212371517839], [-79.4794203344662, 43.6212108102107], [-79.4794097624493, 43.6211844527498], [-79.4793704598428, 43.6211844457789], [-79.4793719652473, 43.6212020163122], [-79.4793553423368, 43.6212217803238], [-79.4793205729896, 43.6212261672517], [-79.4792842893057, 43.6212371330171], [-79.4792404615521, 43.6212470088577], [-79.4792041792814, 43.6212535914923], [-79.4791830293372, 43.6212524889082], [-79.4791573316114, 43.621249190068], [-79.4791376847396, 43.6212360079647], [-79.4791286221525, 43.6212162488511], [-79.4791135115261, 43.6211997731335], [-79.4791074703996, 43.6211843977309], [-79.4791210799649, 43.6211690254031], [-79.4791437633875, 43.621145977293], [-79.4792053670671, 43.6211158792359], [-79.4792077730606, 43.6211071657108], [-79.4792099945229, 43.6210969226598], [-79.4792099959983, 43.6210923414683], [-79.4792062931637, 43.6210877497043], [-79.4791947863613, 43.6210750738966], [-79.4791836503432, 43.6210683384272], [-79.4791595302029, 43.6210556604525], [-79.4791320767821, 43.6210443310294], [-79.4790916275076, 43.6210278692874], [-79.4790605065397, 43.6210156131575], [-79.4790191898204, 43.6209999339951], [-79.4789973846235, 43.6209927738014], [-79.4789375690122, 43.6209774237805], [-79.4789037949822, 43.620970261852], [-79.4788833881975, 43.6209666759084], [-79.4788707281351, 43.6209610564241], [-79.4788327802567, 43.6209474389153], [-79.4787804975282, 43.6209309204121], [-79.4787655452317, 43.6209230149169], [-79.4787533199917, 43.6209131288313], [-79.4787370043671, 43.6209052231944], [-79.4787165999646, 43.6208963348249], [-79.4786703780933, 43.6208765681814], [-79.4786282324365, 43.620857792189], [-79.4785942501631, 43.6208429695351], [-79.4785357867151, 43.6208241905897], [-79.4784936394043, 43.6208103477915], [-79.478465082544, 43.6208004675615], [-79.4784215735315, 43.6207836623165], [-79.4783753498756, 43.6207688377996], [-79.4783430010992, 43.6207624221995], [-79.4783216370582, 43.6207694210638], [-79.4783090528388, 43.6207559348728], [-79.4782964565906, 43.6207429257297], [-79.478278558538, 43.6207260715393], [-79.4782679544683, 43.6207188415428], [-79.4782467454636, 43.6207106554897], "
46,Mimico-Queensway,160,18196,148,128,166,261,413,230,205,269,343,871.511,745.6166,953.1465,1482.365,2311.265,1273.039,1130.723,1486.27,1885.03,28,26,28,22,13,41,34,32,61,164.8805,151.4534,160.7717,124.9503,72.75169,226.9331,187.5345,176.8053,176.8053,18,19,6,22,40,23,9,18,25,105.9946,110.6775,34.45108,124.9503,223.8514,127.3039,49.64148,99.45301,99.45301,42,46,33,43,36,46,34,25,47,247.3207,267.956,189.4809,244.2211,201.4662,254.6078,187.5345,138.1292,258.2985,,,1,1,,,1,,,,,6,6,,,5.51572,,,9,13,9,17,14,7,3,8,16,52.99729,51.67662,96.55251,78.34798,38.74467,16.54716,44.20134,87.93141,75.72668,,1,1,1,1,1,1,2,1,,5.82513,5.741847,5.679559,5.596284,5.534953,5.51572,11.05033,5.495713,69,48,37,43,42,73,47,35,69,406.3126,279.6062,212.4483,244.2211,235.0439,404.0516,259.2388,193.3808,379.2042,4,9,7,5,6,14,8,7,11,23.55435,52.42617,40.19292,28.3978,33.57771,77.48934,44.12576,38.67617,60.45285,"{'type': 'MultiPolygon', 'coordinates': [[[[-79.4869602020503, 43.6238961658508], [-79.486890524403, 43.6238511600835], [-79.4867108474907, 43.6238196336487], [-79.4865377830038, 43.6237566041328], [-79.486365483585, 43.6236530766141], [-79.4862249545769, 43.6235495437388], [-79.4860840211225, 43.6234370085848], [-79.4859407797171, 43.6233334844494], [-79.4858037381007, 43.6232164490053], [-79.4856953406827, 43.6231174289519], [-79.4856569920217, 43.623060616447], [-79.4856307912099, 43.6229844524232], [-79.4855947718452, 43.6229273340113], [-79.4855194388046, 43.6228606862043], [-79.4853228873005, 43.6227892625735], [-79.4851492611896, 43.622755925742], [-79.4849554620698, 43.6227302915388], [-79.4847479390979, 43.6226852570294], [-79.4845485320079, 43.6226402325113], [-79.4843379108041, 43.6225996968696], [-79.4841497319418, 43.6225456626345], [-79.4839410391977, 43.6224781318794], [-79.4837428041853, 43.6224105936149], [-79.4835081858268, 43.6223160538255], [-79.4832844057816, 43.6222350183465], [-79.4830594595044, 43.6221629736035], [-79.4828344978274, 43.6220999393682], [-79.4826180718818, 43.6220458977095], [-79.4824233098728, 43.6220188643222], [-79.4822444257318, 43.6220188453179], [-79.482095724103, 43.6220188226057], [-79.4819753188149, 43.6219917990132], [-79.4820322516237, 43.6219197969325], [-79.4821966601703, 43.6216363047701], [-79.4822306031171, 43.6215777742297], [-79.4824816065509, 43.6212132650701], [-79.4825772818282, 43.6211007622882], [-79.4827527306082, 43.6209342628658], [-79.4829336051139, 43.620763253974], [-79.483081171231, 43.6206462577382], [-79.4831861157232, 43.6205697609139], [-79.4832376327345, 43.6205337624821], [-79.4832709287821, 43.6205202653173], [-79.4834351264624, 43.620430275189], [-79.4838413260462, 43.6202727998818], [-79.4838866273678, 43.6202638052987], [-79.4839365031237, 43.6202482570703], [-79.4840020288541, 43.6202278156619], [-79.4841619472013, 43.6201963330467], [-79.484265339439, 43.6201693426917], [-79.4852813954131, 43.6199219213871], [-79.4854223455838, 43.6198769326983], [-79.4855532231759, 43.6198319418273], [-79.4856741143278, 43.6197810991794], [-79.4857822469009, 43.6197144664092], [-79.4858805311387, 43.6196454646861], [-79.4859245363511, 43.6196122819023], [-79.4859657281312, 43.6195812227818], [-79.4860423159043, 43.6195124521346], [-79.4861104788042, 43.6194404499725], [-79.4861964508032, 43.6193459450551], [-79.4864733760516, 43.6189364047323], [-79.4869215189384, 43.6181128279633], [-79.4873522038461, 43.6172892289528], [-79.4882351882692, 43.6157455798221], [-79.4886673924375, 43.6149580087353], [-79.4891661985298, 43.6140534147843], [-79.4893179863497, 43.613787887193], [-79.4894682733178, 43.6134638497877], [-79.4896367156413, 43.6132298279307], [-79.4897168839462, 43.6130138007528], [-79.4897901126305, 43.6127392730806], [-79.489891247699, 43.6121136927924], [-79.4900327109321, 43.6111595716603], [-79.4900629230713, 43.6109525508399], [-79.4901365510086, 43.6104754811044], [-79.487629148269, 43.6103582550691], [-79.4866682013102, 43.6103406213644], [-79.4866305081387, 43.6103188693122], [-79.4865871716583, 43.6102744425584], [-79.4865562708904, 43.6102914605763], [-79.4865365745631, 43.6102899103984], [-79.4865125927649, 43.6102810138554], [-79.4865088676489, 43.6102620471867], [-79.4864779819309, 43.6102167570084], [-79.4865003604926, 43.6101892787986], [-79.4865280647716, 43.6101734213991], [-79.4865360622754, 43.6101428444694], [-79.4865218957045, 43.6100586165213], [-79.4865086105949, 43.6099691860432], [-79.4865330085959, 43.6098902372567], [-79.4865385693947, 43.609844312305], [-79.4865241700772, 43.6097500481464], [-79.48653858972, 43.6096960684954], [-79.4865718639951, 43.6096429003511], [-79.4866095706122, 43.6096002111809], [-79.4866561458158, 43.6095631579572], [-79.4867226941156, 43.6095099846323], [-79.48679920063, 43.6094689021832], [-79.4869123037068, 43.6094157436243], [-79.4869511226974, 43.6093811105123], [-79.4869766261006, 43.6093432451713], [-79.4870110877437, 43.6092330083325], [-79.4870505993475, 43.6090934907815], [-79.4871032658152, 43.60895396546], [-79.4871470358241, 43.6088234496823], [-79.4871594285002, 43.6087424383997], [-79.4871625428219, 43.6087199345743], [-79.487138164451, 43.6085984130222], [-79.4872070811664, 43.6084724007005], [-79.4873019514385, 43.6083373902069], [-79.4874347394428, 43.6082653933153], [-79.4875663708385, 43.6082158999008], [-79.4876577540539, 43.6081078926993], [-79.4877545631227, 43.6079953849935], [-79.4878056628742, 43.6078738708491], [-79.4878327887507, 43.6077703661914], [-79.4879148723495, 43.6076983632849], [-79.4879471530498, 43.6075809976438], [-79.4879572939055, 43.6074780849119], [-79.4879969880286, 43.6074013253069], [-79.4881177734785, 43.607311323849], [-79.4881932701359, 43.6072168164088], [-79.4884019783743, 43.6068882854437], [-79.4884217391435, 43.6068117752845], [-79.4884701314727, 43.6068432853952], [-79.4885463940671, 43.6067577792123], [-79.4886841961277, 43.6067442910554], [-79.4888080789032, 43.6067037967533], [-79.4889215241991, 43.6066407975496], [-79.4890032163479, 43.6065237867957], [-79.4891228551567, 43.6063842760415], [-79.4892122962734, 43.6062267596297], [-79.4893602243358, 43.6058982211862], [-79.4893548238896, 43.6058217078432], [-79.489318055117, 43.605772206018], [-79.4894040064883, 43.6056551954282], [-79.4894675128074, 43.6055381825728], [-79.4895774636862, 43.6055291910006], [-79.4896754018115, 43.605439185765], [-79.4897621367727, 43.6052951706165], [-79.4898840884072, 43.6051556589777], [-79.4900188280688, 43.6050566548729], [-79.4901930321449, 43.6049711565566], [-79.4904500969418, 43.6047011353356], [-79.4905085727325, 43.6045706197014], [-79.4905817459202, 43.6044716184732], [-79.490702535231, 43.6043816142767], [-79.4908082398706, 43.6042646041233], [-79.4909565073678, 43.6041340952104], [-79.4912073818087, 43.6038820831072], [-79.4912755305684, 43.6037470676024], [-79.4913796601204, 43.6036210546428], [-79.4915449667035, 43.6035175593927], [-79.491688980456, 43.6034005515643], [-79.4918120868294, 43.6032745401149], [-79.4920861729037, 43.603067535288], [-79.4922100438778, 43.6029505347691], [-79.4922495489758, 43.6028290177308], [-79.4924431665577, 43.6027259999685], [-79.4925015533785, 43.6026703303972], [-79.4925380469625, 43.6025483629513], [-79.4925168828619, 43.6024041587524], [-79.4925086992161, 43.6022790377149], [-79.4925251072656, 43.6022164882553], [-79.4925937627312, 43.6021449314759], [-79.4927342971039, 43.6020729197367], [-79.4929057836211, 43.602027923625], [-79.4930722352085, 43.6020189317328], [-79.493262686005, 43.602072943507], [-79.4934682362063, 43.6021314551895], [-79.4936718500704, 43.6021134638473], [-79.4938611550221, 43.602113474338], [-79.4940729052433, 43.6021044746271], [-79.4942618134534, 43.6020999745335], [-79.494425152333, 43.6021449905789], [-79.4945629586691, 43.6022305103692], [-79.4947603773172, 43.6022305109861], [-79.4949365291636, 43.6022080147948], [-79.4951335548535, 43.6021675168759], [-79.4953228637032, 43.6021270187734], [-79.495537317822, 43.6020730095129], [-79.4957397801905, 43.6020190086011], [-79.4959550269453, 43.6019605069941], [-79.4961369665004, 43.6018749905883], [-79.4962945185191, 43.6017669789373], [-79.4964060168244, 43.6016544643125], [-79.4965407250377, 43.6015599531116], [-79.4966572515892, 43.6014474386482], [-79.4967772574709, 43.6013394249948], [-79.4968819666794, 43.6012362711897], [-79.4970212332439, 43.6016213293066], [-79.4972056085936, 43.6021252440681], [-79.4972779451946, 43.6024131836213], [-79.4979619285355, 43.6023693334117], [-79.4982086658023, 43.6029458439709], [-79.4982935468779, 43.6031442013744], [-79.4983928713051, 43.6033614614398], [-79.498634042276, 43.6039926537854], [-79.499009850989, 43.6048654005643], [-79.4993177376241, 43.6056577004641], [-79.49967311518, 43.6064906950504], [-79.5000211925954, 43.6073145688419], [-79.5003715222354, 43.6081475605392], [-79.5004166513453, 43.6083160227751], [-79.5007060912707, 43.6089937386357], [-79.5010597221485, 43.6098115609113], [-79.5014312778829, 43.6106972701641], [-79.5015718714538, 43.6110550746785], [-79.5016097344561, 43.6111915895608], [-79.5016188291346, 43.6112543116048], [-79.5016203410523, 43.6112995709816], [-79.5016145707789, 43.6113812856139], [-79.5017041076864, 43.6115736992304], [-79.5019637535649, 43.6121317202049], [-79.5025731354364, 43.6134612091521], [-79.5075900356271, 43.6108993608498], [-79.5150744867767, 43.6070796369053], [-79.5196522523785, 43.6047427279371], [-79.5215978549461, 43.6037675573164], [-79.5242060715717, 43.602537680913], [-79.5263076041258, 43.6014885400035], [-79.5267100029401, 43.6012881466112], [-79.5265337565586, 43.6014582426098], [-79.5264699107564, 43.6015032651575], [-79.5264064518489, 43.6015527874496], [-79.5263437841695, 43.6015978089077], [-79.5262814744663, 43.6016428304445], [-79.5262195611372, 43.6016878525557], [-79.5261588140199, 43.6017373745586], [-79.5260980651987, 43.6017823954117], [-79.5260589900084, 43.6018229110056], [-79.5260206842117, 43.6018634257029], [-79.5259831576973, 43.6019039405324], [-79.5259460136223, 43.6019399546845], [-79.5259096392795, 43.6019804699417], [-79.5258740566313, 43.6020209845929], [-79.5258388468924, 43.6020614986398], [-79.5258044164423, 43.6021020128222], [-79.5257707553737, 43.602142527013], [-79.5257378735969, 43.6021830413407], [-79.5257053759038, 43.60222355431], [-79.5256736463355, 43.6022640681736], [-79.5256427112791, 43.6023090825664], [-79.5256125415627, 43.602349595824], [-79.5255827463292, 43.6023946095961], [-79.5255541253233, 43.6024351221062], [-79.5255258775378, 43.6024801360159], [-79.5254984211406, 43.6025206482283], [-79.5254717344564, 43.6025656615535], [-79.525445815927, 43.6026106748776], [-79.5254206767238, 43.6026556874448], [-79.525396304129, 43.6026961988977], [-79.5253719466738, 43.6027412116346], [-79.525349124338, 43.6027862243629], [-79.5253266984858, 43.6028312358989], [-79.5253054236478, 43.6028762478741], [-79.5252845341045, 43.6029212603143], [-79.5252644117323, 43.6029662628399], [-79.525245096029, 43.603015775063], [-79.5252265221847, 43.603060785856], [-79.5252087412865, 43.6031057969726], [-79.5251909466389, 43.6031462987112], [-79.5251735374132, 43.603191309215], [-79.5251572916025, 43.6032363203214], [-79.5251414546525, 43.6032813312985], [-79.5251267560808, 43.6033218405617], [-79.5251124309408, 43.6033668422293], [-79.5250992935112, 43.6034073518243], [-79.5250865308629, 43.6034568621382], [-79.5250749533643, 43.60349737115], [-79.5250637367142, 43.603542380508], [-79.5250536849535, 43.6035873814863], [-79.5250440170941, 43.6036323901186], [-79.5250355262948, 43.6036773995327], [-79.5250277885459, 43.6037179076657], [-79.5250208470502, 43.6037674084514], [-79.5250146704945, 43.6038079160203], [-79.5250092651999, 43.6038574249235], [-79.5250046374356, 43.6038979326692], [-79.5250007783975, 43.6039429316193], [-79.5249977009708, 43.603987939755], [-79.524995402922, 43.6040329471433], [-79.5249942447922, 43.6040779548353], [-79.5249934831646, 43.6041229622414], [-79.5249938976452, 43.6041679596135], [-79.5249946987579, 43.6042174675699], [-79.5249966355253, 43.6042579735887], [-79.5249989703175, 43.6043029804343], [-79.5250024698361, 43.6043479870033], [-79.5250067499856, 43.604392992841], [-79.5250087006676, 43.604438000131], [-79.5250114319795, 43.6044830066896], [-79.5250145474153, 43.6045280128025], [-79.525019213222, 43.6045775193056], [-79.525023875955, 43.6046180253837], [-79.5250300754601, 43.6046630307759], [-79.525036684067, 43.6047080279407], [-79.5250440483206, 43.6047530330552], [-79.5250521931943, 43.604798038338], [-79.5250615015519, 43.6048430442274], [-79.5250715918162, 43.6048880485004], [-79.5250824490588, 43.6049330536655], [-79.525093676531, 43.6049735571116], [-79.5251060841881, 43.6050230626637], [-79.5251192558035, 43.6050635659827], [-79.5251335949385, 43.6051085701508], [-79.5251479452421, 43.605153574461], [-79.5251638444317, 43.6051985780458], [-79.5251801014452, 43.6052390806508], [-79.5251971530126, 43.6052840846935], [-79.5252153681307, 43.6053290875393], [-79.5252347340775, 43.6053695897322], [-79.525577170944, 43.6061353467503], [-79.525727912904, 43.6064809048338], [-79.5274803859531, 43.6105813680856], [-79.5293257140765, 43.6149773303867], [-79.5293768036778, 43.6150967474422], [-79.530112235291, 43.6168155205682], [-79.5301683712517, 43.6169609596785], [-79.5302462797, 43.6171628229847], [-79.5283152098181, 43.6175429795407], [-79.5257827124441, 43.6180159462477], [-79.5220282837986, 43.6187512731476], [-79.5204682071794, 43.6190567740609], [-79.5167021004274, 43.6197908938609], [-79.5150573392518, 43.6201254705192], [-79.5131694921407, 43.6204946718139], [-79.5131300058867, 43.6205025345269], [-79.5106461349118, 43.620984286632], [-79.5084946581476, 43.6214156615161], [-79.5050824188932, 43.622098594617], [-79.502289828454, 43.6226890143978], [-79.5010925789524, 43.6229425565539], [-79.5010251963621, 43.622947058113], [-79.494532576815, 43.6244996747515], [-79.4931908063252, 43.6248146783513], [-79.4931472129618, 43.6247133566227], [-79.493103706075, 43.6246121512668], [-79.4929888045538, 43.6243733813001], [-79.4928609742998, 43.6240810707052], [-79.492544703942, 43.6233699580952], [-79.4911828260619, 43.62367593555], [-79.4893109643818, 43.6240583806216], [-79.4888501119895, 43.6241957437626], [-79.4866389977714, 43.6248547964948], [-79.4865910121017, 43.6247152688918], [-79.486645251647, 43.6245892556047], [-79.4867769411707, 43.6244452396914], [-79.4869089961422, 43.6243237356328], [-79.4870422338326, 43.6242292274102], [-79.487109244339, 43.624116716895], [-79.4870937645916, 43.624013198867], [-79.4870198327468, 43.6239321777903], [-79.4869602020503, 43.6238961658508]]]]}"
47,Etobicoke City Centre,159,24748,144,159,130,137,155,137,142,156,205,740.1696,784.101,614.9479,627.3468,686.6611,589.1713,596.8142,645.8023,828.3498,64,76,103,72,122,118,101,119,184,328.9643,374.7904,487.228,329.7005,540.4687,507.4614,424.4946,492.6312,492.6312,6,12,19,13,11,16,17,23,14,30.8404,59.17743,89.87701,59.52926,48.73079,68.80833,71.44958,95.21444,95.21444,57,85,65,56,71,74,56,76,86,292.9838,419.1735,307.474,256.4337,314.5351,318.2385,235.3633,314.6216,347.5028,2,,,,2,1,,1,1,10.28013364,,,,8.860143,4.30052,,4.139758,4.04073,20,23,21,45,20,22,19,11,44,102.8013,99.33775,206.0628,88.60143,94.61145,79.85542,45.53734,177.7921,113.4234,2,1,3,3,1,2,3,3,2,10.28013,4.931453,14.19111,13.73752,4.430071,8.601041,12.60875,12.41927,8.081461,135,123,97,92,107,118,148,127,135,693.909,606.5687,458.8458,421.284,474.0176,507.4614,622.0317,525.7493,545.4986,33,39,31,27,49,27,23,32,45,169.6222,192.3267,146.6414,123.6377,217.0735,116.1141,96.66708,132.4723,181.8329,"{'type': 'MultiPolygon', 'coordinates': [[[[-79.5249825504231, 43.6469506002709], [-79.5248865009171, 43.6469335911603], [-79.5247897032674, 43.6469382834741], [-79.5244599821726, 43.6470196553353], [-79.5243090170346, 43.6466596237619], [-79.5241992361806, 43.6464039624377], [-79.5238189572985, 43.6455183711684], [-79.5234413753722, 43.6446571527776], [-79.523289138992, 43.6443121344658], [-79.5232675269395, 43.6442631349715], [-79.5226727404587, 43.6429150560022], [-79.5220967419296, 43.641522584134], [-79.521728205819, 43.6406865254932], [-79.521684613517, 43.6405478314233], [-79.5212254826144, 43.6393855877965], [-79.5207503817688, 43.6382246228837], [-79.5207071517689, 43.638117298291], [-79.5205076006415, 43.6376218893534], [-79.5203590335828, 43.6372530925663], [-79.520193473167, 43.6368749383491], [-79.5200156963419, 43.6364228393056], [-79.5198098123149, 43.6358944664361], [-79.5191348373315, 43.6342265254214], [-79.5187874705248, 43.6334439665019], [-79.5184557166658, 43.632620861477], [-79.5184050159182, 43.6324950656362], [-79.5179302055027, 43.631316975993], [-79.5177661852686, 43.6308852230063], [-79.5176640343876, 43.6306335416702], [-79.5174250981423, 43.6300448330172], [-79.5171303285806, 43.6293341279565], [-79.5169898297987, 43.6289526337083], [-79.5168279260185, 43.6285484407642], [-79.5164848590323, 43.6276689367395], [-79.5161118390614, 43.6267926946965], [-79.515564177442, 43.6255019876552], [-79.5154552197181, 43.6252619352869], [-79.5152241187671, 43.6246637602399], [-79.5150111705204, 43.6242006025384], [-79.5150016615805, 43.6241799013517], [-79.5149553611925, 43.6240549587483], [-79.5147871271699, 43.6236008416748], [-79.5144931415584, 43.6230009717413], [-79.5144491325408, 43.6229111966359], [-79.5141788643037, 43.6223385253211], [-79.5141478691403, 43.6222620263312], [-79.5141161056105, 43.6221855272472], [-79.5140835634547, 43.6221135200101], [-79.5140502644378, 43.6220370207524], [-79.5140161605326, 43.6219650229033], [-79.5139813123887, 43.6218885241923], [-79.5139452868826, 43.6218120254686], [-79.5139088667396, 43.621740028083], [-79.5138716906579, 43.6216680298598], [-79.5138337331442, 43.621591532089], [-79.5137953921873, 43.6215195339995], [-79.5137558866204, 43.6214430448841], [-79.5137155999529, 43.6213710475765], [-79.5136749304142, 43.6212990497771], [-79.5136373836705, 43.6212315531348], [-79.5135998010779, 43.6211640560134], [-79.5135618585356, 43.6211010597792], [-79.5135231110627, 43.6210335627884], [-79.5134836085063, 43.6209705570429], [-79.5134433367173, 43.6209030609078], [-79.5134022844454, 43.6208355546064], [-79.5133600554296, 43.6207725502705], [-79.5133174559511, 43.6207095447013], [-79.5132740750936, 43.6206420395771], [-79.5132716948029, 43.6206386465359], [-79.5132299265383, 43.6205790345332], [-79.5131849848506, 43.620516029959], [-79.5131694921407, 43.6204946718139], [-79.5150573392518, 43.6201254705192], [-79.5167021004274, 43.6197908938609], [-79.5204682071794, 43.6190567740609], [-79.5220282837986, 43.6187512731476], [-79.5257827124441, 43.6180159462477], [-79.5283152098181, 43.6175429795407], [-79.5302462797, 43.6171628229847], [-79.5304958585272, 43.6171136722035], [-79.5306725797039, 43.6170788703221], [-79.5328080450423, 43.6166687403441], [-79.5333826002269, 43.6165541654282], [-79.5351583440856, 43.6162000401931], [-79.5353755429777, 43.6161547226212], [-79.5355434612166, 43.6161171433168], [-79.535737188512, 43.6160833096161], [-79.5359360911449, 43.6160438486677], [-79.5361375581068, 43.6160062579259], [-79.5364113621428, 43.6159574017613], [-79.5365715102242, 43.6159198141856], [-79.5367652298246, 43.6158765901985], [-79.5369460293916, 43.6158352606092], [-79.5371500939791, 43.6157920414326], [-79.5373205618919, 43.6157544588289], [-79.5375013757717, 43.6157187452201], [-79.5376994442327, 43.6156773004532], [-79.5378964874064, 43.6156412302038], [-79.5380935316138, 43.6156051587269], [-79.5382909734227, 43.6155735876782], [-79.5384884001217, 43.6155375159088], [-79.5386858392001, 43.615501434952], [-79.5388840611579, 43.6154698620465], [-79.5390818875534, 43.6154382900433], [-79.53928010931, 43.6154067083435], [-79.5394787024519, 43.6153751346466], [-79.5396769210027, 43.6153390601341], [-79.5398759131344, 43.6153119775236], [-79.5400749022367, 43.6152804033453], [-79.5402738814072, 43.6152533288792], [-79.5404728701255, 43.6152217540021], [-79.5406722455208, 43.6151946784987], [-79.5408220607385, 43.6151811232923], [-79.5409296903195, 43.6151675831167], [-79.5410756418756, 43.6151405263183], [-79.5411817013931, 43.6151314867596], [-79.5411908438889, 43.615130295171], [-79.5412850800588, 43.6151179469168], [-79.5413888165692, 43.6150999068588], [-79.5414929511072, 43.6150863665695], [-79.541597099207, 43.6150728272586], [-79.5417012334389, 43.6150592957793], [-79.5418053814719, 43.6150457553771], [-79.5419099000002, 43.6150322151043], [-79.5420144321118, 43.6150186749091], [-79.5421193375131, 43.6150096350639], [-79.5422242565351, 43.6150005943957], [-79.5424100803957, 43.6149780223814], [-79.5425970678194, 43.6149554495945], [-79.5427836623996, 43.6149373860856], [-79.5429702654068, 43.6149148122882], [-79.5431564729438, 43.6148922385475], [-79.5433426791105, 43.6148696644854], [-79.5435285104681, 43.6148425896588], [-79.5437147052079, 43.6148200148442], [-79.5439001394673, 43.6147929487593], [-79.5440859592116, 43.614765872877], [-79.5442094606459, 43.6147568239776], [-79.544332946719, 43.6147432736617], [-79.5444560483357, 43.6147297327226], [-79.5445795466721, 43.6147161831966], [-79.5447026484022, 43.6147026329891], [-79.5448257622739, 43.6146890909069], [-79.5449484673242, 43.6146755407864], [-79.545071565666, 43.6146574989549], [-79.5451938988275, 43.6146439483386], [-79.5452278785896, 43.6146389568421], [-79.5453166254791, 43.6146258970098], [-79.5454385587141, 43.6146078543603], [-79.5455608762614, 43.6145898029648], [-79.5456824377765, 43.6145717517229], [-79.5458043831915, 43.6145537088374], [-79.5459259402491, 43.6145311570922], [-79.5460474767688, 43.6145131051435], [-79.5461682539429, 43.6144905621276], [-79.5462894278216, 43.6144680096231], [-79.5464101957653, 43.6144499574171], [-79.546530972687, 43.614427414014], [-79.5466079951257, 43.6144093797516], [-79.5466854203453, 43.6144003464314], [-79.5467620616627, 43.6143868128087], [-79.546838699799, 43.6143687789066], [-79.5469153408278, 43.6143552541812], [-79.5469916102439, 43.6143417210786], [-79.5470678640947, 43.6143236866393], [-79.5471437368871, 43.6143101528951], [-79.5472192098965, 43.6142921192339], [-79.547294310871, 43.6142740943001], [-79.5473693872408, 43.6142560600002], [-79.5474440917713, 43.6142380263277], [-79.5475187962582, 43.6142199926057], [-79.5475931133343, 43.6141974582262], [-79.5476670369933, 43.6141794243891], [-79.5477409695656, 43.6141568994337], [-79.547814497799, 43.6141388658792], [-79.5478872623618, 43.6141118312036], [-79.5479604266649, 43.6140892963451], [-79.5480327977482, 43.6140667630682], [-79.5481047734668, 43.614044229225], [-79.5481767602825, 43.6140216954773], [-79.5482483596302, 43.6139946610768], [-79.5483195883811, 43.6139676264263], [-79.5483903987462, 43.6139451019122], [-79.5484701285234, 43.6139225555675], [-79.5485502389316, 43.6138955174143], [-79.5486295654714, 43.6138639699634], [-79.5487088995288, 43.6138414319325], [-79.5487471459324, 43.6138282738319], [-79.5487874618698, 43.6138143946648], [-79.548866010752, 43.6137873472677], [-79.5488781608157, 43.6137825898557], [-79.5489316886972, 43.6137616382772], [-79.5489931447549, 43.6137391630042], [-79.5490133324887, 43.6137317821116], [-79.5490219780355, 43.6137287719866], [-79.5490989877272, 43.6136972335135], [-79.5491303959927, 43.6136843747508], [-79.5491759836901, 43.6136656957145], [-79.549252621647, 43.6136341488172], [-79.5493288536856, 43.6136071113108], [-79.5494043263652, 43.6135755738322], [-79.5494268167033, 43.6135648347929], [-79.5494950904692, 43.6135321119076], [-79.5495488526533, 43.6135097466861], [-79.5496026412911, 43.6134895787455], [-79.5496552240917, 43.6134645135213], [-79.5497067049222, 43.6134411594525], [-79.5497603188296, 43.6134186148711], [-79.5498120452286, 43.6133917946374], [-79.5498631416818, 43.6133675676372], [-79.549914423635, 43.613342323717], [-79.5499656556966, 43.6133162147587], [-79.5499718465944, 43.613313187827], [-79.5500167143259, 43.6132911327319], [-79.5500677110461, 43.6132655825903], [-79.5501183846845, 43.6132392936027], [-79.5501694935131, 43.6132154177766], [-79.5502198817414, 43.6131886254026], [-79.5502679639698, 43.6131602226585], [-79.5503186610187, 43.6131319719114], [-79.550370613336, 43.6131089323578], [-79.5504221300377, 43.6130839577032], [-79.5504733488069, 43.6130586415975], [-79.550524295392, 43.6130334597779], [-79.5505758509709, 43.6130092860002], [-79.5506254577971, 43.6129829715525], [-79.5506738366515, 43.6129526779604], [-79.5507685039112, 43.6128985281651], [-79.5508184081387, 43.6128724650132], [-79.5508680273577, 43.6128450062106], [-79.5509156383037, 43.6128163883241], [-79.5509634596808, 43.6127877784877], [-79.5510085293094, 43.6127566135325], [-79.5510567707354, 43.612726815054], [-79.5511052497967, 43.6126997621796], [-79.5511494891525, 43.6126686424678], [-79.5511966400706, 43.6126394567833], [-79.551241125665, 43.6126068517989], [-79.551287236939, 43.6125782786754], [-79.5513331969636, 43.6125452673551], [-79.5513767433276, 43.6125163168337], [-79.5514203739758, 43.6124843699387], [-79.5514640139727, 43.6124490376487], [-79.5515075482771, 43.6124204290752], [-79.5515503861458, 43.6123880497963], [-79.5515933584101, 43.6123539416392], [-79.5516334438422, 43.6123196014978], [-79.5516775328894, 43.6122881123117], [-79.5517218441852, 43.6122547963157], [-79.5517648786464, 43.612222425749], [-79.5518066898235, 43.6121929002311], [-79.5518479657341, 43.6121593422362], [-79.5518904035733, 43.6121240458722], [-79.5519334415135, 43.6120942594276], [-79.551974529701, 43.612060565749], [-79.5520159403679, 43.6120253607706], [-79.5520585404779, 43.6119926928601], [-79.5521008696582, 43.611960520322], [-79.5521433600813, 43.6119277717548], [-79.5521847206834, 43.6118934574742], [-79.5522250283564, 43.6118592793074], [-79.5522653355851, 43.6118249111365], [-79.5523056561673, 43.6117907592158], [-79.5523476976818, 43.6117563094359], [-79.5523887260804, 43.6117246236368], [-79.5524269395272, 43.6116891943321], [-79.5524654491882, 43.6116540712996], [-79.5525053231033, 43.6116196228217], [-79.5525450622745, 43.6115866051567], [-79.5525844522794, 43.6115518686979], [-79.5526235910635, 43.611513189802], [-79.5526628575584, 43.6114783806201], [-79.5527022499035, 43.6114462273919], [-79.5527410822023, 43.6114111758799], [-79.5527784000879, 43.6113727683035], [-79.5528154362013, 43.6113389770902], [-79.5528540706319, 43.6113037996791], [-79.5528929641756, 43.6112682536708], [-79.5529313617878, 43.6112329228683], [-79.5529686092824, 43.6111980610058], [-79.5530050484841, 43.6111616609222], [-79.5530412257074, 43.6111221277259], [-79.5530773547634, 43.6110855832303], [-79.5531132645235, 43.6110513607752], [-79.5531492826593, 43.6110147356171], [-79.5531860058866, 43.6109779023767], [-79.5532244893254, 43.6109410959067], [-79.5532647220868, 43.6109068894059], [-79.5533055118707, 43.6108730167856], [-79.5533463885505, 43.610839187569], [-79.5533870050041, 43.6108046842473], [-79.5534275469892, 43.6107706490759], [-79.5534680507193, 43.6107366053022], [-79.5535086799719, 43.6107023893255], [-79.5535491093154, 43.6106682914576], [-79.553589503119, 43.6106341751174], [-79.5536298591208, 43.6106000312724], [-79.5536699452387, 43.610570217615], [-79.5537102276429, 43.6105360385947], [-79.5537504712224, 43.6105018230527], [-79.5537907149718, 43.6104675984945], [-79.5538310920006, 43.6104292067637], [-79.5538712984696, 43.6103949826053], [-79.5539114931519, 43.6103607312714], [-79.5539515528881, 43.6103287481201], [-79.5539917964073, 43.6102945234869], [-79.5540319294233, 43.6102602542221], [-79.5540718015162, 43.6102258051642], [-79.5541114112294, 43.6101891684063], [-79.5541503657623, 43.6101541701753], [-79.5541892954521, 43.6101191725168], [-79.5542283618221, 43.6100858125977], [-79.5542680724938, 43.610051264185], [-79.5543079942628, 43.6100168507869], [-79.5543479023592, 43.6099824372017], [-79.5543877746702, 43.6099484292294], [-79.5544276705033, 43.6099140064567], [-79.5544674308753, 43.609879494618], [-79.5545067454223, 43.6098452796609], [-79.5545457740124, 43.6098103263486], [-79.5545845286454, 43.609775220092], [-79.5546232101772, 43.6097400597742], [-79.5546619651393, 43.6097043151125], [-79.5547004985831, 43.6096690736602], [-79.5547390426996, 43.6096338503376], [-79.5547780191927, 43.6095966110742], [-79.5548172464335, 43.6095617835337], [-79.5548567448255, 43.6095271187783], [-79.5548962811865, 43.6094924706962], [-79.5549354730905, 43.6094601997993], [-79.5549748355446, 43.6094254621522], [-79.5550141861904, 43.6093906982304], [-79.5550535489846, 43.609355942552], [-79.5550928856971, 43.6093211874304], [-79.5551324469442, 43.6092859543206], [-79.5552838453612, 43.6091409221258], [-79.5563374445268, 43.6081781466055], [-79.5571328878633, 43.6074512188341], [-79.5576289979213, 43.6070029419844], [-79.55978513538, 43.6050588029684], [-79.5598361576883, 43.6050823421096], [-79.5600240273925, 43.6051992623943], [-79.5601256150273, 43.6052373126827], [-79.5602232295212, 43.605301989862], [-79.5604609233038, 43.6054683008473], [-79.5606052008123, 43.6055329450094], [-79.560825841079, 43.6056160371712], [-79.5610379875225, 43.6056898982296], [-79.5610804210056, 43.6057083638843], [-79.5612416617078, 43.6057637539935], [-79.5614538146577, 43.6058437793944], [-79.5616957117322, 43.605960758312], [-79.5618697135396, 43.6060531353414], [-79.5620310604888, 43.6062225540225], [-79.562141495302, 43.6063796772547], [-79.5622688767027, 43.6065121454203], [-79.5624259484129, 43.6066291857651], [-79.5625193178932, 43.6066815144345], [-79.5626439731195, 43.6067280462178], [-79.5629127048192, 43.6067954004584], [-79.5631632137743, 43.6068492621149], [-79.5634315246987, 43.6068806181935], [-79.5636994496414, 43.6069209673803], [-79.563952653382, 43.6069568225743], [-79.5640861505839, 43.6069762538136], [-79.5642298700719, 43.6069971648037], [-79.5644819243425, 43.6070465211769], [-79.5644959643248, 43.6070507078857], [-79.5647084544586, 43.6071139039142], [-79.5648761935708, 43.6072263180323], [-79.5649084672606, 43.6073568201086], [-79.564856756409, 43.6075143835523], [-79.5647353532794, 43.607649473987], [-79.5646414543941, 43.6078115614975], [-79.5646141318474, 43.6079556000536], [-79.564635967502, 43.6081131127332], [-79.5646713524139, 43.6082571157919], [-79.564807379631, 43.608392051416], [-79.5650536874688, 43.6084819252514], [-79.5653348349441, 43.6085762714507], [-79.5655499314857, 43.608649249041], [-79.5656602521225, 43.6086769188527], [-79.5657874938989, 43.6086706793688], [-79.5659231988747, 43.6086428589216], [-79.5662030914951, 43.6085964566978], [-79.5664052552298, 43.6086116242085], [-79.5666480568426, 43.6086879950702], [-79.5668495007932, 43.6088138973275], [-79.5670002670292, 43.6089623239374], [-79.567087158366, 43.6091198071604], [-79.5671841193647, 43.6092862764685], [-79.5672470103852, 43.6094392637419], [-79.5672770073762, 43.6096102824274], [-79.5672800410594, 43.6096530731874], [-79.567288824865, 43.6097768017343], [-79.5673021477085, 43.6099253265282], [-79.5673364056548, 43.6100963328654], [-79.5673369533476, 43.6102313635148], [-79.5673037322928, 43.610401977828], [-79.5672275938584, 43.6105807997227], [-79.5671725558843, 43.6106733037464], [-79.5670793208795, 43.6107504110826], [-79.5669648500843, 43.6107936303141], [-79.5668588068217, 43.6108060156044], [-79.5666509906527, 43.6108400631243], [-79.5665626486646, 43.6108844469844], [-79.5663455738417, 43.6109700868205], [-79.5661486410426, 43.6110782268681], [-79.5659788362979, 43.6112178562181], [-79.5657865708415, 43.6113349852452], [-79.5657395918674, 43.6113676519626], [-79.5656251600215, 43.6114601797539], [-79.5654471934817, 43.6116267277332], [-79.5652861678621, 43.6117655226053], [-79.5651081078268, 43.6118704185957], [-79.5648876441634, 43.611978416809], [-79.5646747340297, 43.6120602610369], [-79.5644472057884, 43.6121549050118], [-79.564219279062, 43.6122495480276], [-79.5640583824117, 43.6123846601402], [-79.5639517090674, 43.6125422537413], [-79.5639708327021, 43.6126907661895], [-79.5640259795398, 43.612834758311], [-79.5640900365464, 43.6129922467593], [-79.5641970321816, 43.6131137057959], [-79.5643810765179, 43.6132486237345], [-79.564608817085, 43.6133250078083], [-79.564865971912, 43.6133923723074], [-79.565119204496, 43.6134282342806], [-79.5653596244032, 43.6134280972253], [-79.5655922809744, 43.6134099524171], [-79.5658102333371, 43.6133918243197], [-79.5660603065392, 43.6133826786802], [-79.5663142997668, 43.6134005341824], [-79.5665396743033, 43.6134409093226], [-79.5667786149714, 43.613503780402], [-79.5670047994307, 43.6135801599979], [-79.5672619352023, 43.6136385175868], [-79.5675070831508, 43.6137103851957], [-79.5677154647111, 43.6137867734632], [-79.5678936833341, 43.6138991856219], [-79.5679635891813, 43.6139492367338], [-79.568044407006, 43.6140071130106], [-79.5681912800914, 43.6141285447554], [-79.5682974726966, 43.6142319981286], [-79.5683576738912, 43.6143759848196], [-79.568342327536, 43.6145110152778], [-79.5682821368371, 43.6146820779877], [-79.5682308122676, 43.6148171295571], [-79.5682237985567, 43.6149141874385], [-79.5682197610096, 43.6149701695279], [-79.5681854761736, 43.6151097123115], [-79.5681318395421, 43.6152717693107], [-79.5680797611237, 43.6154203236254], [-79.5680029066625, 43.6155823949152], [-79.5679461594272, 43.6157219596203], [-79.5679091682903, 43.6158795069649], [-79.5678644307532, 43.6160235557112], [-79.5678290036875, 43.6161946042751], [-79.5678214420065, 43.6163341306069], [-79.5678332335797, 43.6164961491642], [-79.5678651398704, 43.6166311512077], [-79.5678540909186, 43.6167886823084], [-79.5677241644646, 43.6169237895531], [-79.5675547280209, 43.6170499098402], [-79.5673438093043, 43.6171310473874], [-79.5671510882597, 43.6171986708047], [-79.5669719440018, 43.617297791652], [-79.5668330899133, 43.6174193916211], [-79.5666988920356, 43.6175499907556], [-79.5666165645688, 43.61767605845], [-79.5665478158251, 43.6178246217359], [-79.5665135093654, 43.617959672491], [-79.5665705846376, 43.6181126626217], [-79.5666214599733, 43.6182611567181], [-79.5666874625948, 43.6184186427742], [-79.5667414242786, 43.6185671439999], [-79.5667783886422, 43.618729147815], [-79.5668269315712, 43.6188731420862], [-79.5667930311521, 43.6190171839589], [-79.5667393528062, 43.6191702482998], [-79.566719016373, 43.6193232841251], [-79.5667249965216, 43.6194988087301], [-79.566738348897, 43.6196518339087], [-79.5667416211962, 43.6198093562205], [-79.5667483448099, 43.6199398729742], [-79.5667717426744, 43.6200793812869], [-79.5668121361675, 43.6201918755939], [-79.5668335670244, 43.6202998885426], [-79.5668347347588, 43.6203133902337], [-79.5668432837371, 43.6203358885051], [-79.5668770502918, 43.6204168812324], [-79.5669294976213, 43.6205608730551], [-79.5669103137474, 43.6207139089239], [-79.5668222112336, 43.6208759858983], [-79.5666550621458, 43.620997610739], [-79.5664507280056, 43.6210967452391], [-79.5662169257881, 43.6211823945334], [-79.5659966954653, 43.6212725364311], [-79.5658136465313, 43.6213716568101], [-79.5656561781162, 43.6214887754073], [-79.5655843069253, 43.6216328391607], [-79.5655519477559, 43.6217858813955], [-79.5655865589393, 43.6219253919738], [-79.5656587594299, 43.6220738740103], [-79.5657506973919, 43.622231354632], [-79.5658449443276, 43.6223708219969], [-79.5659070751885, 43.6225328212291], [-79.5659026011531, 43.6226903480379], [-79.5658683244756, 43.6228569028416], [-79.5658003488769, 43.6230279689529], [-79.5657676164785, 43.623203523651], [-79.5657566036754, 43.6233880595204], [-79.5657188299767, 43.6235636175623], [-79.5656799113523, 43.6237481687864], [-79.565653375256, 43.6239012165401], [-79.5656148030388, 43.6240497616178], [-79.5655371304628, 43.6242163326155], [-79.5654311874001, 43.6243784276119], [-79.5652679313418, 43.624513542119], [-79.5650890966069, 43.624590155636], [-79.564884239658, 43.6245857711142], [-79.564682408536, 43.624513874678], [-79.5644612323496, 43.6244509801875], [-79.5642648475958, 43.6243970828148], [-79.5640882776477, 43.624424186101], [-79.5639388877728, 43.6245052825433], [-79.5638065887648, 43.6246358767461], [-79.5637010120934, 43.6247619552649], [-79.5636051091234, 43.6248970385667], [-79.563566917833, 43.6250365819438], [-79.5635604699569, 43.6251851176341], [-79.5636078022635, 43.6256531640449], [-79.5635773263273, 43.6257656979384], [-79.5635406781689, 43.6259007397896], [-79.5634996447731, 43.6260248920433], [-79.5634750203961, 43.6261172243236], [-79.5634534166278, 43.6261708397083], [-79.5634434589667, 43.6263172522355], [-79.5634647646872, 43.6264505877719], [-79.5635072294751, 43.6265557007005], [-79.5635673772823, 43.6266838734955], [-79.5636204434552, 43.6267941114089], [-79.5636876491353, 43.6269171505363], [-79.5637336242863, 43.6269889289031], [-79.563763611386, 43.6270347649224], [-79.562376111442, 43.6273513717483], [-79.5610003927453, 43.6276416257693], [-79.5605952900438, 43.6277271027702], [-79.5599429924785, 43.6278514675543], [-79.5597846383332, 43.6278785550603], [-79.559627056651, 43.6279101423554], [-79.5594690905578, 43.6279417290898], [-79.5593114908723, 43.6279688155434], [-79.5591542929954, 43.6280004016209], [-79.5589970825459, 43.6280319882235], [-79.5588994556463, 43.6280544521472], [-79.5588402808004, 43.6280635824639], [-79.5586834666976, 43.6280951682294], [-79.5585270367097, 43.6281267532213], [-79.5583709935585, 43.6281628385542], [-79.5582145671905, 43.6281989242417], [-79.5580589176441, 43.6282305076316], [-79.5579036561184, 43.6282665922814], [-79.5577480213111, 43.6283026765114], [-79.5575931436987, 43.6283387601804], [-79.5574382780824, 43.6283748527943], [-79.5573443817289, 43.6283995189188], [-79.5572838006555, 43.6284154367699], [-79.557261698202, 43.6284206150735], [-79.5571297021732, 43.6284515197396], [-79.5569807454039, 43.6284864023611], [-79.5567720905948, 43.6285413607397], [-79.556789590689, 43.6285843514133], [-79.5568418208592, 43.6287127032348], [-79.5569260555128, 43.6289151844181], [-79.5570087449098, 43.6291221750144], [-79.5570910642072, 43.6293291662746], [-79.5571729625936, 43.6295361575581], [-79.5572533246473, 43.6297431401882], [-79.5573332903426, 43.6299501321588], [-79.5574125140413, 43.6301571246062], [-79.557491315778, 43.6303641080653], [-79.5575689662374, 43.6305711003445], [-79.5576217504947, 43.6306925932494], [-79.5576733699522, 43.6308140768312], [-79.5577242208346, 43.6309355695972], [-79.557774687839, 43.6310570538929], [-79.5578243587795, 43.6311740468516], [-79.5578732764115, 43.6312955412625], [-79.5579214147287, 43.6314170267179], [-79.5579687732959, 43.6315385212212], [-79.5580153622162, 43.6316600167973], [-79.5580602389196, 43.6317789921539], [-79.5580611829607, 43.6317815035613], [-79.5581062239411, 43.6319029993758], [-79.5581504841286, 43.6320244952249], [-79.5581557156787, 43.6320391017047], [-79.5581939882822, 43.6321459923222], [-79.5582367166218, 43.6322719986978], [-79.5582786604083, 43.6323934958839], [-79.5583198342997, 43.6325150031498], [-79.5583602340411, 43.6326410017094], [-79.5584002268406, 43.6327579992717], [-79.5584387051856, 43.6328840086797], [-79.5584771715288, 43.6330100080166], [-79.5585144645772, 43.6331270156015], [-79.5585668864767, 43.6332800127796], [-79.558620081466, 43.6334240166295], [-79.5586798772714, 43.6335770185033], [-79.558738521703, 43.6337300211301], [-79.5587971468576, 43.6338875245547], [-79.558854639193, 43.6340405179898], [-79.5589109414788, 43.6341935215986], [-79.5589668733598, 43.6343465259085], [-79.5590220121214, 43.6344995300925], [-79.5590763989593, 43.6346570348448], [-79.5591299888409, 43.6348100311478], [-79.559182439708, 43.6349630274698], [-79.5592344855235, 43.6351205341382], [-79.5592442301388, 43.6351496118725], [-79.559285770337, 43.6352735310133], [-79.5593362684925, 43.635431028924], [-79.5593856210905, 43.6355840266028], [-79.5594345812391, 43.635741525786], [-79.55948275804, 43.6358945148987], [-79.5595297981193, 43.6360520240488], [-79.5595760326242, 43.6362095329276], [-79.5595890208632, 43.6362468009784], [-79.5594264411368, 43.6362841874053], [-79.559190526988, 43.6363343306533], [-79.5590704610367, 43.6363636024097], [-79.5567130069966, 43.6369381929254], [-79.5565213215467, 43.6367359728425], [-79.5564861784357, 43.6366492171762], [-79.5564499909998, 43.6365327659013], [-79.5564251475648, 43.6364197659422], [-79.5564195444536, 43.6363132460243], [-79.5564169334475, 43.636237194532], [-79.5564529954664, 43.6360890137654], [-79.5565197074199, 43.6359004655201], [-79.5566425147822, 43.6356227293372], [-79.5567182753843, 43.6354632861391], [-79.5568111226791, 43.6352353612233], [-79.5568292803923, 43.6351965745937], [-79.5568459187262, 43.6351114128523], [-79.5568703901873, 43.6350137354813], [-79.5568757915989, 43.6349059507924], [-79.5568737244547, 43.6347650975415], [-79.5568601169644, 43.6346591581472], [-79.556834720125, 43.634564250992], [-79.5567861082664, 43.6344146362285], [-79.5567405679089, 43.6343266256272], [-79.556716785141, 43.6342744562577], [-79.5566829554778, 43.6342257300759], [-79.5566320851908, 43.6341634925555], [-79.556093358786, 43.6335851046504], [-79.5560189830355, 43.6335262894311], [-79.5559586335716, 43.6334655327484], [-79.5558978158637, 43.6334192592734], [-79.5558344584714, 43.6333747337566], [-79.5552778372371, 43.6330645100998], [-79.5547159084331, 43.6328117509517], [-79.5544754400791, 43.6330918274244], [-79.554340497517, 43.6332477240145], [-79.5541898207661, 43.6333975607347], [-79.5540707088769, 43.6334780708966], [-79.5539268208072, 43.6335701067554], [-79.5538028593237, 43.6336469194819], [-79.5536162501248, 43.6337509010517], [-79.5534451626974, 43.6338214805299], [-79.5533063366834, 43.6338788568389], [-79.5531786450612, 43.6339157773939], [-79.5530218836072, 43.6339579941656], [-79.5520289869831, 43.6341966991382], [-79.5509542049706, 43.6344405268335], [-79.5497753222839, 43.6347147876795], [-79.5495955649628, 43.634302331864], [-79.548775768943, 43.6324535470897], [-79.5486286016936, 43.6321140419439], [-79.5485976568798, 43.6320371469197], [-79.5485752856256, 43.6319727060791], [-79.5485776907257, 43.6319122876977], [-79.54860395347, 43.631853731765], [-79.548670627506, 43.6318088941768], [-79.5487559479173, 43.6317730685625], [-79.5496302703977, 43.6315812421104], [-79.5491640201058, 43.6305171818902], [-79.5473136988454, 43.6309420094383], [-79.5469273804333, 43.6310310386951], [-79.5465898135678, 43.6311831208962], [-79.5465855647206, 43.6311853097505], [-79.5461229564316, 43.6314227740844], [-79.5453358485026, 43.6318166023838], [-79.5447049054236, 43.6321291272242], [-79.5436867338473, 43.6326880577504], [-79.54329033521, 43.6329658202432], [-79.5427178762633, 43.633469708278], [-79.5420479544442, 43.6341246906463], [-79.5413647081429, 43.6347443349402], [-79.5407387299587, 43.6353631260691], [-79.5400914993955, 43.6361183815066], [-79.5390017743539, 43.6373772243601], [-79.5384200873665, 43.6380703658015], [-79.5380149963295, 43.6385328664826], [-79.5376433931512, 43.6389858934303], [-79.5366212066742, 43.6401518505004], [-79.5365793913677, 43.6401968705128], [-79.5365383558297, 43.6402418905896], [-79.5364977134085, 43.6402824101156], [-79.5364578555882, 43.6403274290362], [-79.5364183685994, 43.6403724400857], [-79.5363800480173, 43.640417458855], [-79.5363421230796, 43.6404624691718], [-79.5363272104901, 43.6404803499957], [-79.536527740375, 43.6405806339959], [-79.536584174594, 43.6406052701541], [-79.536641248132, 43.6406393226823], [-79.5371037920637, 43.6411104314093], [-79.5373422779457, 43.641390548264], [-79.5367757771279, 43.6415113870226], [-79.5353642385838, 43.6418035214348], [-79.5352270890859, 43.6414627269789], [-79.5350292839164, 43.6416571905985], [-79.5348125969387, 43.6418701841113], [-79.5345653896019, 43.642097670282], [-79.5343933316874, 43.642327112733], [-79.5342020411481, 43.6426771347235], [-79.5339954706509, 43.6430365945846], [-79.53346047228, 43.6436095814392], [-79.5329697060047, 43.6441459004366], [-79.5319862283869, 43.6452205382329], [-79.5319557154883, 43.6452537345588], [-79.531400786659, 43.6458573587814], [-79.5312062098582, 43.6460689888599], [-79.5305570392542, 43.6467820190379], [-79.5303519730546, 43.6469996363278], [-79.5287524674596, 43.6487793684225], [-79.528396043875, 43.6486322313839], [-79.5282318302834, 43.6485514216759], [-79.5281473438125, 43.6485098376371], [-79.5268960843637, 43.6478939502967], [-79.5255121755521, 43.6472124686324], [-79.5250829772016, 43.6469977451978], [-79.5250375854303, 43.646971912408], [-79.5249825504231, 43.6469506002709]]]]}"
48,Islington,158,25374,88,52,84,72,83,77,75,56,96,380.9689,223.4157,356.9304,301.0034,339.8993,310.3963,299.8081,223.1342,378.34,26,24,33,24,36,56,50,58,92,112.559,103.1149,140.2227,100.3344,147.4262,225.7427,199.8721,231.1033,231.1033,14,12,6,6,4,7,13,8,4,60.60868,51.55746,25.49503,25.08361,16.38069,28.21784,51.96674,31.87632,31.87632,54,58,40,40,48,51,43,44,53,233.7764,249.1944,169.9669,167.2241,196.5683,205.5871,171.89,175.3198,208.8752,,,,,,,,,,,,,,,,,,,18,12,21,24,14,15,16,10,25,77.92545,89.2326,100.3344,57.33241,60.4668,63.95906,39.8454,98.52605,51.55746,,4,3,,2,2,1,1,,,17.18582,12.74751,,8.190344,8.062241,3.997442,3.98454,,75,104,54,64,73,73,71,38,75,324.6894,446.8314,229.4553,267.5585,298.9475,294.2718,283.8184,151.4125,295.5782,2,6,6,6,5,9,8,6,8,8.658383,25.77873,25.49503,25.08361,20.47586,36.28008,31.97953,23.90724,31.52834,"{'type': 'MultiPolygon', 'coordinates': [[[[-79.5408251039269, 43.6543686089008], [-79.5404799825513, 43.6535703826148], [-79.5404635847232, 43.6535757718442], [-79.5403411751788, 43.6535938172857], [-79.5402299694892, 43.6535893473401], [-79.540133116282, 43.6535803794798], [-79.5400215222044, 43.6535714177185], [-79.5398983186318, 43.653571460915], [-79.5397615838115, 43.6535985031171], [-79.5396574224344, 43.6536750507218], [-79.539652458116, 43.6537785683487], [-79.5396765366442, 43.6538775751438], [-79.539750600889, 43.6539765642097], [-79.5398397905743, 43.6540755573863], [-79.5399456204666, 43.6541790354298], [-79.5400301707562, 43.6542915227818], [-79.5401104439456, 43.6543860088307], [-79.5401752190345, 43.6544939936228], [-79.540218691304, 43.6545975032583], [-79.5402191598109, 43.6547055103085], [-79.5401599503967, 43.6548180476004], [-79.5400461085799, 43.6548990909007], [-79.5399090081411, 43.6549801421848], [-79.5397610760156, 43.6550657063334], [-79.5395840466969, 43.6551332688186], [-79.5394035433042, 43.6551783290668], [-79.5392299704055, 43.6552053932475], [-79.539065333872, 43.655227944284], [-79.5389006636415, 43.6552189989595], [-79.5387139071389, 43.6552190531449], [-79.5385403291509, 43.6552191116721], [-79.5383384730038, 43.6552011768227], [-79.5381687499925, 43.6551607277556], [-79.5379978422525, 43.6550887738914], [-79.5378679904462, 43.6549898110443], [-79.5377838632979, 43.6548953245472], [-79.5376919672185, 43.654787347964], [-79.5376159708696, 43.6546883580686], [-79.5375353082895, 43.6545803765282], [-79.53743723839, 43.6544903951941], [-79.5373263780389, 43.6544049276185], [-79.5372298529209, 43.6543059448517], [-79.5371712969797, 43.6542204505406], [-79.5371692108444, 43.6539954177865], [-79.5372404348235, 43.6538963796102], [-79.5372984657266, 43.6537748509327], [-79.5373487508985, 43.6536578168939], [-79.5373947942898, 43.6535587868022], [-79.5374462364294, 43.653428250842], [-79.5374852700373, 43.6533022182986], [-79.5375227622547, 43.6531671864085], [-79.5375416605779, 43.6530366598406], [-79.5375225925852, 43.6529151483833], [-79.5374376845547, 43.652793657866], [-79.5371590131774, 43.6526362153388], [-79.5369641142752, 43.6525867624607], [-79.5367781266856, 43.6525733111554], [-79.5366026302476, 43.6525868606693], [-79.5364283097791, 43.6526184120992], [-79.5362721843826, 43.6526229621405], [-79.5359354368011, 43.6525060332798], [-79.5355096398146, 43.6525106488853], [-79.53522637087, 43.6524297066475], [-79.5349755899237, 43.6522542383447], [-79.5346481622529, 43.6521688164148], [-79.534307980478, 43.652150889027], [-79.5339546185648, 43.6521284732814], [-79.5336001268681, 43.6521240596875], [-79.5332251011704, 43.6521331529592], [-79.532884926391, 43.6521512262907], [-79.532582691087, 43.6520837848148], [-79.5324070645358, 43.6518767950533], [-79.5323522960389, 43.651624771694], [-79.5323257561695, 43.6513277346543], [-79.532250070342, 43.6510667079078], [-79.5322282366858, 43.6508281775008], [-79.5322796464104, 43.6506211316945], [-79.5322895772216, 43.6503915944351], [-79.5322034508458, 43.6501935798381], [-79.5319883423383, 43.6500451084199], [-79.5315008790121, 43.6500290507636], [-79.5312718668115, 43.6500291135051], [-79.531108852729, 43.6500516973684], [-79.5310273678231, 43.6500939985492], [-79.5309769384999, 43.6501672833626], [-79.5310003377329, 43.6503730211648], [-79.530981048508, 43.6505900495263], [-79.5309616987508, 43.6506887007684], [-79.5308996399834, 43.6507817194147], [-79.5308453243951, 43.6508437353228], [-79.5307405537431, 43.6509029479526], [-79.5303407676752, 43.6509650472712], [-79.5299882895509, 43.6510087157914], [-79.5296617535397, 43.6510943042698], [-79.5293510740111, 43.6511573852656], [-79.529002042438, 43.6511799781981], [-79.528637840017, 43.6511035486485], [-79.5282616292835, 43.651031622833], [-79.5279137096431, 43.6509641983794], [-79.5275863502753, 43.6509642682076], [-79.5272202556756, 43.6509733487889], [-79.5268820544341, 43.650955425718], [-79.5267975647646, 43.6509414664753], [-79.526555440209, 43.6509014939929], [-79.526204425337, 43.6508070603969], [-79.5261499092477, 43.6507884044748], [-79.5258626744729, 43.6506901210655], [-79.5255643237165, 43.65054167496], [-79.5253471580264, 43.6503884023526], [-79.5253093364516, 43.650361703938], [-79.5250248858075, 43.6501817302717], [-79.5247454876726, 43.6499882711136], [-79.5244986380479, 43.6497768103589], [-79.5243427882776, 43.649619067319], [-79.524263021431, 43.6495383328838], [-79.5239909998847, 43.6493313774979], [-79.5237530554857, 43.6490884083541], [-79.5234659410229, 43.6488859550029], [-79.5231222791967, 43.6487555138045], [-79.5228169546362, 43.6485755656051], [-79.5225333091868, 43.6483550973723], [-79.5224050174689, 43.648277972469], [-79.5222190856679, 43.6481706404155], [-79.522173945865, 43.6481526998876], [-79.5218797058936, 43.6480357029588], [-79.5214868725714, 43.6479232788144], [-79.5214260129358, 43.6479040271487], [-79.5211029490423, 43.6478018404344], [-79.5207666763552, 43.6477119063607], [-79.5204106630127, 43.6476399684899], [-79.5201516667913, 43.6474342611234], [-79.5200486049936, 43.6473921982786], [-79.519868275839, 43.647373524533], [-79.5196106829798, 43.6473969641247], [-79.519332151413, 43.6473746611629], [-79.5189660998398, 43.6473342429312], [-79.5186205627113, 43.6472533052614], [-79.5183009403919, 43.6471093626249], [-79.5179910035693, 43.6469339031006], [-79.5176868765633, 43.646740439108], [-79.5174121797068, 43.6465514708689], [-79.5171746536793, 43.6462949766991], [-79.5170284217932, 43.6461189768054], [-79.5170629542644, 43.6461113384502], [-79.5175245880814, 43.6460062584746], [-79.5189804761528, 43.6456748116614], [-79.5201004728846, 43.6454328075469], [-79.5211706492316, 43.6452053923539], [-79.5223011900598, 43.6449335433879], [-79.5234413753722, 43.6446571527776], [-79.5238189572985, 43.6455183711684], [-79.5241992361806, 43.6464039624377], [-79.5243090170346, 43.6466596237619], [-79.5244599821726, 43.6470196553353], [-79.5247897032674, 43.6469382834741], [-79.5248865009171, 43.6469335911603], [-79.5249825504231, 43.6469506002709], [-79.5250375854303, 43.646971912408], [-79.5250829772016, 43.6469977451978], [-79.5255121755521, 43.6472124686324], [-79.5268960843637, 43.6478939502967], [-79.5281473438125, 43.6485098376371], [-79.5282318302834, 43.6485514216759], [-79.528396043875, 43.6486322313839], [-79.5287524674596, 43.6487793684225], [-79.5303519730546, 43.6469996363278], [-79.5305570392542, 43.6467820190379], [-79.5312062098582, 43.6460689888599], [-79.5319557154883, 43.6452537345588], [-79.5319862283869, 43.6452205382329], [-79.53346047228, 43.6436095814392], [-79.5339954706509, 43.6430365945846], [-79.5342020411481, 43.6426771347235], [-79.5343933316874, 43.642327112733], [-79.5345653896019, 43.642097670282], [-79.5348125969387, 43.6418701841113], [-79.5350292839164, 43.6416571905985], [-79.5352270890859, 43.6414627269789], [-79.5353642385838, 43.6418035214348], [-79.5367757771279, 43.6415113870226], [-79.5373422779457, 43.641390548264], [-79.5371037920637, 43.6411104314093], [-79.536641248132, 43.6406393226823], [-79.536584174594, 43.6406052701541], [-79.536527740375, 43.6405806339959], [-79.5363272104901, 43.6404803499957], [-79.5363421230796, 43.6404624691718], [-79.5363800480173, 43.640417458855], [-79.5364183685994, 43.6403724400857], [-79.5364578555882, 43.6403274290362], [-79.5364977134085, 43.6402824101156], [-79.5365383558297, 43.6402418905896], [-79.5365793913677, 43.6401968705128], [-79.5366212066742, 43.6401518505004], [-79.5376433931512, 43.6389858934303], [-79.5380149963295, 43.6385328664826], [-79.5384200873665, 43.6380703658015], [-79.5390017743539, 43.6373772243601], [-79.5400914993955, 43.6361183815066], [-79.5407387299587, 43.6353631260691], [-79.5413647081429, 43.6347443349402], [-79.5420479544442, 43.6341246906463], [-79.5427178762633, 43.633469708278], [-79.54329033521, 43.6329658202432], [-79.5436867338473, 43.6326880577504], [-79.5447049054236, 43.6321291272242], [-79.5453358485026, 43.6318166023838], [-79.5461229564316, 43.6314227740844], [-79.5465855647206, 43.6311853097505], [-79.5465898135678, 43.6311831208962], [-79.5469273804333, 43.6310310386951], [-79.5473136988454, 43.6309420094383], [-79.5491640201058, 43.6305171818902], [-79.5496302703977, 43.6315812421104], [-79.5487559479173, 43.6317730685625], [-79.548670627506, 43.6318088941768], [-79.54860395347, 43.631853731765], [-79.5485776907257, 43.6319122876977], [-79.5485752856256, 43.6319727060791], [-79.5485976568798, 43.6320371469197], [-79.5486286016936, 43.6321140419439], [-79.548775768943, 43.6324535470897], [-79.5495955649628, 43.634302331864], [-79.5497753222839, 43.6347147876795], [-79.5509542049706, 43.6344405268335], [-79.5520289869831, 43.6341966991382], [-79.5530218836072, 43.6339579941656], [-79.5531786450612, 43.6339157773939], [-79.5533063366834, 43.6338788568389], [-79.5534451626974, 43.6338214805299], [-79.5536162501248, 43.6337509010517], [-79.5538028593237, 43.6336469194819], [-79.5539268208072, 43.6335701067554], [-79.5540707088769, 43.6334780708966], [-79.5541898207661, 43.6333975607347], [-79.554340497517, 43.6332477240145], [-79.5544754400791, 43.6330918274244], [-79.5547159084331, 43.6328117509517], [-79.5552778372371, 43.6330645100998], [-79.5558344584714, 43.6333747337566], [-79.5558978158637, 43.6334192592734], [-79.5559586335716, 43.6334655327484], [-79.5560189830355, 43.6335262894311], [-79.556093358786, 43.6335851046504], [-79.5566320851908, 43.6341634925555], [-79.5566829554778, 43.6342257300759], [-79.556716785141, 43.6342744562577], [-79.5567405679089, 43.6343266256272], [-79.5567861082664, 43.6344146362285], [-79.556834720125, 43.634564250992], [-79.5568601169644, 43.6346591581472], [-79.5568737244547, 43.6347650975415], [-79.5568757915989, 43.6349059507924], [-79.5568703901873, 43.6350137354813], [-79.5568459187262, 43.6351114128523], [-79.5568292803923, 43.6351965745937], [-79.5568111226791, 43.6352353612233], [-79.5567182753843, 43.6354632861391], [-79.5566425147822, 43.6356227293372], [-79.5565197074199, 43.6359004655201], [-79.5564529954664, 43.6360890137654], [-79.5564169334475, 43.636237194532], [-79.5564195444536, 43.6363132460243], [-79.5564251475648, 43.6364197659422], [-79.5564499909998, 43.6365327659013], [-79.5564861784357, 43.6366492171762], [-79.5565213215467, 43.6367359728425], [-79.5567130069966, 43.6369381929254], [-79.5590704610367, 43.6363636024097], [-79.559190526988, 43.6363343306533], [-79.5594264411368, 43.6362841874053], [-79.5595890208632, 43.6362468009784], [-79.559616824658, 43.6363265292693], [-79.5596506208947, 43.636425527683], [-79.5596832519055, 43.6365245258074], [-79.5597154999521, 43.6366235235972], [-79.5597469617417, 43.636718022101], [-79.5597772883633, 43.6368170217694], [-79.5598068257273, 43.6369205215592], [-79.5598359583149, 43.6370150212979], [-79.5598643512128, 43.6371140217838], [-79.5598915552842, 43.6372130225885], [-79.5599179907973, 43.6373120236058], [-79.5599436701204, 43.6374110258926], [-79.5599689404241, 43.6375100275207], [-79.5599821567893, 43.6375640286233], [-79.5599930454311, 43.6376090297666], [-79.5600439604287, 43.6377710282301], [-79.5601220657568, 43.6380185249169], [-79.5601993586341, 43.6382210068946], [-79.5602754752748, 43.6384234974075], [-79.5603508402324, 43.6386304893708], [-79.5604250237817, 43.6388329815338], [-79.5604984432673, 43.6390399740941], [-79.5605707073407, 43.6392424671857], [-79.5606406330114, 43.6394494525565], [-79.560792617578, 43.6398365037845], [-79.5611424478286, 43.640727372477], [-79.5611579680793, 43.6407656923466], [-79.5617455807248, 43.642216758313], [-79.5620970608839, 43.6430822660353], [-79.562248094395, 43.6434541657366], [-79.5626780347605, 43.6444935889591], [-79.5631322456968, 43.6455316651125], [-79.5631551952845, 43.6455840855031], [-79.5635603413753, 43.6464747536485], [-79.5640949178133, 43.6476499616164], [-79.5641664569279, 43.6478143132237], [-79.5642117764551, 43.6479068856162], [-79.5644194411416, 43.6483311014199], [-79.5647391824204, 43.6489841950718], [-79.5652594735572, 43.650032576634], [-79.565329014492, 43.6501900602886], [-79.5653992997773, 43.6503475442365], [-79.5654703790473, 43.6505050272986], [-79.5655422274941, 43.6506625100623], [-79.5656148699381, 43.6508199919373], [-79.5656886478699, 43.6509729725437], [-79.5657632118538, 43.6511304541213], [-79.5658385450623, 43.6512879344943], [-79.565873210704, 43.6513600155182], [-79.5659142754748, 43.6514454143957], [-79.5659915505992, 43.6515983927541], [-79.5660691914481, 43.6517558722053], [-79.5661476329998, 43.6519088497788], [-79.5662268561706, 43.6520618271962], [-79.5662861235948, 43.6522071466962], [-79.5664516858481, 43.6525342678071], [-79.5665281927192, 43.6526962481694], [-79.5666054721741, 43.6528492261393], [-79.5666834993583, 43.6530067045876], [-79.5667627050374, 43.6531641815505], [-79.5668423035792, 43.6533171497149], [-79.5669226633504, 43.6534746257251], [-79.5670042005695, 43.653632093028], [-79.5671054578667, 43.6538406130359], [-79.5673015388641, 43.654256018939], [-79.5670574180881, 43.6543075150544], [-79.5668515641182, 43.6543560176867], [-79.5645652974954, 43.6548946677549], [-79.5642784087195, 43.654954256427], [-79.5642325373598, 43.6549659120064], [-79.5615135223015, 43.6556129668677], [-79.5606541268751, 43.6558173875531], [-79.5576292281733, 43.6565275754152], [-79.5569940904314, 43.6566738050432], [-79.5557497277433, 43.6569653611076], [-79.5556164828205, 43.6569863175984], [-79.5552495074276, 43.6570440052228], [-79.5538491737278, 43.657403899271], [-79.5536891955292, 43.6574386027656], [-79.5523127023197, 43.6577327665353], [-79.5521619990163, 43.6577691106327], [-79.5495573701397, 43.6583972226616], [-79.5491230900684, 43.6584938778032], [-79.5485998787057, 43.6586085712856], [-79.5475550119685, 43.6588377799385], [-79.5465537364537, 43.6590930837799], [-79.5464180418927, 43.6591308906072], [-79.54555081443, 43.6593285483683], [-79.5453481359277, 43.6593593689004], [-79.5443131131367, 43.6595886344148], [-79.5432291305829, 43.6598667681725], [-79.5429222476408, 43.6591424101556], [-79.5427742252504, 43.6588486791973], [-79.5423282000886, 43.6578645481225], [-79.5422361012762, 43.6576611599971], [-79.5417807911866, 43.6565841264655], [-79.5408251039269, 43.6543686089008]]]]}"
49,Bendale South,157,10882,59,71,80,103,84,67,79,62,41,549.7578,659.9127,739.7817,946.4302,765.3062,608.6483,719.2935,569.2251,376.769,10,12,7,11,15,20,8,15,21,93.17928,111.5345,64.7309,101.0751,136.6618,181.6861,72.83984,137.7158,137.7158,4,2,7,2,,1,,3,3,37.27171,18.58909,64.7309,18.37729,,9.084302,,27.54315,27.54315,26,29,28,35,18,21,11,4,8,242.2661,269.5418,258.9236,321.6025,163.9942,190.7704,100.1548,36.7242,73.5159,1,,1,,,,,,,9.317927693,,9,,,,,,,15,16,17,13,4,6,3,9,5,139.7689,157.2036,119.4524,36.44315,54.50581,27.31494,82.62946,45.94744,148.7127,1,,2,1,1,,3,2,1,9.317927,,18.49454,9.188643,9.110787,,27.31494,18.3621,9.189487,15,29,17,47,26,37,24,26,15,139.7689,269.5418,157.2036,431.8662,236.8805,336.1192,218.5195,238.7073,137.8423,2,2,4,4,,1,1,,1,18.63585,18.58909,36.98909,36.75457,,9.084302,9.10498,,9.189487,"{'type': 'MultiPolygon', 'coordinates': [[[[-79.2431497966, 43.7557869835205], [-79.2430077124587, 43.755649188562], [-79.2427937033838, 43.7556560249404], [-79.2425056932622, 43.7557471615892], [-79.2421721315375, 43.7556853728705], [-79.2418586303394, 43.7555586482867], [-79.2415423410954, 43.7554135006667], [-79.2412008028503, 43.7553013744796], [-79.2409404709599, 43.7552286758897], [-79.2406668319783, 43.7552413142366], [-79.2404256798714, 43.755155948053], [-79.2402010321719, 43.7551309100898], [-79.2401139725201, 43.7551212155725], [-79.239872132404, 43.7549656015015], [-79.2396843606581, 43.7548019017316], [-79.2394274085598, 43.7547181186762], [-79.2391456662449, 43.754623962497], [-79.2388423163154, 43.7544817079081], [-79.2385448006417, 43.7543374310832], [-79.238298520045, 43.7541707958063], [-79.2382403711716, 43.754141309772], [-79.2381938194143, 43.7539469033212], [-79.2381343452627, 43.7537145990602], [-79.2380185162683, 43.753508575538], [-79.2378356015308, 43.753366306201], [-79.2375907049911, 43.7534016502316], [-79.23758683081, 43.7534016498996], [-79.2377278296153, 43.7533089732427], [-79.2378234882769, 43.7532540790277], [-79.237956050378, 43.7531537673806], [-79.2380840619606, 43.7529920485348], [-79.2382027508005, 43.7528239795369], [-79.2382400460375, 43.752654806729], [-79.2381277903128, 43.7525068753994], [-79.2378975643733, 43.7524079740908], [-79.2377064833012, 43.7523195936521], [-79.2375906270594, 43.7522060751647], [-79.2376254081052, 43.7521011016418], [-79.2377517978706, 43.7521342371537], [-79.2379088985178, 43.7521269197671], [-79.2379967850342, 43.752065363439], [-79.2380864765647, 43.7519457636376], [-79.238198194018, 43.7517300268081], [-79.2382125727063, 43.7517016158067], [-79.2382652377775, 43.7515842613088], [-79.2381872380397, 43.7514431058557], [-79.2380465097675, 43.7513099075552], [-79.2380327445772, 43.7511917079421], [-79.2380555584452, 43.7510857889169], [-79.2381451645814, 43.7509854241643], [-79.2382310147169, 43.7508294683253], [-79.2382920869732, 43.750634588197], [-79.2383136385885, 43.7506073096914], [-79.238330442814, 43.7504952024301], [-79.2383394012069, 43.7503059096124], [-79.2383500677554, 43.7500778254106], [-79.2384792239241, 43.7499110311774], [-79.2385598431421, 43.7497466290676], [-79.2385886250477, 43.749530107537], [-79.2385549264741, 43.749267456588], [-79.2385369958795, 43.7492018059957], [-79.2385265568316, 43.7489784168447], [-79.2386787099611, 43.748873739662], [-79.2388958865161, 43.7488950909846], [-79.2390562623775, 43.7489266555106], [-79.239198738333, 43.7488769789569], [-79.2394114973364, 43.7487204117162], [-79.2395644189636, 43.7485123014859], [-79.2396101130285, 43.7482343854576], [-79.2396909791474, 43.7479030456732], [-79.2397881097371, 43.7477523260491], [-79.239830061895, 43.747658403559], [-79.2399577426982, 43.7475235687569], [-79.2399447989693, 43.7474732132654], [-79.2400752801358, 43.7472160663281], [-79.2401106498051, 43.7469644637517], [-79.2400934733389, 43.746635683191], [-79.240121535654, 43.7463940918205], [-79.2401546905206, 43.7461177668832], [-79.240228199122, 43.7459561279543], [-79.240407769098, 43.7458225437263], [-79.2404651061351, 43.7457941762818], [-79.2407207491465, 43.7457037095101], [-79.2409828593404, 43.745581788181], [-79.2411696126313, 43.7454574007815], [-79.2413491223534, 43.7453081080376], [-79.2413655129788, 43.74529617377], [-79.2414012035794, 43.7452716450133], [-79.2414661874256, 43.7452144000662], [-79.2415148445525, 43.7451629606228], [-79.241665337104, 43.7451346314938], [-79.2418130474034, 43.7451558122404], [-79.2419902759868, 43.7452076454389], [-79.2421201026385, 43.7452412071692], [-79.2421982603831, 43.7452502400913], [-79.2424645787577, 43.7453446873029], [-79.2427330202186, 43.7453234011892], [-79.2430368604134, 43.745272633142], [-79.2432838607068, 43.7453293646323], [-79.2433964025518, 43.7453577107246], [-79.2434965060516, 43.745382922183], [-79.2436267865864, 43.7453863564215], [-79.2437569440819, 43.7453778181717], [-79.2440720612207, 43.7453497561131], [-79.2441851919291, 43.745406230903], [-79.2442176811109, 43.745517882889], [-79.2442776895294, 43.7456750429522], [-79.2444590198773, 43.7457559912564], [-79.2446050395443, 43.7457838970101], [-79.2448475562956, 43.7457920540904], [-79.2449599717728, 43.7457922690738], [-79.2450804877897, 43.7457882622625], [-79.2453308226569, 43.7457710065365], [-79.2456352325391, 43.7457177039788], [-79.2458819602918, 43.7456724279009], [-79.246054126656, 43.745630541072], [-79.2462707091634, 43.7455259242776], [-79.2464822199322, 43.7454404494845], [-79.2466983511963, 43.7453659577081], [-79.2468724734172, 43.7452779969895], [-79.2470645393651, 43.745127219492], [-79.2471964450146, 43.7449982001054], [-79.2472494472024, 43.7449011579761], [-79.2473463042368, 43.7447595402889], [-79.2475026171139, 43.744633517695], [-79.2475749334415, 43.7445968174689], [-79.2476516609293, 43.744579956124], [-79.2477718305728, 43.7445868374627], [-79.2479165705511, 43.7446711204898], [-79.2480493361286, 43.7447388410618], [-79.2482180409908, 43.7447277275362], [-79.2483976051457, 43.7446409553653], [-79.248584816478, 43.7445332800298], [-79.2487355548636, 43.7444096832336], [-79.248888497293, 43.7442721930508], [-79.2490110522618, 43.7441539254498], [-79.2490368992814, 43.7441218117777], [-79.2491240241907, 43.7440410184518], [-79.2492536183851, 43.7439284281515], [-79.2492753931589, 43.7438963051513], [-79.2493273261574, 43.7438197291282], [-79.2493778605979, 43.7437833305875], [-79.2494846096317, 43.7436678905755], [-79.2496170690821, 43.7435051326699], [-79.24968730885, 43.7434354456473], [-79.2497356446542, 43.7433874947992], [-79.2499450131254, 43.7432736730134], [-79.2501293730814, 43.7432410686319], [-79.2503108275135, 43.7432054968514], [-79.2505529705146, 43.7431456183267], [-79.2506914569698, 43.7430943887606], [-79.2507650574036, 43.7430732069749], [-79.2510011072858, 43.7430035390061], [-79.2508504853256, 43.7426431443538], [-79.2506421098172, 43.7421746092964], [-79.2511244353376, 43.7420676451994], [-79.2513837421331, 43.7420322053061], [-79.2515832060417, 43.7420236283581], [-79.2522221350152, 43.7419440042078], [-79.2524457473649, 43.7419084841106], [-79.2527298827945, 43.7418730940465], [-79.2532445321819, 43.741820190145], [-79.2542831036585, 43.7417234055273], [-79.2544220799102, 43.7417056925819], [-79.254526839992, 43.7417059171435], [-79.2546136849754, 43.7417151048848], [-79.2548478401277, 43.7417606135209], [-79.2550471923647, 43.7417790436051], [-79.2552062089834, 43.7417883858242], [-79.2555242405364, 43.741816069701], [-79.2556589038458, 43.7420954043808], [-79.2556966264697, 43.7421674950624], [-79.2557468136919, 43.7422306192114], [-79.2558009489667, 43.7422757412219], [-79.2558636609475, 43.7423118796467], [-79.2559419540395, 43.7423300494167], [-79.2559961980709, 43.7423481681094], [-79.2560799657633, 43.7423573482848], [-79.2561560096571, 43.7423575193401], [-79.2562421717376, 43.7423486924651], [-79.2563066078486, 43.7423398293082], [-79.2571283507744, 43.7421435508571], [-79.2574124861461, 43.7421081500398], [-79.2575754009585, 43.7421174961885], [-79.2577135217262, 43.7421177988631], [-79.2578437740136, 43.7421450691242], [-79.2579422296841, 43.7421632802244], [-79.2582235109011, 43.7422628979262], [-79.2585861547303, 43.7423896721796], [-79.2588225768327, 43.7424531795618], [-79.2591101887246, 43.742516794694], [-79.2592993795102, 43.7425531897507], [-79.2597894885856, 43.7426262300469], [-79.2602718402035, 43.7426992437691], [-79.2604448396079, 43.7427086070127], [-79.2605363551226, 43.7427178001298], [-79.260672973699, 43.7427090852342], [-79.2609012749406, 43.7426645477956], [-79.261469734299, 43.7425487109033], [-79.2617358630766, 43.7431433368612], [-79.2628713300302, 43.7428936287301], [-79.2645302360141, 43.7425279358912], [-79.2659514556109, 43.7422157497812], [-79.2665391395681, 43.7420822574402], [-79.2666585407671, 43.7420530581022], [-79.2674902806414, 43.7439930125159], [-79.2675209564378, 43.7440645620676], [-79.2680488794525, 43.7452957946313], [-79.2680681498092, 43.7453407497079], [-79.2682842819006, 43.745848109029], [-79.2654421631783, 43.7476716455048], [-79.2640067149538, 43.748591656126], [-79.2641643998479, 43.7490081697721], [-79.2644659431666, 43.749701884253], [-79.2646894926148, 43.7502964151286], [-79.2649172439912, 43.751007960426], [-79.2650215125355, 43.7513412199656], [-79.26505570226, 43.7515303057658], [-79.263921703284, 43.7517620544237], [-79.2624629330789, 43.7520741467602], [-79.2616450976179, 43.7522255003842], [-79.2601389584058, 43.7525464375722], [-79.2585264701715, 43.7528671305242], [-79.2580789540985, 43.752983208895], [-79.2568455962563, 43.7532056481094], [-79.2566478692859, 43.7532513226698], [-79.2559172695771, 43.753419707345], [-79.2553704018321, 43.7535355541864], [-79.251564313751, 43.7542924553537], [-79.2509369699992, 43.7544240196514], [-79.2508846201308, 43.7544350041559], [-79.2484913206557, 43.7549248373979], [-79.2467621615903, 43.7552720658644], [-79.2454259741623, 43.7555571351547], [-79.2432360634818, 43.7560113065074], [-79.2432340739416, 43.7560117161998], [-79.2431755574024, 43.7558377715541], [-79.2431497966, 43.7557869835205]]]]}"
50,Caledonia-Fairbank,109,10494,57,61,64,69,62,75,51,65,61,556.0433,596.402,625.3053,669.1882,593.8698,712.9277,484.6527,621.4149,581.2845,11,4,11,7,11,9,10,9,25,107.3066,39.10833,107.4743,67.88866,105.364,85.55133,95.02994,86.04207,86.04207,3,1,5,3,3,,4,3,2,29.26544,9.777082,48.85198,29.09514,28.73563,,38.01197,28.68069,28.68069,28,19,13,10,9,9,10,10,6,273.1441,185.7646,127.0151,96.9838,86.20689,85.55133,95.02994,95.60229,57.17553,,,,,,,,,,,,,,,,,,,14,9,15,9,9,16,7,3,4,136.572,146.5559,87.28542,86.20689,152.0912,66.52095,28.68069,38.11702,87.99374,,1,,1,2,,2,2,,,9.777082,,9.69838,19.15709,,19.00599,19.12046,,17,11,12,21,21,22,19,20,17,165.8375,107.5479,117.2448,203.666,201.1494,209.1255,180.5569,191.2046,161.9973,5,1,1,1,1,2,2,5,2,48.77573,9.777082,9.770395,9.69838,9.578544,19.01141,19.00599,47.80115,19.05851,"{'type': 'MultiPolygon', 'coordinates': [[[[-79.4461204836021, 43.6855749788884], [-79.4457734912984, 43.6847168455243], [-79.4462787646387, 43.6846060438626], [-79.4467974096518, 43.6844923117656], [-79.4473030507875, 43.684382208361], [-79.4478349780887, 43.6842663803313], [-79.4483720767784, 43.6841496971376], [-79.4490051445563, 43.6840121896443], [-79.4502006454339, 43.6837523357468], [-79.4514060247057, 43.6834875943259], [-79.452599743782, 43.6832268420598], [-79.4531809628526, 43.6831003881676], [-79.4557395374397, 43.6825436320299], [-79.4563483436525, 43.6824111600302], [-79.4569371379184, 43.6822828444739], [-79.4576326883205, 43.6821311980035], [-79.4582989838161, 43.6819850906815], [-79.4589291788769, 43.6818468968676], [-79.4594883884659, 43.6817250382324], [-79.4602133121541, 43.6815670316706], [-79.4604431873817, 43.6819100432812], [-79.4607513471757, 43.6823755087722], [-79.4610849655407, 43.6828770678486], [-79.4611209836074, 43.6829355890278], [-79.4611562201318, 43.6829941095757], [-79.4611906797642, 43.6830481285271], [-79.461224750191, 43.6831066486581], [-79.4612576783539, 43.6831696688333], [-79.4612898056888, 43.683223687864], [-79.4613017960541, 43.6832475006368], [-79.4613215541057, 43.6832867074421], [-79.4613525131641, 43.6833452270598], [-79.4613823420373, 43.6834037458588], [-79.4614117504037, 43.6834622634902], [-79.4614404022204, 43.683520772729], [-79.4614682690802, 43.6835837823251], [-79.4614953699175, 43.6836423003817], [-79.461521699693, 43.6837053090794], [-79.4615472500245, 43.6837638170542], [-79.4615720197697, 43.6838223343233], [-79.4615960048085, 43.6838853420514], [-79.4616188248677, 43.6839483502987], [-79.4616416716886, 43.6840068668769], [-79.4616633380164, 43.6840698739899], [-79.461684222509, 43.6841328903827], [-79.4617043538286, 43.6841913965055], [-79.4617233029269, 43.6842544120494], [-79.4617418800947, 43.6843174180814], [-79.4617600648619, 43.684375924103], [-79.4617770785895, 43.6844389387969], [-79.4617929254352, 43.6845064451121], [-79.4618083929567, 43.6845649586698], [-79.4618231005419, 43.6846279639245], [-79.4618370151303, 43.6846909774116], [-79.4619706412845, 43.685217553864], [-79.4620280882399, 43.685209048509], [-79.4620997164886, 43.6857261521058], [-79.462234337378, 43.6862565537848], [-79.4624805838567, 43.6872268591821], [-79.4625352131501, 43.6874420712972], [-79.4627005796021, 43.6880936401619], [-79.4627156410717, 43.6881701558046], [-79.4627314987277, 43.6882421712251], [-79.4627485194426, 43.6883186880059], [-79.4627659154979, 43.688390713309], [-79.4627844748739, 43.6884672300708], [-79.4628034333896, 43.6885392466707], [-79.4628235562227, 43.6886157646459], [-79.4628444256388, 43.6886877817298], [-79.4628661016192, 43.6887597988531], [-79.4628885436351, 43.6888363173952], [-79.4629117692193, 43.6889083445461], [-79.4629357623411, 43.6889848632307], [-79.4629605392638, 43.6890568815226], [-79.4629864825897, 43.6891289001893], [-79.4630127855706, 43.6892009281882], [-79.4630398953426, 43.6892729481227], [-79.4630681546211, 43.6893494683267], [-79.4630968031497, 43.6894214873311], [-79.4631262195433, 43.6894935166539], [-79.463155264004, 43.6895655364648], [-79.4632017334074, 43.6896645653359], [-79.4632489687527, 43.68976810461], [-79.4632970018598, 43.6898671346583], [-79.4633458032018, 43.6899661642103], [-79.4633953615727, 43.6900651949151], [-79.4634457172633, 43.6901597334929], [-79.4634968361528, 43.690263264547], [-79.4635487401726, 43.6903622952047], [-79.4636014032441, 43.6904568260149], [-79.4636548459768, 43.6905558665035], [-79.463708672536, 43.6906548977195], [-79.4637636780505, 43.6907539294504], [-79.4638190703774, 43.690848460828], [-79.4638752302206, 43.6909474927126], [-79.4639325586124, 43.6910420239453], [-79.4639902686059, 43.691141056798], [-79.4640487637202, 43.6912355892452], [-79.4641080127377, 43.6913346220116], [-79.4641680592795, 43.6914291545369], [-79.4642284894368, 43.6915236867824], [-79.4642900861755, 43.6916182193647], [-79.4643524399978, 43.691712753082], [-79.4644151889335, 43.6918117957969], [-79.4646239079372, 43.6921641978641], [-79.4645773779567, 43.6921820423076], [-79.4644595760827, 43.6922272191885], [-79.464225875219, 43.6923120824008], [-79.4640013544879, 43.6924130512445], [-79.4636442613914, 43.6925939275415], [-79.4634771541253, 43.6926901793385], [-79.4634336695882, 43.692716727759], [-79.4633512651498, 43.6927515730085], [-79.4632665760833, 43.6927880729964], [-79.4630564423559, 43.6928514460988], [-79.4629057214666, 43.6928850985113], [-79.4628175326967, 43.6929047913382], [-79.4622175903867, 43.6930387232018], [-79.4609876340576, 43.6933123365167], [-79.4608295235978, 43.6933558935397], [-79.4596819136748, 43.6936141553853], [-79.4585315151153, 43.6938527198788], [-79.4577853252429, 43.6940277201389], [-79.4573881953241, 43.6941208621996], [-79.457190697566, 43.6941572520694], [-79.4562377082064, 43.6943713828607], [-79.4558976158225, 43.6944455763001], [-79.4551021004847, 43.6946342572464], [-79.4539595833302, 43.6948842368893], [-79.453501212219, 43.6949873685064], [-79.4528021041789, 43.6951541188931], [-79.4523330520184, 43.695251173978], [-79.451575687093, 43.6954266962469], [-79.4512052511256, 43.6954847771583], [-79.4502822390545, 43.6957005906908], [-79.450125625513, 43.6953282650037], [-79.450123223932, 43.69532254741], [-79.4497555880742, 43.6944485500307], [-79.4489581479452, 43.6925547656021], [-79.4488089925007, 43.6921842868096], [-79.4483083258409, 43.6909636656039], [-79.4480911684913, 43.6903999502299], [-79.4474229383337, 43.6887482833516], [-79.4473785556106, 43.6886204362089], [-79.4468801419311, 43.6874164427201], [-79.4468236745134, 43.6872800557209], [-79.4466378000268, 43.6868021621517], [-79.4464257792674, 43.6862570430137], [-79.4461204836021, 43.6855749788884]]]]}"
51,Briar Hill-Belgravia,108,15084,66,79,64,67,78,74,75,65,91,446.9425,537.6344,436.6514,453.254,520.8333,490.0662,496.1958,432.4396,603.2883,14,14,15,10,36,19,37,28,54,94.80598,95.27699,102.3402,67.64984,240.3846,125.8278,244.7899,186.2817,186.2817,20,9,7,7,12,3,13,1,5,135.4371,61.24949,47.75875,47.35489,80.1282,19.86755,86.00728,6.652917,6.652917,43,29,31,31,33,49,46,39,26,291.1898,197.3595,211.503,209.7145,220.3526,324.5033,304.3334,259.4638,172.3681,,,,1,,,,1,1,,,,7,,,,6.652917,6.629541,16,12,21,22,23,27,8,14,15,108.3497,143.2762,148.8297,153.5791,178.808,52.92756,93.14084,99.44312,81.66599,,,2,4,,4,1,,6,,,13.64536,27.05994,,26.49007,6.615944,,39.77725,29,35,31,32,32,35,66,58,29,196.3838,238.1925,211.503,216.4795,213.6752,231.7881,436.6523,385.8692,192.2567,9,2,4,4,4,6,8,3,7,60.9467,13.611,27.29071,27.05994,26.7094,39.7351,52.92756,19.95875,46.40679,"{'type': 'MultiPolygon', 'coordinates': [[[[-79.4645773779567, 43.6921820423076], [-79.4646239079372, 43.6921641978641], [-79.4647324818165, 43.6923056960206], [-79.4647729088216, 43.692370787682], [-79.4648123189094, 43.6924362483312], [-79.4648511097082, 43.692501861816], [-79.4648890306236, 43.6925677715337], [-79.4649262076277, 43.6926339521655], [-79.4649626405799, 43.6927003118711], [-79.4649891261503, 43.69276358109], [-79.4650330130448, 43.6928337414726], [-79.4650671007172, 43.6929006945092], [-79.4651003080865, 43.6929679625512], [-79.4651327832455, 43.693035382818], [-79.4651644898058, 43.6931030196493], [-79.4651953394856, 43.6931708799634], [-79.4652253213236, 43.6932388582689], [-79.465254558722, 43.693307078676], [-79.4652830515845, 43.6933753989232], [-79.4653106760257, 43.6934440055277], [-79.4653374327514, 43.6935126761046], [-79.4653634438799, 43.6935816337891], [-79.465388711726, 43.6936506904323], [-79.4654131101951, 43.6937198272343], [-79.4654366537363, 43.6937892073592], [-79.4654593153301, 43.6938587223984], [-79.4654812206742, 43.6939283092128], [-79.4655024067298, 43.6939980754448], [-79.465522588069, 43.6940680217641], [-79.4655901888286, 43.6943005091702], [-79.4656037711082, 43.694347832952], [-79.4656570471073, 43.6945332755828], [-79.4657231721275, 43.6947661050348], [-79.4657884309648, 43.6949990515669], [-79.4658527961117, 43.6952321229146], [-79.4659165781207, 43.6954652575203], [-79.4659794804826, 43.6956985981673], [-79.4660416383982, 43.6959319035681], [-79.4661057698651, 43.6961649662015], [-79.4665485791048, 43.6977676315697], [-79.4665523438251, 43.6977805494702], [-79.4671056677532, 43.6996820612191], [-79.4639607147939, 43.7003688743461], [-79.4603760524233, 43.7011622308797], [-79.456390408258, 43.7020583878491], [-79.4522681655291, 43.7029833233918], [-79.4491810943181, 43.7036608425498], [-79.4472769636151, 43.7040823020398], [-79.444854788781, 43.7046223519978], [-79.4422824696633, 43.7051902596885], [-79.4410188789437, 43.7054194084216], [-79.440113537182, 43.7055939671625], [-79.4396905767508, 43.7056184089122], [-79.4396069204628, 43.7052616706638], [-79.439397853047, 43.7043703618686], [-79.4389976990528, 43.7026877381557], [-79.4389018895064, 43.7023088945009], [-79.438836887944, 43.7020521799331], [-79.4406886645846, 43.7016221107359], [-79.4400115984437, 43.6999524248597], [-79.4401485757087, 43.699920496944], [-79.4400162264719, 43.699579009195], [-79.4397172851149, 43.6988376314157], [-79.4395729660014, 43.6984859115868], [-79.4395473103372, 43.6984233564993], [-79.439540243176, 43.6984061698266], [-79.4393936733754, 43.698048912273], [-79.4402592112112, 43.697854255692], [-79.442796723348, 43.6973107958032], [-79.444379246252, 43.6969767738521], [-79.445212272176, 43.6967961152566], [-79.4453169505831, 43.6967734189996], [-79.4473361509962, 43.6963675089945], [-79.4476885578267, 43.6962673873436], [-79.4493398143376, 43.6959065397516], [-79.4502822390545, 43.6957005906908], [-79.4512052511256, 43.6954847771583], [-79.451575687093, 43.6954266962469], [-79.4523330520184, 43.695251173978], [-79.4528021041789, 43.6951541188931], [-79.453501212219, 43.6949873685064], [-79.4539595833302, 43.6948842368893], [-79.4551021004847, 43.6946342572464], [-79.4558976158225, 43.6944455763001], [-79.4562377082064, 43.6943713828607], [-79.457190697566, 43.6941572520694], [-79.4573881953241, 43.6941208621996], [-79.4577853252429, 43.6940277201389], [-79.4585315151153, 43.6938527198788], [-79.4596819136748, 43.6936141553853], [-79.4608295235978, 43.6933558935397], [-79.4609876340576, 43.6933123365167], [-79.4622175903867, 43.6930387232018], [-79.4628175326967, 43.6929047913382], [-79.4629057214666, 43.6928850985113], [-79.4630564423559, 43.6928514460988], [-79.4632665760833, 43.6927880729964], [-79.4633512651498, 43.6927515730085], [-79.4634336695882, 43.692716727759], [-79.4634771541253, 43.6926901793385], [-79.4636442613914, 43.6925939275415], [-79.4640013544879, 43.6924130512445], [-79.464225875219, 43.6923120824008], [-79.4644595760827, 43.6922272191885], [-79.4645773779567, 43.6921820423076]]]]}"
52,Oakwood Village,107,22241,118,145,147,123,139,164,126,103,165,541.9059,668.1104,677.2633,562.3629,628.135,735.2941,564.7945,464.2149,741.8731,20,12,26,14,31,40,24,30,63,91.84845,55.2919,119.7881,64.00878,140.0877,179.34,107.5799,135.2082,135.2082,18,22,17,14,7,12,13,11,12,82.6636,101.3685,78.32297,64.00878,31.6327,53.80201,58.27245,49.57635,49.57635,25,29,23,41,19,49,32,36,38,114.8106,133.6221,105.9664,187.4543,85.86018,219.6915,143.4399,162.2499,170.8556,2,,,,,2,2,,,9.184845006,,,,,8.967001,8.964992,,,39,20,35,26,20,45,25,14,25,179.1045,161.2532,118.8734,90.37914,201.7575,112.0624,63.09717,112.405,92.15316,1,3,11,2,11,13,7,3,5,4.592422,13.82297,50.67957,9.144112,49.70853,58.28551,31.37747,13.52082,22.481,27,41,26,62,35,50,49,58,27,123.9954,188.914,119.7881,283.4674,158.1635,224.175,219.6423,261.4026,121.3974,2,3,2,5,2,2,3,8,5,9.184845,13.82297,9.214467,22.86028,9.037914,8.967001,13.44749,36.05553,22.481,"{'type': 'MultiPolygon', 'coordinates': [[[[-79.4325298476619, 43.6888676882551], [-79.4321817254099, 43.6888259322899], [-79.4319764792823, 43.6888273490294], [-79.43184547083, 43.6888210692933], [-79.4317050727877, 43.6884523998943], [-79.4312775603618, 43.6873297448399], [-79.4312561191194, 43.6872375311535], [-79.4309535545536, 43.6864935439583], [-79.4307467131261, 43.6859703625502], [-79.4305879493329, 43.6855240801706], [-79.4303355447298, 43.6849019627929], [-79.4299576313925, 43.6839626796892], [-79.4299415844502, 43.6838956101405], [-79.4299399121852, 43.6838194578086], [-79.4299538099745, 43.6837291564425], [-79.4298913978533, 43.6835573374602], [-79.4298587527691, 43.6834819129766], [-79.4295593522986, 43.6827576007565], [-79.4290960873022, 43.6816036701232], [-79.4298747752956, 43.6814400026175], [-79.4309509161903, 43.6812138062973], [-79.4324145787757, 43.6809065303665], [-79.4324626969219, 43.6808674113527], [-79.4325338980769, 43.6808364440778], [-79.4327004285283, 43.6808051724873], [-79.4328187023612, 43.6808166293864], [-79.4338848772402, 43.6805985459477], [-79.4339505253675, 43.6805870886771], [-79.4349183168155, 43.6803774543436], [-79.4359189621859, 43.6801619794513], [-79.4368146489803, 43.6799704078274], [-79.4377849711614, 43.67976479139], [-79.4388606993206, 43.6795317339559], [-79.4399619364557, 43.6792933862774], [-79.4410558016836, 43.6790630002601], [-79.4421862323594, 43.6788219734148], [-79.4424532966324, 43.6787663627219], [-79.4435591625879, 43.6814587751763], [-79.4444315143886, 43.6836200935553], [-79.4449524426905, 43.684896182536], [-79.4457734912984, 43.6847168455243], [-79.4461204836021, 43.6855749788884], [-79.4464257792674, 43.6862570430137], [-79.4466378000268, 43.6868021621517], [-79.4468236745134, 43.6872800557209], [-79.4468801419311, 43.6874164427201], [-79.4473785556106, 43.6886204362089], [-79.4474229383337, 43.6887482833516], [-79.4480911684913, 43.6903999502299], [-79.4483083258409, 43.6909636656039], [-79.4488089925007, 43.6921842868096], [-79.4488323265605, 43.6922422560351], [-79.4489581479452, 43.6925547656021], [-79.4497555880742, 43.6944485500307], [-79.450123223932, 43.69532254741], [-79.450125625513, 43.6953282650037], [-79.4502822390545, 43.6957005906908], [-79.4493398143376, 43.6959065397516], [-79.4476885578267, 43.6962673873436], [-79.4473361509962, 43.6963675089945], [-79.4453169505831, 43.6967734189996], [-79.445212272176, 43.6967961152566], [-79.444379246252, 43.6969767738521], [-79.442796723348, 43.6973107958032], [-79.4402592112112, 43.697854255692], [-79.4393936733754, 43.698048912273], [-79.4392524473651, 43.6980778658311], [-79.4390578750337, 43.6981177640346], [-79.4384198626308, 43.698252918934], [-79.4383277370641, 43.6982851119689], [-79.437296615915, 43.6984980977064], [-79.4371925130945, 43.6985225772283], [-79.4371682909086, 43.6984676116342], [-79.436998202338, 43.6980254735142], [-79.4365819181473, 43.69694334228], [-79.4359786741654, 43.6955166257286], [-79.4357441070053, 43.6948861702404], [-79.4347989346983, 43.6925559004514], [-79.4347299077039, 43.692387986932], [-79.4346887039329, 43.692279786169], [-79.4346310128728, 43.6921835111346], [-79.4345374224602, 43.6920519939897], [-79.4344222329733, 43.69190005819], [-79.4343287446534, 43.6917888288195], [-79.4342744768638, 43.6917169225715], [-79.4342374087534, 43.6916508316328], [-79.4341577880311, 43.691473262744], [-79.433417917114, 43.6896219596425], [-79.4333593026985, 43.6894673371746], [-79.4333358361185, 43.6893301885719], [-79.4333288691497, 43.6891811046648], [-79.4333502679987, 43.6890569531969], [-79.4330031766539, 43.6889576279837], [-79.4325298476619, 43.6888676882551]]]]}"
53,Humewood-Cedarvale,106,15458,37,49,53,41,47,45,42,49,42,251.7521,333.8329,360.4706,275.3526,310.8877,294.0408,273.1707,319.1974,271.704,11,7,17,22,21,16,26,34,55,74.84521,47.69042,115.6227,147.7502,138.9073,104.5478,169.1057,221.4839,221.4839,27,51,18,13,19,13,29,16,23,183.711,347.4588,122.424,87.30692,125.678,84.94511,188.6179,104.2277,104.2277,31,39,27,39,34,28,49,19,32,210.9274,265.7038,183.636,261.9207,224.8975,182.9587,318.6992,123.7704,207.0125,,1,,1,,,,,,,7,,7,,,,,,8,11,7,8,4,11,6,3,5,54.43288,47.60933,53.72733,26.45853,71.87663,39.02439,19.5427,32.34571,74.94209,,,,1,,,,,1,,,,6.715917,,,,,6.469142,82,59,40,34,61,48,62,39,82,557.937,401.9621,272.0533,228.3412,403.4925,313.6435,403.252,254.0551,530.4697,3,3,5,5,7,3,6,2,2,20.41233,20.43875,34.00666,33.57958,46.30242,19.60272,39.02439,13.02847,12.93828,"{'type': 'MultiPolygon', 'coordinates': [[[[-79.4207337499102, 43.6891495270141], [-79.420305412764, 43.6880974001146], [-79.4199671639283, 43.6872167374093], [-79.4196208552141, 43.6863796694943], [-79.4194174458693, 43.6858948778416], [-79.4192391589765, 43.6854188897092], [-79.4185443277036, 43.6837667910805], [-79.4184903106764, 43.6836380700625], [-79.4190928373946, 43.68351315517], [-79.4191299834942, 43.6835054584161], [-79.419728475389, 43.6833813919376], [-79.4202781088015, 43.6832659929449], [-79.4207263153256, 43.6831718893113], [-79.420696067166, 43.6831406970431], [-79.4215307269224, 43.6829657471302], [-79.422140314093, 43.6828379765941], [-79.4227412598251, 43.6827147061102], [-79.4233672276528, 43.68258630963], [-79.4234308081063, 43.682740391801], [-79.423548335895, 43.6827148980032], [-79.4235512537827, 43.682731957333], [-79.4238626867775, 43.6826724597827], [-79.4246588803619, 43.6825088298321], [-79.4245827229482, 43.6823318501353], [-79.4247119973574, 43.6823042201859], [-79.4261964915679, 43.6819691966889], [-79.4262909108754, 43.6821967115171], [-79.4264036355081, 43.6821722912229], [-79.4263473670377, 43.682026829914], [-79.4278629525485, 43.6817011473675], [-79.4290369097893, 43.6814582529656], [-79.4290960873022, 43.6816036701232], [-79.4295593522986, 43.6827576007565], [-79.4298587527691, 43.6834819129766], [-79.4298913978533, 43.6835573374602], [-79.4299538099745, 43.6837291564425], [-79.4299399121852, 43.6838194578086], [-79.4299415844502, 43.6838956101405], [-79.4299576313925, 43.6839626796892], [-79.4303355447298, 43.6849019627929], [-79.4305879493329, 43.6855240801706], [-79.4307467131261, 43.6859703625502], [-79.4309535545536, 43.6864935439583], [-79.4312561191194, 43.6872375311535], [-79.4312775603618, 43.6873297448399], [-79.4317050727877, 43.6884523998943], [-79.43184547083, 43.6888210692933], [-79.4319764792823, 43.6888273490294], [-79.4321817254099, 43.6888259322899], [-79.4325298476619, 43.6888676882551], [-79.4330031766539, 43.6889576279837], [-79.4333502679987, 43.6890569531969], [-79.4333288691497, 43.6891811046648], [-79.4333358361185, 43.6893301885719], [-79.4333593026985, 43.6894673371746], [-79.433417917114, 43.6896219596425], [-79.4341577880311, 43.691473262744], [-79.4342374087534, 43.6916508316328], [-79.4342744768638, 43.6917169225715], [-79.4343287446534, 43.6917888288195], [-79.4344222329733, 43.69190005819], [-79.4345374224602, 43.6920519939897], [-79.4346310128728, 43.6921835111346], [-79.4346887039329, 43.692279786169], [-79.4347299077039, 43.692387986932], [-79.4347989346983, 43.6925559004514], [-79.4357441070053, 43.6948861702404], [-79.4359786741654, 43.6955166257286], [-79.4365819181473, 43.69694334228], [-79.436998202338, 43.6980254735142], [-79.4371682909086, 43.6984676116342], [-79.4371925130945, 43.6985225772283], [-79.4364644692557, 43.6986938117113], [-79.4360212082589, 43.6987778349825], [-79.4357309496232, 43.6988429045056], [-79.4350362640821, 43.6989986118809], [-79.4348069855257, 43.6990381049804], [-79.4338297563182, 43.6992415934273], [-79.4328715670469, 43.6994432934303], [-79.4327878733133, 43.6994640466002], [-79.4318985857384, 43.6996530425196], [-79.4310425139751, 43.6998347424424], [-79.4309096700874, 43.6998602793486], [-79.4299061032026, 43.7000719009566], [-79.4288342398085, 43.700305676787], [-79.4277690116722, 43.7005355946522], [-79.4276156638926, 43.7005751932236], [-79.4266897146055, 43.7007674013605], [-79.4255652090165, 43.7010011041852], [-79.4254095826552, 43.7006252985463], [-79.4252438889952, 43.7002252002852], [-79.4247691715871, 43.6990314356321], [-79.4243450917774, 43.6979543768283], [-79.4240486750959, 43.6972796221655], [-79.4235802668547, 43.6961167042607], [-79.4233376947068, 43.6955113850588], [-79.423243477152, 43.6953026089276], [-79.4227506338902, 43.6941127735292], [-79.42258620649, 43.6937209711417], [-79.4223295511478, 43.6930661330861], [-79.421876785967, 43.6919439839321], [-79.4216907194447, 43.691516321553], [-79.4216029115035, 43.6913012928697], [-79.4213942083278, 43.6907901551603], [-79.4212679152324, 43.6904764356215], [-79.4212368116167, 43.6903946553447], [-79.4207337499102, 43.6891495270141]]]]}"
54,Lawrence Park North,105,15480,26,25,22,34,21,37,43,38,32,172.3224,166.2676,146.3837,224.3336,136.7099,238.8484,277.5447,246.4652,206.7184,23,22,14,27,39,18,23,45,81,152.439,146.3155,93.15324,178.1473,253.8897,116.1965,148.4541,291.8666,291.8666,8,10,14,20,12,23,17,19,11,53.02227,66.50705,93.15324,131.9609,78.11991,148.4733,109.727,123.2326,123.2326,35,35,27,29,13,23,19,20,29,231.9724,232.7747,179.6527,191.3434,84.62991,148.4733,122.636,129.7185,187.3385,1,,,,,,,,,6.627783669,,,,,,,,,,6,4,6,2,5,12,8,6,,26.61521,39.58828,13.01999,32.27681,77.45433,51.88741,38.75969,39.90423,1,,,,,,,,,6.627784,,,,,,,,,63,35,22,38,39,56,46,27,63,417.5504,232.7747,146.3837,250.7258,253.8897,361.5002,296.9083,175.12,406.9767,4,5,3,6,4,4,1,1,3,26.51114,33.25352,19.96141,39.58828,26.03997,25.82145,6.454528,6.485926,19.37984,"{'type': 'MultiPolygon', 'coordinates': [[[[-79.392411116744, 43.7369205032055], [-79.3912700209638, 43.7324479822533], [-79.3906511208505, 43.7299997312198], [-79.3908973432631, 43.7299390278207], [-79.3905471202566, 43.7291437127141], [-79.3903588488505, 43.7285621603375], [-79.3903006753388, 43.7284506421477], [-79.3902236991515, 43.7283314732521], [-79.3901670635037, 43.7281124184258], [-79.3900797541885, 43.7276907524816], [-79.3919974010135, 43.7272663540009], [-79.3939733652083, 43.7268672250626], [-79.3951564418644, 43.7266056690943], [-79.396098818443, 43.7264038491117], [-79.3964037906018, 43.7263510902544], [-79.3972500521341, 43.7261567527388], [-79.3975726185559, 43.7260987857345], [-79.3988603653677, 43.7258422092374], [-79.3992075004213, 43.7257569681476], [-79.3993108563682, 43.7257344568953], [-79.4000168139908, 43.725580696115], [-79.4007348562511, 43.7254192181763], [-79.4021985368532, 43.7251103869683], [-79.4031811173738, 43.724924817291], [-79.4035749794728, 43.7248504396363], [-79.4045574023695, 43.724618293719], [-79.4056135559422, 43.7243941487102], [-79.4071236782894, 43.724071341303], [-79.4087982263693, 43.7237396523605], [-79.4100312442089, 43.7234706006169], [-79.411348817283, 43.7231970927008], [-79.4121119983077, 43.7230401421803], [-79.4132065097512, 43.7228069455123], [-79.4142076773884, 43.722574730895], [-79.4143536692209, 43.7233441146742], [-79.4144996408828, 43.7241216886423], [-79.4145662329178, 43.7244948489771], [-79.414566995991, 43.7244991966887], [-79.4147445884902, 43.7249342159379], [-79.4149162171053, 43.7253660611591], [-79.4150969267824, 43.7258206774672], [-79.4152639812724, 43.7262264422314], [-79.4154330029867, 43.7266370240196], [-79.4157372663353, 43.7273884568487], [-79.4158785286952, 43.7277463689844], [-79.4160167686932, 43.728303980754], [-79.4161577747857, 43.7288477495171], [-79.4162443431741, 43.7293183344824], [-79.4164337152405, 43.73035243652], [-79.4166233299834, 43.7313869340059], [-79.416773100377, 43.7321990799375], [-79.416911148243, 43.7329547985748], [-79.4169836853789, 43.7333463323302], [-79.4163280935959, 43.7334911617671], [-79.4124392344611, 43.7343516015965], [-79.4112364720006, 43.7346173806762], [-79.4101306619521, 43.7348608728112], [-79.408842730433, 43.7351437337018], [-79.4082410170323, 43.7352779013697], [-79.4050353174285, 43.7359886302885], [-79.4049357941946, 43.7360195565606], [-79.4048374043154, 43.7355382516035], [-79.4045767994001, 43.7343701872538], [-79.4045551584154, 43.7342711020271], [-79.4034251865914, 43.7345195230105], [-79.3999920325338, 43.7352682991882], [-79.3980496070833, 43.7356916481743], [-79.392411116744, 43.7369205032055]]]]}"
55,Lawrence Park South,103,16552,15,31,19,22,14,24,27,35,31,94.8047,196.713,120.7346,138.1216,86.43576,146.4754,164.1737,212.9342,187.2885,15,28,20,16,30,27,30,62,96,94.8047,177.6763,127.089,100.452,185.2195,164.7849,182.4152,377.1978,377.1978,6,11,12,18,16,11,32,17,9,37.92188,69.80138,76.25342,113.0085,98.78372,67.13457,194.5762,103.4252,103.4252,68,47,44,48,36,57,58,26,35,429.7813,298.2423,279.5959,301.3561,222.2634,347.8792,352.6693,158.1797,211.4548,,,,,,,,,,,,,,,,,,,2,6,2,5,5,15,12,7,8,12.64063,12.7089,31.39126,30.86992,91.54715,72.96607,42.58685,48.33253,38.07348,,,,,,,,,1,,,,,,,,,6.041566,48,20,25,33,27,54,50,27,48,303.3751,126.9116,158.8613,207.1823,166.6975,329.5697,304.0253,164.2635,289.9952,5,3,1,2,2,8,12,2,5,31.60157,19.03674,6.354451,12.5565,12.34797,48.82515,72.96607,12.16767,30.20783,"{'type': 'MultiPolygon', 'coordinates': [[[[-79.4114944747804, 43.711193741287], [-79.411135428554, 43.7103383338409], [-79.4107880586664, 43.7094649304604], [-79.4104387889553, 43.7085825334927], [-79.4104105596551, 43.7085240032203], [-79.4103615302311, 43.7083844356275], [-79.4102749540538, 43.7081863485469], [-79.4102179009903, 43.7079612816224], [-79.4101635724453, 43.7077227045304], [-79.4099704702606, 43.7069124560666], [-79.4097494944758, 43.7060931846392], [-79.4097585175387, 43.7060166805416], [-79.409741943383, 43.7059401659842], [-79.409698670913, 43.7058366168912], [-79.4096247309234, 43.7057465455786], [-79.4095395956183, 43.7056339628342], [-79.4094353978339, 43.7055573784686], [-79.4093036530231, 43.7054897637273], [-79.409161434693, 43.7054311518092], [-79.4090350993994, 43.705372542947], [-79.4089758390221, 43.7053319993775], [-79.4089134835665, 43.7052869431904], [-79.408818208356, 43.7052013553216], [-79.4087203259363, 43.7050527646866], [-79.4086433886929, 43.7048951899072], [-79.4085731064041, 43.7047016060505], [-79.4085193508555, 43.7046070502787], [-79.4096251996286, 43.7043694050224], [-79.4109610858859, 43.70409141362], [-79.4116487892734, 43.7039479443898], [-79.4120785644482, 43.7038537721201], [-79.4132351871466, 43.703620649188], [-79.4138871775383, 43.7034816316698], [-79.4143968192993, 43.7033649979491], [-79.4149495074282, 43.7032528945892], [-79.4155076212671, 43.7031272995254], [-79.4159656672036, 43.7030376238276], [-79.4160773878112, 43.7034345723964], [-79.4161937157363, 43.7038479158129], [-79.4164104535984, 43.7046761643878], [-79.4165072989288, 43.7050137566295], [-79.4165896468204, 43.7054278397047], [-79.4167767037144, 43.7061480508218], [-79.4168961668168, 43.7066792039845], [-79.4169540940573, 43.7068547614844], [-79.4170364464886, 43.707025845653], [-79.4171025642513, 43.7071654040272], [-79.4162275136608, 43.7073672952064], [-79.4162766994712, 43.7074123377556], [-79.4163498516414, 43.7075069038462], [-79.416420273497, 43.7076104700812], [-79.4164952995216, 43.7077590372005], [-79.4165826335387, 43.7079796324357], [-79.4166765510214, 43.7082047234774], [-79.4170328534782, 43.709109619353], [-79.4173725803106, 43.7099560117845], [-79.4177068920678, 43.7105143403956], [-79.4193324833556, 43.709963180991], [-79.4195391969093, 43.7104676414117], [-79.4198962547263, 43.711350016419], [-79.4202486280067, 43.7122169946563], [-79.4206173151396, 43.7131050634899], [-79.4211201581126, 43.7142036199095], [-79.4215491229678, 43.7153081809813], [-79.4219662266971, 43.7163844675073], [-79.4222210657343, 43.7170392213271], [-79.4204800284356, 43.7173850405498], [-79.4184650487103, 43.7177856524535], [-79.417265304483, 43.7180216768903], [-79.4151817800993, 43.7184367364074], [-79.414675810183, 43.718535518264], [-79.4135029558482, 43.7187703797178], [-79.4142076773884, 43.722574730895], [-79.4132065097512, 43.7228069455123], [-79.4121119983077, 43.7230401421803], [-79.411348817283, 43.7231970927008], [-79.4100312442089, 43.7234706006169], [-79.4087982263693, 43.7237396523605], [-79.4071236782894, 43.724071341303], [-79.4056135559422, 43.7243941487102], [-79.4045574023695, 43.724618293719], [-79.4035749794728, 43.7248504396363], [-79.4031811173738, 43.724924817291], [-79.4021985368532, 43.7251103869683], [-79.4007348562511, 43.7254192181763], [-79.4000168139908, 43.725580696115], [-79.3993108563682, 43.7257344568953], [-79.3992075004213, 43.7257569681476], [-79.3988603653677, 43.7258422092374], [-79.3975726185559, 43.7260987857345], [-79.3972500521341, 43.7261567527388], [-79.3964037906018, 43.7263510902544], [-79.396098818443, 43.7264038491117], [-79.3951564418644, 43.7266056690943], [-79.3939733652083, 43.7268672250626], [-79.3919974010135, 43.7272663540009], [-79.3900797541885, 43.7276907524816], [-79.3898976514149, 43.7267961058629], [-79.3898790265476, 43.7267045811244], [-79.3896634900969, 43.7256822466808], [-79.3896465627192, 43.7255994002446], [-79.3894641343422, 43.7247062742019], [-79.3894926431081, 43.7246931865275], [-79.3895373213086, 43.7246758482438], [-79.3895754272369, 43.7246613660598], [-79.3896079419245, 43.7246497321982], [-79.3896582655856, 43.7246332180384], [-79.3892614992214, 43.7237019164952], [-79.3892539284532, 43.7236880655045], [-79.3890492887478, 43.7226908802371], [-79.3888362048647, 43.7216793287032], [-79.3887829463275, 43.7214187446962], [-79.3882969324672, 43.7190894221854], [-79.3884420821689, 43.7190589412742], [-79.3897691685309, 43.7187896960124], [-79.3941602088604, 43.7178987259801], [-79.3976946622827, 43.7171673330424], [-79.3987758361323, 43.7169456140215], [-79.3991273282156, 43.7168741035976], [-79.4004849921446, 43.7166144907862], [-79.400446147667, 43.7163827826867], [-79.4002345410025, 43.7154637318393], [-79.4001122127448, 43.7149574211742], [-79.4000405496998, 43.7145744001432], [-79.399842795505, 43.713660661826], [-79.4016650931553, 43.7132963879915], [-79.403754195134, 43.7128481745648], [-79.4057252730851, 43.7124267940873], [-79.4059432813266, 43.7123864676255], [-79.4075842401816, 43.7120232637483], [-79.4092926746081, 43.7116510893414], [-79.4114944747804, 43.711193741287]]]]}"
56,Forest Hill North,102,13175,24,28,28,38,33,40,40,40,45,185.0424,215.6833,214.9547,289.9435,249.6218,301.0235,301.5909,303.7898,341.556,12,13,8,11,21,27,41,35,38,92.5212,100.1387,61.41563,83.93102,158.8502,203.1908,309.1307,265.816,265.816,17,41,13,9,7,20,24,5,2,131.0717,315.8219,99.8004,68.67084,52.95008,150.5117,180.9545,37.97372,37.97372,38,36,19,46,42,38,45,12,14,292.9838,277.307,145.8621,350.9843,317.7004,285.9723,339.2898,91.13693,106.2619,,,,,,,,,,,,,,,,,,,5,5,8,8,16,19,16,2,7,38.5505,61.41563,61.04074,121.0287,142.9862,120.6364,15.18949,53.13093,38.51487,,,,,1,1,,1,,,,,,7.564297,7.525587,,7.594744,,35,16,13,39,32,32,57,38,35,269.8535,123.2476,99.8004,297.5736,242.0575,240.8188,429.767,288.6003,265.6547,3,4,2,3,,3,7,2,6,23.1303,30.81189,15.35391,22.89028,,22.57676,52.7784,15.18949,45.5408,"{'type': 'MultiPolygon', 'coordinates': [[[[-79.4392524473651, 43.6980778658311], [-79.4393936733754, 43.698048912273], [-79.439540243176, 43.6984061698266], [-79.4395473103372, 43.6984233564993], [-79.4395729660014, 43.6984859115868], [-79.4397172851149, 43.6988376314157], [-79.4400162264719, 43.699579009195], [-79.4401485757087, 43.699920496944], [-79.4400115984437, 43.6999524248597], [-79.4406886645846, 43.7016221107359], [-79.438836887944, 43.7020521799331], [-79.4389018895064, 43.7023088945009], [-79.4389976990528, 43.7026877381557], [-79.439397853047, 43.7043703618686], [-79.4396069204628, 43.7052616706638], [-79.4396905767508, 43.7056184089122], [-79.4390300298284, 43.7057637883373], [-79.4387826466943, 43.7058180153963], [-79.438546978011, 43.7058696729235], [-79.4379725244485, 43.7059923471097], [-79.4361611205719, 43.7063863795504], [-79.4342925789926, 43.7067792348257], [-79.4272851422047, 43.7082448366752], [-79.4271561337832, 43.7082946485016], [-79.4270120959318, 43.7083460081502], [-79.4267218841358, 43.7084081830304], [-79.426014666063, 43.7085558166504], [-79.424252808014, 43.7089265586939], [-79.4212912358551, 43.7095495976053], [-79.4193324833556, 43.709963180991], [-79.4177068920678, 43.7105143403956], [-79.4173725803106, 43.7099560117845], [-79.4170328534782, 43.709109619353], [-79.4166765510214, 43.7082047234774], [-79.4165826335387, 43.7079796324357], [-79.4164952995216, 43.7077590372005], [-79.416420273497, 43.7076104700812], [-79.4163498516414, 43.7075069038462], [-79.4162766994712, 43.7074123377556], [-79.4162275136608, 43.7073672952064], [-79.4171025642513, 43.7071654040272], [-79.4170364464886, 43.707025845653], [-79.4169540940573, 43.7068547614844], [-79.4168961668168, 43.7066792039845], [-79.4167767037144, 43.7061480508218], [-79.4165896468204, 43.7054278397047], [-79.4165072989288, 43.7050137566295], [-79.4164104535984, 43.7046761643878], [-79.4161937157363, 43.7038479158129], [-79.4160773878112, 43.7034345723964], [-79.4159656672036, 43.7030376238276], [-79.4170966308515, 43.702790914551], [-79.4173824830555, 43.702728113022], [-79.4181073221832, 43.7025801129891], [-79.4183317135559, 43.7025310183668], [-79.419111815338, 43.7023603155451], [-79.4198874654346, 43.7021943556728], [-79.4208934887515, 43.702008954685], [-79.4220957375886, 43.7017458448586], [-79.4231432660695, 43.7015170395356], [-79.4255652090165, 43.7010011041852], [-79.4266897146055, 43.7007674013605], [-79.4276156638926, 43.7005751932236], [-79.4277690116722, 43.7005355946522], [-79.4288342398085, 43.700305676787], [-79.4299061032026, 43.7000719009566], [-79.4309096700874, 43.6998602793486], [-79.4310425139751, 43.6998347424424], [-79.4318985857384, 43.6996530425196], [-79.4327878733133, 43.6994640466002], [-79.4328715670469, 43.6994432934303], [-79.4338297563182, 43.6992415934273], [-79.4348069855257, 43.6990381049804], [-79.4350362640821, 43.6989986118809], [-79.4357309496232, 43.6988429045056], [-79.4360212082589, 43.6987778349825], [-79.4364644692557, 43.6986938117113], [-79.4371925130945, 43.6985225772283], [-79.437296615915, 43.6984980977064], [-79.4383277370641, 43.6982851119689], [-79.4384198626308, 43.698252918934], [-79.4390578750337, 43.6981177640346], [-79.4392524473651, 43.6980778658311]]]]}"
57,Forest Hill South,101,11963,24,16,12,27,13,28,26,18,33,216.959,145.839,109.87,242.653,114.0751,241.2337,221.5028,152.5424,275.8505,5,13,9,12,26,20,38,74,81,45.19978,118.4942,82.40249,107.8458,228.1502,172.3098,323.7349,627.1187,627.1187,9,11,9,8,16,8,23,21,7,81.35961,100.2643,82.40249,71.89719,140.4001,68.92393,195.9448,177.9661,177.9661,48,18,27,66,42,35,33,25,26,433.9179,164.0689,247.2075,593.1518,368.5504,301.5422,281.1382,211.8644,217.3368,,,,,,,,,,,,,,,,,,,4,1,2,5,8,18,5,2,,36.15983,18.31166,44.93574,70.20007,155.0788,42.59669,16.94915,,9.11494,,,,1,,,,,,,,,8.987148,,,,,,26,11,16,19,25,30,47,27,26,235.0389,100.2643,146.4933,170.7558,219.3752,258.4647,400.4089,228.8136,217.3368,5,5,5,8,2,4,6,3,10,45.19978,45.5747,45.77916,71.89719,17.55002,34.46196,51.11603,25.42373,83.59107,"{'type': 'MultiPolygon', 'coordinates': [[[[-79.4050555928438, 43.6959867379564], [-79.4046775507669, 43.6950285508416], [-79.4035101577186, 43.6952681125925], [-79.4030977190437, 43.6953579121267], [-79.4024068015904, 43.6955031274265], [-79.4023761102715, 43.6951204291307], [-79.4023263853847, 43.6949002332229], [-79.4021945307188, 43.6945838778944], [-79.4018983759884, 43.69373574747], [-79.4015925943702, 43.6929315966952], [-79.4012880567312, 43.6921068427339], [-79.401132399909, 43.6917649918555], [-79.4010496513064, 43.6916560852223], [-79.4008725280837, 43.6912061370162], [-79.4014783153244, 43.6910681487525], [-79.4015896228871, 43.6910843936131], [-79.4016981250922, 43.6910484543239], [-79.4017617098275, 43.6910270951267], [-79.4018614935098, 43.6909976560693], [-79.4030208810434, 43.6907907162618], [-79.4049019450807, 43.6904044479702], [-79.4064058470831, 43.6900892666807], [-79.4079575599353, 43.6897933848715], [-79.4095191596247, 43.6894458942966], [-79.4094944073453, 43.6893502450767], [-79.4121349914414, 43.6887913353103], [-79.4121830480622, 43.6887811551997], [-79.4126723317545, 43.6886775922626], [-79.4126464528099, 43.6885254595742], [-79.4126345167974, 43.688441999255], [-79.4126294813912, 43.6883474637199], [-79.4126054909481, 43.6882116605004], [-79.4125782229565, 43.6881112571659], [-79.412448190081, 43.6877776593068], [-79.4123128310843, 43.6874392512674], [-79.4122764326928, 43.687349209576], [-79.412825068216, 43.687237626047], [-79.4126053121847, 43.6866943558129], [-79.4118992469828, 43.6849504408598], [-79.4124675739921, 43.6848374335917], [-79.4134719427463, 43.6846331399137], [-79.413412031904, 43.6844781821315], [-79.4135232896532, 43.6844542773296], [-79.4154297805172, 43.6840742465582], [-79.4182987764661, 43.6835023018954], [-79.4184125400815, 43.6837949798095], [-79.4185443277036, 43.6837667910805], [-79.4192391589765, 43.6854188897092], [-79.4194174458693, 43.6858948778416], [-79.4196208552141, 43.6863796694943], [-79.4199671639283, 43.6872167374093], [-79.420305412764, 43.6880974001146], [-79.4207337499102, 43.6891495270141], [-79.4212368116167, 43.6903946553447], [-79.4212679152324, 43.6904764356215], [-79.4213942083278, 43.6907901551603], [-79.4216029115035, 43.6913012928697], [-79.4216907194447, 43.691516321553], [-79.421876785967, 43.6919439839321], [-79.4223295511478, 43.6930661330861], [-79.42258620649, 43.6937209711417], [-79.4227506338902, 43.6941127735292], [-79.423243477152, 43.6953026089276], [-79.4233376947068, 43.6955113850588], [-79.4235802668547, 43.6961167042607], [-79.4240486750959, 43.6972796221655], [-79.4243450917774, 43.6979543768283], [-79.4247691715871, 43.6990314356321], [-79.4252438889952, 43.7002252002852], [-79.4254095826552, 43.7006252985463], [-79.4255652090165, 43.7010011041852], [-79.4231432660695, 43.7015170395356], [-79.4220957375886, 43.7017458448586], [-79.4208934887515, 43.702008954685], [-79.4198874654346, 43.7021943556728], [-79.419111815338, 43.7023603155451], [-79.4183317135559, 43.7025310183668], [-79.4181073221832, 43.7025801129891], [-79.4173824830555, 43.702728113022], [-79.4170966308515, 43.702790914551], [-79.4159656672036, 43.7030376238276], [-79.4155076212671, 43.7031272995254], [-79.4149495074282, 43.7032528945892], [-79.4143968192993, 43.7033649979491], [-79.4138871775383, 43.7034816316698], [-79.4132351871466, 43.703620649188], [-79.4120785644482, 43.7038537721201], [-79.4116487892734, 43.7039479443898], [-79.4109610858859, 43.70409141362], [-79.4108039417733, 43.7036990515739], [-79.4102610375274, 43.7023511442242], [-79.4098654675752, 43.7013256672065], [-79.4094016696197, 43.7001704807774], [-79.409375433793, 43.7000853167035], [-79.4093646450018, 43.7000326328304], [-79.4093737937903, 43.6999803066021], [-79.4094309573144, 43.699918801193], [-79.4091407179611, 43.6992665713944], [-79.4087112271655, 43.6991186625732], [-79.4077798507158, 43.6987957860742], [-79.4066733071591, 43.6984070584995], [-79.406175818553, 43.6982264544739], [-79.4061108998648, 43.6981997575832], [-79.4058864595103, 43.6981890772746], [-79.4057960606142, 43.6979557435373], [-79.4056149912228, 43.6974882562886], [-79.4054157572153, 43.6969602652572], [-79.4052847430507, 43.6965619481584], [-79.4050555928438, 43.6959867379564]]]]}"
58,Yonge-Eglinton,100,13421,53,62,66,66,59,89,91,64,122,450.3739,517.8751,540.5848,529.2703,462.3462,683.8264,691.7522,483.7125,909.0232,6,9,3,2,11,12,17,28,35,50.98573,75.17541,24.57204,16.03849,86.20014,92.20131,129.2284,211.6242,211.6242,11,19,22,21,14,16,38,14,14,93.47382,158.7036,180.1949,168.4042,109.7093,122.9351,288.8636,105.8121,105.8121,36,24,19,24,25,41,34,31,33,305.9143,200.4678,155.6229,192.4619,195.9094,315.0211,258.4568,234.2982,245.8833,,1,,,,1,,,1,,8,,,,7.683442,,,7.45101,15,10,12,12,28,12,9,4,4,127.4643,98.28815,96.23096,219.4185,92.20131,68.41505,30.23203,29.80404,83.52823,,,,,,1,,,1,,,,,,7.683442,,,7.45101,25,11,8,24,22,44,42,22,25,212.4405,91.88106,65.52543,192.4619,172.4003,338.0714,319.2702,166.2762,186.2752,5,5,2,4,5,9,7,2,5,42.4881,41.76411,16.38136,32.07698,39.18188,69.15098,53.21171,15.11602,37.25505,"{'type': 'MultiPolygon', 'coordinates': [[[[-79.3961113955372, 43.6956752014814], [-79.3969184104406, 43.6956174594257], [-79.3972028889868, 43.6956611917056], [-79.398043147398, 43.6958537533369], [-79.3989646579343, 43.6961054101931], [-79.4000932118078, 43.6963995203509], [-79.4012700119484, 43.6967389100848], [-79.4016713282551, 43.6968427437699], [-79.4022812082408, 43.6970061631439], [-79.4025874788709, 43.697083070462], [-79.4027722841976, 43.6971349765377], [-79.4029665161564, 43.6971577165039], [-79.4031273296572, 43.6972703785735], [-79.4032065429556, 43.6972781050534], [-79.4046084541846, 43.6976951617998], [-79.4054744246301, 43.697971851532], [-79.4055654212314, 43.6979985344731], [-79.4058864595103, 43.6981890772746], [-79.4061108998648, 43.6981997575832], [-79.406175818553, 43.6982264544739], [-79.4066733071591, 43.6984070584995], [-79.4077798507158, 43.6987957860742], [-79.4087112271655, 43.6991186625732], [-79.4091407179611, 43.6992665713944], [-79.4094309573144, 43.699918801193], [-79.4093737937903, 43.6999803066021], [-79.4093646450018, 43.7000326328304], [-79.409375433793, 43.7000853167035], [-79.4094016696197, 43.7001704807774], [-79.4098654675752, 43.7013256672065], [-79.4102610375274, 43.7023511442242], [-79.4108039417733, 43.7036990515739], [-79.4109610858859, 43.70409141362], [-79.4096251996286, 43.7043694050224], [-79.4085193508555, 43.7046070502787], [-79.4085731064041, 43.7047016060505], [-79.4086433886929, 43.7048951899072], [-79.4087203259363, 43.7050527646866], [-79.408818208356, 43.7052013553216], [-79.4089134835665, 43.7052869431904], [-79.4089758390221, 43.7053319993775], [-79.4090350993994, 43.705372542947], [-79.409161434693, 43.7054311518092], [-79.4093036530231, 43.7054897637273], [-79.4094353978339, 43.7055573784686], [-79.4095395956183, 43.7056339628342], [-79.4096247309234, 43.7057465455786], [-79.409698670913, 43.7058366168912], [-79.409741943383, 43.7059401659842], [-79.4097585175387, 43.7060166805416], [-79.4097494944758, 43.7060931846392], [-79.4099704702606, 43.7069124560666], [-79.4101635724453, 43.7077227045304], [-79.4102179009903, 43.7079612816224], [-79.4102749540538, 43.7081863485469], [-79.4103615302311, 43.7083844356275], [-79.4104105596551, 43.7085240032203], [-79.4104387889553, 43.7085825334927], [-79.4107880586664, 43.7094649304604], [-79.411135428554, 43.7103383338409], [-79.4114944747804, 43.711193741287], [-79.4092926746081, 43.7116510893414], [-79.4075842401816, 43.7120232637483], [-79.4059432813266, 43.7123864676255], [-79.4057252730851, 43.7124267940873], [-79.403754195134, 43.7128481745648], [-79.4016650931553, 43.7132963879915], [-79.399842795505, 43.713660661826], [-79.3998250932857, 43.713537203232], [-79.3997208498897, 43.7130112216248], [-79.3995664401904, 43.7122969439788], [-79.3994798298584, 43.7118475603566], [-79.3993199099806, 43.7110852373073], [-79.3992914709147, 43.7109209039787], [-79.3990006754634, 43.7095919428023], [-79.3988724583843, 43.70909631821], [-79.3986816277272, 43.7082183184038], [-79.3986310817159, 43.7079940617394], [-79.3983697427864, 43.7067405822138], [-79.3982428959998, 43.7061529920682], [-79.3978557085567, 43.7043594206723], [-79.397828916828, 43.7041568860129], [-79.3976874703645, 43.703405198381], [-79.3976690477765, 43.70330167531], [-79.3975086474542, 43.7025206437692], [-79.397347410748, 43.7018027736667], [-79.3972224889132, 43.7011456121255], [-79.397162477738, 43.7008620361134], [-79.397042428329, 43.700303875693], [-79.396957183233, 43.6997952534413], [-79.3968644533258, 43.6993406138405], [-79.3966459563685, 43.6983097963983], [-79.3964742830539, 43.6973825266072], [-79.396207752087, 43.6961356147759], [-79.3961113955372, 43.6956752014814]]]]}"
59,Mount Pleasant East,99,17934,29,32,19,43,38,58,43,47,53,169.7197,186.3282,109.7568,245.7705,214.4591,324.2941,240.0625,263.3791,295.528,7,4,8,10,15,17,19,38,59,40.96682,23.29102,46.21339,57.15592,84.65489,95.05172,106.0741,212.9448,212.9448,8,38,20,11,24,19,36,23,12,46.81922,221.2647,115.5335,62.87151,135.4478,106.2343,200.9826,128.8876,128.8876,30,17,15,21,36,50,37,33,28,175.5721,98.98684,86.65011,120.0274,203.1717,279.5639,206.5654,184.9258,156.128,,,,,,,,,,,,,,,,,,,1,6,3,8,9,13,15,9,4,5.852402,17.33002,45.72474,50.79293,72.68661,83.74274,50.4343,22.304,34.93653,,,,,,1,,,1,,,,,,5.591278,,,5.576001,25,24,15,30,32,55,53,26,25,146.3101,139.7461,86.65011,171.4678,180.5971,307.5203,295.891,145.6991,139.4,2,3,1,4,9,3,4,3,6,11.7048,17.46827,5.776674,22.86237,50.79293,16.77383,22.3314,16.81143,33.45601,"{'type': 'MultiPolygon', 'coordinates': [[[[-79.3870971153922, 43.7148123578914], [-79.386642221439, 43.7136402409342], [-79.3864244499698, 43.7130797590065], [-79.3863772367058, 43.7130836185475], [-79.3862139799773, 43.7126625482483], [-79.3863107067883, 43.712631904775], [-79.3863424995536, 43.7126055539113], [-79.3861828766823, 43.7121472852281], [-79.3860262489982, 43.7121786690639], [-79.3857124045476, 43.7113630124675], [-79.3846242552962, 43.7115932062621], [-79.3844825510205, 43.7116146939738], [-79.3839693957269, 43.7117104696656], [-79.3838280028856, 43.7116991556212], [-79.3829552677688, 43.7118826554691], [-79.3819845537074, 43.7120862111435], [-79.3814966554694, 43.7121887620317], [-79.3815135320592, 43.7122328855762], [-79.3810499629461, 43.7123247125559], [-79.3800607233681, 43.7125206440904], [-79.3789870112494, 43.7127328784924], [-79.3789247151053, 43.7127707525362], [-79.3788709278439, 43.7127912276655], [-79.3782107215609, 43.7129389932541], [-79.3774928310187, 43.7130996550965], [-79.3773882775363, 43.7124076693199], [-79.3773140652546, 43.712038699625], [-79.3771616111335, 43.711045165059], [-79.3771037409788, 43.7108965908567], [-79.377055744363, 43.7106715255014], [-79.3770099362001, 43.7105049618826], [-79.3769572212701, 43.710311386883], [-79.3763416514547, 43.7087131056568], [-79.3760084704469, 43.707821682014], [-79.3756523931387, 43.7069482257632], [-79.3749389219879, 43.7051156430577], [-79.3746185111442, 43.7042781465373], [-79.3741369579966, 43.7030083740831], [-79.3737942589739, 43.7020717365462], [-79.3733785697385, 43.700950410835], [-79.3731439641659, 43.7003694864005], [-79.3729885383848, 43.699948432357], [-79.3728498310233, 43.6995725280608], [-79.3725070131963, 43.6987395724627], [-79.3719478927608, 43.697292071542], [-79.3717417831939, 43.6967585957488], [-79.3720431547476, 43.6967049075086], [-79.3725715412905, 43.6966237927356], [-79.3726253392043, 43.6966155361369], [-79.3732254360191, 43.6965081876497], [-79.3738220262066, 43.6963738466732], [-79.3744534943524, 43.6962305482944], [-79.3763508457298, 43.6958366407023], [-79.3785392723786, 43.6953755639597], [-79.3788526023505, 43.6953219157491], [-79.3793757662965, 43.6952054886098], [-79.3797275230847, 43.695129375468], [-79.3799532531848, 43.6950756139513], [-79.380084767889, 43.6950377660212], [-79.3808178516064, 43.6949045848686], [-79.3810203734912, 43.6948677914495], [-79.3816365372257, 43.694755842581], [-79.3818156517823, 43.6947232992063], [-79.3818865357165, 43.6946679695798], [-79.3848506034379, 43.6940354755985], [-79.3891281441916, 43.6931135527132], [-79.3889220665167, 43.6926431967524], [-79.3888880185316, 43.6925668594809], [-79.3890731190571, 43.6925257688232], [-79.388745075402, 43.6917335610499], [-79.3895298576134, 43.6915576983841], [-79.3895511688468, 43.69159827915], [-79.3901664369935, 43.6914675426454], [-79.3902180233078, 43.6914576006881], [-79.3907904845413, 43.6913374333629], [-79.3909506940212, 43.6913031922068], [-79.3916675159462, 43.6911514092792], [-79.3919015496784, 43.6911018448877], [-79.3922983603953, 43.6910179137217], [-79.3926237395919, 43.6909491347596], [-79.3927865049945, 43.6913250641411], [-79.3929770711894, 43.6912830896022], [-79.3929884679443, 43.6913059638339], [-79.3927522507014, 43.6913550063315], [-79.3928857923574, 43.6916748043224], [-79.3929212660979, 43.6917538688222], [-79.392805305814, 43.6917806649287], [-79.3913058429315, 43.6922337418961], [-79.3915458145904, 43.6928640248918], [-79.3953454218641, 43.6921071014392], [-79.3953829164467, 43.692281886268], [-79.3960909044886, 43.6955797605497], [-79.3961113955372, 43.6956752014814], [-79.3958885294542, 43.6956939553393], [-79.3957972580885, 43.6957019282645], [-79.3957195358296, 43.6957087164413], [-79.3955722518454, 43.6957309410345], [-79.3954645326988, 43.6957510684335], [-79.3952865927122, 43.6957885856047], [-79.3951317436158, 43.6958233231603], [-79.3950243371378, 43.6958490225004], [-79.3927582055459, 43.6962910788367], [-79.3895314540214, 43.6969997735059], [-79.3876488186467, 43.6974063636903], [-79.3870142061006, 43.6974771360455], [-79.386663879176, 43.6975096619617], [-79.386459538907, 43.6975278485989], [-79.3863913636077, 43.6975163226914], [-79.3862324340446, 43.6975123119247], [-79.3864819989094, 43.6981831468939], [-79.3865336672521, 43.6983362111464], [-79.3867473989704, 43.699308543833], [-79.3868375062856, 43.6998441915904], [-79.3869765704017, 43.7003213787911], [-79.3870343704905, 43.7005149636618], [-79.3874982668738, 43.7016540473955], [-79.3878348373669, 43.7024779596047], [-79.3881601628552, 43.7033018588796], [-79.3885743467452, 43.7043013689975], [-79.3889371963968, 43.7051883120341], [-79.3892957555703, 43.706093243269], [-79.3902004147693, 43.7084163454407], [-79.3906609204368, 43.7096241455388], [-79.3912301279233, 43.7111373423785], [-79.3914609026678, 43.7117202855173], [-79.3917825029737, 43.7126146504159], [-79.3922037218342, 43.7137944119651], [-79.3931238129498, 43.7136100208808], [-79.3955179429138, 43.7131171915714], [-79.3978734491571, 43.7126268885043], [-79.398591453769, 43.712480482733], [-79.3989526734124, 43.7124163985562], [-79.3993727723346, 43.7123391244408], [-79.3995664401904, 43.7122969439788], [-79.3997208498897, 43.7130112216248], [-79.3998250932857, 43.713537203232], [-79.399842795505, 43.713660661826], [-79.4000405496998, 43.7145744001432], [-79.4001122127448, 43.7149574211742], [-79.4002345410025, 43.7154637318393], [-79.400446147667, 43.7163827826867], [-79.4004849921446, 43.7166144907862], [-79.3991273282156, 43.7168741035976], [-79.3987758361323, 43.7169456140215], [-79.3976946622827, 43.7171673330424], [-79.3941602088604, 43.7178987259801], [-79.3897691685309, 43.7187896960124], [-79.3884420821689, 43.7190589412742], [-79.3882969324672, 43.7190894221854], [-79.3882677685843, 43.7189551668071], [-79.3881516442096, 43.7185135235447], [-79.3878866582662, 43.7175056817712], [-79.3878110697124, 43.7172181525051], [-79.3875907634736, 43.7163802250294], [-79.3873880975779, 43.7156093559253], [-79.3873510225076, 43.7154671354905], [-79.3870971153922, 43.7148123578914]]]]}"
60,Rosedale-Moore Park,98,22681,65,106,109,109,131,129,149,150,215,306.7485,501.111,514.6851,506.435,597.8732,579.8013,664.9114,668.2407,947.93,10,26,12,4,31,34,52,73,105,47.19207,122.914,56.66257,18.58477,141.4814,152.8159,232.0496,325.2105,325.2105,48,67,50,53,66,69,73,52,72,226.5219,316.7399,236.0941,246.2482,301.2186,310.1263,325.762,231.6568,231.6568,99,27,60,72,62,101,99,64,68,467.2015,127.6415,283.3129,334.5258,282.9629,453.953,441.7868,285.1161,299.8104,,,,,1,,,1,,,,,,4.563918,,,4.454938,,15,20,19,31,25,22,22,28,20,70.78811,89.71574,144.032,114.0979,98.88085,98.17484,124.7383,88.17953,94.54924,,1,1,,,,1,1,1,,4.727462,4.721881,,,,4.462493,4.454938,4.408977,88,42,40,53,70,63,51,34,88,415.2902,198.5534,188.8752,246.2482,319.4742,283.1588,227.5871,151.4679,387.99,7,9,9,10,11,14,10,8,13,33.03445,42.54716,42.49693,46.46193,50.20309,62.92418,44.62493,35.63951,57.3167,"{'type': 'MultiPolygon', 'coordinates': [[[[-79.377297623163, 43.6935569136978], [-79.3767375815196, 43.6933562663472], [-79.3763975748771, 43.6933980877157], [-79.3748090052002, 43.6929185340318], [-79.3744539084522, 43.6928092831142], [-79.3741019297087, 43.6926800248339], [-79.3737805838787, 43.6925441378904], [-79.3733920137478, 43.692350387218], [-79.3708201032624, 43.6909474931924], [-79.3706828183047, 43.6908086372272], [-79.3706285729821, 43.6907507057082], [-79.3705976073263, 43.6907176451268], [-79.369990663192, 43.6905103767941], [-79.3695051256182, 43.6903335597205], [-79.3691580885724, 43.6901857853977], [-79.3689077926975, 43.6900684453073], [-79.3685797885183, 43.6899027963645], [-79.3683542054936, 43.6897799751742], [-79.3682177583598, 43.6896875366311], [-79.3680244609256, 43.6895495937642], [-79.367874822323, 43.6894089463002], [-79.3677271410915, 43.689253160545], [-79.3676306370522, 43.6891277147281], [-79.3675341595078, 43.688984383998], [-79.3674774254973, 43.6888865455602], [-79.367413195994, 43.6887570145745], [-79.3673735861753, 43.6886454242641], [-79.3673321275673, 43.6885117967602], [-79.3673001878864, 43.6883588911764], [-79.3672853082591, 43.6882211540727], [-79.3672875044806, 43.6880862000118], [-79.3672948142809, 43.6879944491603], [-79.3675501286299, 43.6865693702253], [-79.366988474508, 43.685261899693], [-79.3669178150599, 43.6850974001201], [-79.3668617779182, 43.6849669593868], [-79.3664775241211, 43.6840724475259], [-79.3666864166123, 43.683683294559], [-79.3674918474782, 43.6821829209171], [-79.3676447590046, 43.6818980888826], [-79.3678567882659, 43.6815031322285], [-79.3679295697868, 43.6812818020078], [-79.3679519590036, 43.6811907705806], [-79.367941381797, 43.6810596181305], [-79.3679313108986, 43.6809347764972], [-79.3678867716996, 43.6806864411086], [-79.3677102692104, 43.6801607672315], [-79.3676022717734, 43.6798315009317], [-79.3675232333039, 43.6795927298519], [-79.3672587724945, 43.6792613549767], [-79.3671900018561, 43.679176581737], [-79.3672670029141, 43.679134329281], [-79.3667697876955, 43.6785178081657], [-79.3665516102271, 43.6785663593344], [-79.3644481496301, 43.6790328345013], [-79.3642639812987, 43.6791892388564], [-79.3642674374767, 43.679196228489], [-79.3641878662609, 43.6792115440472], [-79.3640518271601, 43.6790944645336], [-79.3637346795419, 43.6788060535297], [-79.3636021652759, 43.6784368415679], [-79.363598339736, 43.6780722832356], [-79.3638411888401, 43.6777980322884], [-79.3641100612153, 43.6774878165085], [-79.3644466161216, 43.6772406790921], [-79.3648350815074, 43.6770161060632], [-79.3649597271236, 43.67673721255], [-79.3646894142892, 43.6764668714046], [-79.36433453049, 43.6762369349811], [-79.3640332580279, 43.6759485529245], [-79.3637637842556, 43.675655698449], [-79.3634721229152, 43.6754078320645], [-79.3633940170507, 43.6753312270665], [-79.3642555045678, 43.6751702118787], [-79.3643256410249, 43.6751566853405], [-79.3644585569507, 43.6751310719046], [-79.3647428638284, 43.6750762669896], [-79.3663161312542, 43.6747765637637], [-79.3667391181838, 43.6746780435345], [-79.3667845081471, 43.6746555928466], [-79.3668810518108, 43.6746286923463], [-79.3670020417338, 43.6745838263561], [-79.367094755143, 43.6745389280681], [-79.3671894127348, 43.6744895303461], [-79.3672755382774, 43.6744401231959], [-79.367373339068, 43.6743772275343], [-79.3682073348512, 43.673784077528], [-79.3688368048669, 43.6733392273923], [-79.3699199262139, 43.6725843356582], [-79.369988040377, 43.6725349234366], [-79.3707003788029, 43.6720181281342], [-79.3707290788456, 43.6720046587635], [-79.3707635726152, 43.671995696478], [-79.3707984858571, 43.6719822337324], [-79.3708333889401, 43.6719732718587], [-79.3708690610619, 43.6719643110331], [-79.3709047331733, 43.6719553501961], [-79.3709403926311, 43.6719463981715], [-79.370976823662, 43.6719419383531], [-79.3710132772175, 43.6719329778167], [-79.3710497082112, 43.6719285188748], [-79.3710865361603, 43.6719240592767], [-79.3711237463138, 43.6719151004854], [-79.3711609711858, 43.6719106411183], [-79.3711981735125, 43.6719106833457], [-79.3712353836665, 43.6719017236176], [-79.3712729705247, 43.6719017658987], [-79.3713101740871, 43.6719018081072], [-79.3713481555629, 43.6718973504581], [-79.3713853703074, 43.6718973919011], [-79.3714233416763, 43.6718974351105], [-79.3714616985785, 43.6718974874027], [-79.3731810110661, 43.6721604819308], [-79.3736083481968, 43.6722149808192], [-79.3748581707544, 43.6723421225868], [-79.3758958320474, 43.6724740880139], [-79.375955693101, 43.6724792749703], [-79.376053917902, 43.6724877703383], [-79.376165924043, 43.6724879014777], [-79.3763201836194, 43.6724745661183], [-79.3764589637059, 43.6724567131006], [-79.3768575201473, 43.6723671299312], [-79.3790715806068, 43.6719239013041], [-79.3794184918557, 43.6718461361304], [-79.3794713072668, 43.6718343012832], [-79.3805696153298, 43.6716194038557], [-79.3823789890565, 43.6712297128659], [-79.3831636809034, 43.6710549920028], [-79.3842127958803, 43.6708130145941], [-79.3857224858227, 43.6704679644884], [-79.3860539929089, 43.6703956996875], [-79.3867913051381, 43.6702349754191], [-79.3871589908538, 43.6711309710834], [-79.3872233822176, 43.671306561001], [-79.3875067257538, 43.6719324324521], [-79.3875872713303, 43.67217104659], [-79.3878115009865, 43.6727068459099], [-79.3878697072926, 43.6728824292043], [-79.3886998023487, 43.6748905359731], [-79.3888757770654, 43.6753092678944], [-79.3889348247419, 43.67544883712], [-79.3889903591746, 43.675597412863], [-79.3890985173924, 43.6758785666003], [-79.3892414840147, 43.6762502520786], [-79.3892801638915, 43.6763451189194], [-79.3894962624608, 43.6768752716447], [-79.3895351283573, 43.6769706335229], [-79.3895760631763, 43.6770471839809], [-79.3895980084138, 43.6771047865389], [-79.3897064516741, 43.677389350714], [-79.389904827917, 43.6778621027225], [-79.3900452402217, 43.6782178079831], [-79.3904357337231, 43.679154355191], [-79.3907312443567, 43.6799081386133], [-79.3909907454215, 43.6805649694881], [-79.3911980653582, 43.6810897098167], [-79.3913434761303, 43.6814403947098], [-79.3915583611107, 43.681981946542], [-79.3916340015009, 43.682157535357], [-79.391942291688, 43.6828835310399], [-79.3920361635522, 43.6831098309438], [-79.3923877096423, 43.6839494537829], [-79.3928574698612, 43.6850345079778], [-79.3931889165651, 43.6858899425212], [-79.3933352060825, 43.6862411295041], [-79.3937084624609, 43.6871415895355], [-79.3941452151311, 43.6880916233486], [-79.3945709297025, 43.6891406595402], [-79.3946066547079, 43.6892256380978], [-79.3948245409738, 43.6897439621366], [-79.3948946223858, 43.6900095655846], [-79.3949396406864, 43.6902076348592], [-79.3950658061424, 43.6907927903967], [-79.3951735548667, 43.6912699130416], [-79.3953454218641, 43.6921071014392], [-79.3915458145904, 43.6928640248918], [-79.3913058429315, 43.6922337418961], [-79.392805305814, 43.6917806649287], [-79.3929212660979, 43.6917538688222], [-79.3928857923574, 43.6916748043224], [-79.3927522507014, 43.6913550063315], [-79.3929884679443, 43.6913059638339], [-79.3929770711894, 43.6912830896022], [-79.3927865049945, 43.6913250641411], [-79.3926237395919, 43.6909491347596], [-79.3922983603953, 43.6910179137217], [-79.3919015496784, 43.6911018448877], [-79.3916675159462, 43.6911514092792], [-79.3909506940212, 43.6913031922068], [-79.3907904845413, 43.6913374333629], [-79.3902180233078, 43.6914576006881], [-79.3901664369935, 43.6914675426454], [-79.3895511688468, 43.69159827915], [-79.3895298576134, 43.6915576983841], [-79.388745075402, 43.6917335610499], [-79.3890731190571, 43.6925257688232], [-79.3888880185316, 43.6925668594809], [-79.3889220665167, 43.6926431967524], [-79.3891281441916, 43.6931135527132], [-79.3848506034379, 43.6940354755985], [-79.3818865357165, 43.6946679695798], [-79.3818156517823, 43.6947232992063], [-79.3816365372257, 43.694755842581], [-79.3810203734912, 43.6948677914495], [-79.3808178516064, 43.6949045848686], [-79.380084767889, 43.6950377660212], [-79.3799659027835, 43.6947420755393], [-79.3775902041857, 43.693679428565], [-79.3775454856815, 43.6936594246536], [-79.3774951247636, 43.6936385959977], [-79.377297623163, 43.6935569136978]]]]}"
61,Yonge-St.Clair,97,13698,16,26,32,26,27,35,23,50,45,127.9079,205.6637,250.0195,199.7388,203.8351,260.3198,169.9424,368.8132,328.5151,2,3,7,2,6,6,9,13,30,15.98849,23.73042,54.69177,15.36452,45.29669,44.62626,66.49918,95.89142,95.89142,8,19,14,12,15,24,25,12,19,63.95395,150.2927,109.3835,92.18714,113.2417,178.505,184.72,88.51516,88.51516,37,20,12,18,24,28,27,30,26,295.787,158.2028,93.75732,138.2807,181.1868,208.2559,199.4976,221.2879,189.8087,,,,,,,,,,,,,,,,,,,3,1,6,2,1,2,4,5,7,23.98273,46.87866,15.36452,7.549449,14.87542,29.55519,36.88132,51.10235,7.910141,,,1,,,,,,,,,7.81311,,,,,,,7,9,7,7,23,22,20,23,7,55.95971,71.19127,54.69177,53.77583,173.6373,163.6296,147.776,169.6541,51.10235,3,5,7,,3,6,3,3,1,23.98273,39.5507,54.69177,,22.64835,44.62626,22.1664,22.12879,7.300336,"{'type': 'MultiPolygon', 'coordinates': [[[[-79.3972028889868, 43.6956611917056], [-79.3969184104406, 43.6956174594257], [-79.3961113955372, 43.6956752014814], [-79.3953829164467, 43.692281886268], [-79.3953454218641, 43.6921071014392], [-79.3951735548667, 43.6912699130416], [-79.3950658061424, 43.6907927903967], [-79.3949396406864, 43.6902076348592], [-79.3948946223858, 43.6900095655846], [-79.3948245409738, 43.6897439621366], [-79.3946066547079, 43.6892256380978], [-79.3945709297025, 43.6891406595402], [-79.3941452151311, 43.6880916233486], [-79.3937084624609, 43.6871415895355], [-79.3933352060825, 43.6862411295041], [-79.3931889165651, 43.6858899425212], [-79.3928574698612, 43.6850345079778], [-79.3923877096423, 43.6839494537829], [-79.3920361635522, 43.6831098309438], [-79.391942291688, 43.6828835310399], [-79.3916340015009, 43.682157535357], [-79.3915583611107, 43.681981946542], [-79.3913434761303, 43.6814403947098], [-79.3911980653582, 43.6810897098167], [-79.3914086689475, 43.6809781311011], [-79.3932270116733, 43.680174226486], [-79.3958120718182, 43.678988527886], [-79.3973526269621, 43.678283399509], [-79.3974592970204, 43.6782339965992], [-79.3975671344087, 43.6781755944001], [-79.3976745598347, 43.6781261829715], [-79.3977827800216, 43.6780767816833], [-79.3978917748192, 43.6780228802212], [-79.3979346079824, 43.6780035389603], [-79.3979472923346, 43.6780348836127], [-79.3979801249156, 43.6781204879032], [-79.3980002017597, 43.6781727224723], [-79.3980924245466, 43.6784080271401], [-79.3981441428755, 43.6785393214371], [-79.3983547565206, 43.6790477505012], [-79.39856620699, 43.6795628591183], [-79.3987364035587, 43.6799708233127], [-79.3989427163554, 43.6804690129755], [-79.3990686860368, 43.6807751330318], [-79.3992186642256, 43.6811362173853], [-79.3998067724254, 43.6825520738577], [-79.4001721372616, 43.6834245576147], [-79.4002125372459, 43.6835352915208], [-79.4005336075422, 43.684318387723], [-79.4008442999608, 43.6850358275547], [-79.4011296310549, 43.6857246566882], [-79.4014987325887, 43.686649283408], [-79.4016831319205, 43.6871043955865], [-79.4023417825454, 43.6887297937913], [-79.4030879462952, 43.6906413155045], [-79.403087834033, 43.6906958537665], [-79.4030654821332, 43.6907483399118], [-79.4030208810434, 43.6907907162618], [-79.4018614935098, 43.6909976560693], [-79.4017617098275, 43.6910270951267], [-79.4016981250922, 43.6910484543239], [-79.4015896228871, 43.6910843936131], [-79.4014783153244, 43.6910681487525], [-79.4008725280837, 43.6912061370162], [-79.4010496513064, 43.6916560852223], [-79.401132399909, 43.6917649918555], [-79.4012880567312, 43.6921068427339], [-79.4015925943702, 43.6929315966952], [-79.4018983759884, 43.69373574747], [-79.4021945307188, 43.6945838778944], [-79.4023263853847, 43.6949002332229], [-79.4023761102715, 43.6951204291307], [-79.4024068015904, 43.6955031274265], [-79.4030977190437, 43.6953579121267], [-79.4035101577186, 43.6952681125925], [-79.4046775507669, 43.6950285508416], [-79.4050555928438, 43.6959867379564], [-79.4052847430507, 43.6965619481584], [-79.4054157572153, 43.6969602652572], [-79.4056149912228, 43.6974882562886], [-79.4057960606142, 43.6979557435373], [-79.4058864595103, 43.6981890772746], [-79.4055654212314, 43.6979985344731], [-79.4054744246301, 43.697971851532], [-79.4046084541846, 43.6976951617998], [-79.4032065429556, 43.6972781050534], [-79.4031273296572, 43.6972703785735], [-79.4029665161564, 43.6971577165039], [-79.4027722841976, 43.6971349765377], [-79.4025874788709, 43.697083070462], [-79.4022812082408, 43.6970061631439], [-79.4016713282551, 43.6968427437699], [-79.4012700119484, 43.6967389100848], [-79.4000932118078, 43.6963995203509], [-79.3989646579343, 43.6961054101931], [-79.398043147398, 43.6958537533369], [-79.3972028889868, 43.6956611917056]]]]}"
62,Casa Loma,96,11815,26,34,43,34,44,55,65,46,60,236.6218,308.1664,387.1432,301.4452,383.4423,473.3626,555.7455,392.9273,507.829,4,3,5,8,18,5,20,20,30,36.40335,27.19115,45.01665,70.92828,156.8627,43.03296,170.9986,170.838,170.838,18,19,15,11,17,19,24,18,6,163.8151,172.2106,135.05,97.52637,148.1481,163.5253,205.1984,153.7542,153.7542,32,24,19,27,23,34,36,35,18,291.2268,217.5292,171.0633,239.3829,200.4357,292.6241,307.7975,298.9664,152.3487,,,,,1,,,,,,,,,8.714597,,,,,8,5,2,9,6,8,3,1,11,72.8067,18.00666,79.79431,52.28758,68.85274,25.6498,8.541898,93.10199,45.31859,,,,,,,,1,1,,,,,,,,8.541898,8.463818,23,26,23,16,22,31,29,8,23,209.3193,235.6567,207.0766,141.8566,191.7211,266.8044,247.948,68.33518,194.6678,4,5,7,7,2,2,7,4,3,36.40335,45.31859,63.02332,62.06224,17.42919,17.21318,59.84952,34.16759,25.39145,"{'type': 'MultiPolygon', 'coordinates': [[[[-79.4002125372459, 43.6835352915208], [-79.4001721372616, 43.6834245576147], [-79.3998067724254, 43.6825520738577], [-79.3992186642256, 43.6811362173853], [-79.3990686860368, 43.6807751330318], [-79.3989427163554, 43.6804690129755], [-79.3987364035587, 43.6799708233127], [-79.39856620699, 43.6795628591183], [-79.3983547565206, 43.6790477505012], [-79.3981441428755, 43.6785393214371], [-79.3980924245466, 43.6784080271401], [-79.3980002017597, 43.6781727224723], [-79.3979801249156, 43.6781204879032], [-79.3979472923346, 43.6780348836127], [-79.3979346079824, 43.6780035389603], [-79.3980011473541, 43.6779734705692], [-79.3981109040492, 43.6779240697982], [-79.3982210575202, 43.6778746699804], [-79.3983316065501, 43.6778252701972], [-79.3984429009675, 43.6777758708482], [-79.3985542121852, 43.6777309627474], [-79.3986662991787, 43.6776815553779], [-79.3987783903479, 43.6776366480821], [-79.3988912393178, 43.6775917413885], [-79.3990044838575, 43.6775468347222], [-79.3991181205838, 43.6774974369124], [-79.3992057696003, 43.6774660095156], [-79.3992934209185, 43.6774255809309], [-79.3993818468877, 43.6773896533502], [-79.3994706684874, 43.6773537258392], [-79.3995598538837, 43.677322308882], [-79.3996494456438, 43.6772863821127], [-79.3997390236333, 43.6772504559803], [-79.3998293750765, 43.6772190308294], [-79.3999201358256, 43.6771876050347], [-79.4000108592308, 43.6771561804455], [-79.4001023765137, 43.677124755193], [-79.4001939016391, 43.6770888298504], [-79.4002858032754, 43.6770574053288], [-79.4003784783918, 43.6770304826823], [-79.4004711546912, 43.6770035590765], [-79.4005642209093, 43.6769721353236], [-79.400657255521, 43.6769452129796], [-79.4007511043387, 43.6769137892215], [-79.4008449372378, 43.6768913672173], [-79.4009391579993, 43.6768599449073], [-79.4010337598659, 43.676837523603], [-79.4011427331795, 43.6768016120237], [-79.4012516860603, 43.6767702019817], [-79.401361037041, 43.6767387920019], [-79.4014707588392, 43.6767073817017], [-79.4015808774721, 43.6766759723443], [-79.4016909891704, 43.6766490719142], [-79.4018014843413, 43.6766221623342], [-79.4019123841692, 43.6765907536769], [-79.4020232649248, 43.6765638447719], [-79.4021345478876, 43.6765324349528], [-79.4022462021509, 43.6765100277691], [-79.4023578753158, 43.6764831188124], [-79.4024699205273, 43.6764562104452], [-79.4025819656415, 43.6764293019664], [-79.4026947983034, 43.676406885604], [-79.4028072153744, 43.6763799776007], [-79.4028863915202, 43.676362771194], [-79.4029200342251, 43.6763575608223], [-79.403033224899, 43.6763351536302], [-79.4031468204125, 43.676308237449], [-79.404970260136, 43.6759293899234], [-79.4063837416357, 43.6756356821891], [-79.4073370588793, 43.6754375919032], [-79.4078512350868, 43.6753307658068], [-79.4113641396325, 43.674604499739], [-79.4121893423796, 43.6744400973079], [-79.4137194266697, 43.6741200858819], [-79.4146781141426, 43.6739228938292], [-79.4146964245525, 43.6739190006507], [-79.4147838362956, 43.6741588344241], [-79.4148525468589, 43.6743474090583], [-79.4155311585001, 43.676078570276], [-79.4157900047459, 43.6767388371898], [-79.416441811207, 43.6783414779386], [-79.41658150165, 43.6787871361015], [-79.4167616413517, 43.6792570372884], [-79.4169852819449, 43.6798333198143], [-79.4170934939583, 43.6801132853893], [-79.4174830042983, 43.6810604161964], [-79.4176698768663, 43.6815784949994], [-79.4177008493252, 43.6816402841851], [-79.4178149031652, 43.6819338635759], [-79.4181246187129, 43.6827191081401], [-79.4182767416305, 43.6831047516045], [-79.4183046891158, 43.6831760896455], [-79.4184345886498, 43.6835052610832], [-79.4184903106764, 43.6836380700625], [-79.4185443277036, 43.6837667910805], [-79.4184125400815, 43.6837949798095], [-79.4182987764661, 43.6835023018954], [-79.4154297805172, 43.6840742465582], [-79.4135232896532, 43.6844542773296], [-79.413412031904, 43.6844781821315], [-79.4134719427463, 43.6846331399137], [-79.4124675739921, 43.6848374335917], [-79.4118992469828, 43.6849504408598], [-79.4126053121847, 43.6866943558129], [-79.412825068216, 43.687237626047], [-79.4122764326928, 43.687349209576], [-79.4123128310843, 43.6874392512674], [-79.412448190081, 43.6877776593068], [-79.4125782229565, 43.6881112571659], [-79.4126054909481, 43.6882116605004], [-79.4126294813912, 43.6883474637199], [-79.4126345167974, 43.688441999255], [-79.4126464528099, 43.6885254595742], [-79.4126723317545, 43.6886775922626], [-79.4121830480622, 43.6887811551997], [-79.4121349914414, 43.6887913353103], [-79.4094944073453, 43.6893502450767], [-79.4095191596247, 43.6894458942966], [-79.4079575599353, 43.6897933848715], [-79.4064058470831, 43.6900892666807], [-79.4049019450807, 43.6904044479702], [-79.4030208810434, 43.6907907162618], [-79.4030654821332, 43.6907483399118], [-79.403087834033, 43.6906958537665], [-79.4030879462952, 43.6906413155045], [-79.4023417825454, 43.6887297937913], [-79.4014987325887, 43.686649283408], [-79.4011296310549, 43.6857246566882], [-79.4008442999608, 43.6850358275547], [-79.4005336075422, 43.684318387723], [-79.4002125372459, 43.6835352915208]]]]}"
63,Annex,95,33424,212,226,260,255,246,283,259,304,364,720.6472,764.3915,872.9812,836.2026,785.2651,882.7199,795.6256,924.6586,1089.038,13,15,19,24,34,27,39,39,65,44.19063,50.73395,63.79478,78.70142,108.5326,84.21709,119.8046,118.624,118.624,96,111,125,136,124,143,164,118,77,326.3308,375.4312,419.7025,445.9748,395.8247,446.0387,503.7938,358.9135,358.9135,156,108,123,117,172,212,204,157,139,530.2876,365.2845,412.9873,383.6695,549.0471,661.2601,626.6703,477.5375,415.8688,,,,,2,1,,,,,,,,6.384269,3.119152,,,,42,41,35,62,43,33,40,47,44,142.7697,117.5167,203.312,137.2618,102.932,122.8765,142.9571,131.6419,138.6728,,,5,2,2,2,,1,2,,,16.7881,6.558452,6.384269,6.238303,,3.04164,5.983724,125,172,164,172,195,173,133,80,125,424.9099,581.7493,550.6497,564.0269,622.4662,539.6132,408.5645,243.3312,373.9828,22,19,22,29,44,41,31,34,37,74.78415,64.26301,73.86765,95.09756,140.4539,127.8852,95.22932,103.4158,110.6989,"{'type': 'MultiPolygon', 'coordinates': [[[[-79.4172213327043, 43.6638426493182], [-79.4184197912836, 43.6635933367849], [-79.4185781726832, 43.6639561851379], [-79.4187943076235, 43.6644513591617], [-79.41947113714, 43.6661820483128], [-79.4196273624944, 43.6665814570019], [-79.4197535967176, 43.6669143704326], [-79.4197631352017, 43.6669395087819], [-79.4199376855628, 43.6673998069675], [-79.4202051215979, 43.6681272111031], [-79.4202954375709, 43.6683475192387], [-79.4206443908908, 43.6692625137549], [-79.4209360829224, 43.6700204834807], [-79.4210940253717, 43.6704306300716], [-79.4212300945407, 43.6707839272608], [-79.4215473938804, 43.6716307480167], [-79.4218563338425, 43.6724270640189], [-79.4218222095814, 43.6724335662819], [-79.4196288448811, 43.6728869095482], [-79.4171084415427, 43.6734081858796], [-79.4167525850442, 43.6734817917585], [-79.4146964245525, 43.6739190006507], [-79.4146781141426, 43.6739228938292], [-79.4137194266697, 43.6741200858819], [-79.4121893423796, 43.6744400973079], [-79.4113641396325, 43.674604499739], [-79.4078512350868, 43.6753307658068], [-79.4073370588793, 43.6754375919032], [-79.404970260136, 43.6759293899234], [-79.4031468204125, 43.676308237449], [-79.403033224899, 43.6763351536302], [-79.4029200342251, 43.6763575608223], [-79.4028863915202, 43.676362771194], [-79.4028072153744, 43.6763799776007], [-79.4026947983034, 43.676406885604], [-79.4025819656415, 43.6764293019664], [-79.4024699205273, 43.6764562104452], [-79.4023578753158, 43.6764831188124], [-79.4022462021509, 43.6765100277691], [-79.4021345478876, 43.6765324349528], [-79.4020232649248, 43.6765638447719], [-79.4019123841692, 43.6765907536769], [-79.4018014843413, 43.6766221623342], [-79.4016909891704, 43.6766490719142], [-79.4015808774721, 43.6766759723443], [-79.4014707588392, 43.6767073817017], [-79.401361037041, 43.6767387920019], [-79.4012516860603, 43.6767702019817], [-79.4011427331795, 43.6768016120237], [-79.4010337598659, 43.676837523603], [-79.4009391579993, 43.6768599449073], [-79.4008449372378, 43.6768913672173], [-79.4007511043387, 43.6769137892215], [-79.400657255521, 43.6769452129796], [-79.4005642209093, 43.6769721353236], [-79.4004711546912, 43.6770035590765], [-79.4003784783918, 43.6770304826823], [-79.4002858032754, 43.6770574053288], [-79.4001939016391, 43.6770888298504], [-79.4001023765137, 43.677124755193], [-79.4000108592308, 43.6771561804455], [-79.3999201358256, 43.6771876050347], [-79.3998293750765, 43.6772190308294], [-79.3997390236333, 43.6772504559803], [-79.3996494456438, 43.6772863821127], [-79.3995598538837, 43.677322308882], [-79.3994706684874, 43.6773537258392], [-79.3993818468877, 43.6773896533502], [-79.3992934209185, 43.6774255809309], [-79.3992057696003, 43.6774660095156], [-79.3991181205838, 43.6774974369124], [-79.3990044838575, 43.6775468347222], [-79.3988912393178, 43.6775917413885], [-79.3987783903479, 43.6776366480821], [-79.3986662991787, 43.6776815553779], [-79.3985542121852, 43.6777309627474], [-79.3984429009675, 43.6777758708482], [-79.3983316065501, 43.6778252701972], [-79.3982210575202, 43.6778746699804], [-79.3981109040492, 43.6779240697982], [-79.3980011473541, 43.6779734705692], [-79.3979346079824, 43.6780035389603], [-79.3978917748192, 43.6780228802212], [-79.3977827800216, 43.6780767816833], [-79.3976745598347, 43.6781261829715], [-79.3975671344087, 43.6781755944001], [-79.3974592970204, 43.6782339965992], [-79.3973526269621, 43.678283399509], [-79.3958120718182, 43.678988527886], [-79.3932270116733, 43.680174226486], [-79.3914086689475, 43.6809781311011], [-79.3911980653582, 43.6810897098167], [-79.3909907454215, 43.6805649694881], [-79.3907312443567, 43.6799081386133], [-79.3904357337231, 43.679154355191], [-79.3900452402217, 43.6782178079831], [-79.389904827917, 43.6778621027225], [-79.3897064516741, 43.677389350714], [-79.3895980084138, 43.6771047865389], [-79.3895760631763, 43.6770471839809], [-79.3895351283573, 43.6769706335229], [-79.3894962624608, 43.6768752716447], [-79.3892801638915, 43.6763451189194], [-79.3892414840147, 43.6762502520786], [-79.3890985173924, 43.6758785666003], [-79.3889903591746, 43.675597412863], [-79.3889348247419, 43.67544883712], [-79.3888757770654, 43.6753092678944], [-79.3886998023487, 43.6748905359731], [-79.3878697072926, 43.6728824292043], [-79.3878115009865, 43.6727068459099], [-79.3875872713303, 43.67217104659], [-79.3875067257538, 43.6719324324521], [-79.3872233822176, 43.671306561001], [-79.3871589908538, 43.6711309710834], [-79.3867913051381, 43.6702349754191], [-79.3874108668096, 43.670108092537], [-79.3880216430617, 43.6699829974889], [-79.3895108188277, 43.6696776453204], [-79.390588380613, 43.6694560608049], [-79.3910298630236, 43.6693669101368], [-79.3941446527664, 43.6687288434932], [-79.3958789869032, 43.6683413718567], [-79.397384031846, 43.6680418084223], [-79.3983678177985, 43.6678402113722], [-79.3998397171416, 43.667525455778], [-79.4015421964145, 43.6671704457226], [-79.4027104187793, 43.6669140261816], [-79.4038739791642, 43.6666658716423], [-79.4045218879649, 43.6665323397836], [-79.4053580472027, 43.6663674550293], [-79.4062773627028, 43.6661735410404], [-79.4066762373438, 43.6660870580207], [-79.4074763502105, 43.6659231732233], [-79.4086840864271, 43.6656851679863], [-79.4093221916471, 43.6655336968925], [-79.4099959084162, 43.6653977604589], [-79.4105974529814, 43.6652629691559], [-79.4112162375035, 43.6651243265924], [-79.4118162489729, 43.6650091323883], [-79.4118470796597, 43.665005447864], [-79.4124405858401, 43.6648935940509], [-79.4136530244154, 43.6646255564682], [-79.4148618324173, 43.6643486822555], [-79.4159952304897, 43.6640968711925], [-79.4161171306353, 43.6640772116025], [-79.4172213327043, 43.6638426493182]]]]}"
64,Wychwood,94,14464,54,70,82,56,75,69,84,60,85,397.1464,514.2899,599.7221,404.4489,532.4435,483.3964,585.0804,417.3913,587.666,5,15,19,12,21,9,26,13,33,36.77282,110.205,138.96,86.66763,149.0842,63.0517,181.0963,90.43478,90.43478,11,36,35,20,14,23,21,13,16,80.9002,264.4919,255.9789,144.446,99.38947,161.1321,146.2701,90.43478,90.43478,31,29,29,38,30,49,45,33,28,227.9915,213.063,212.0968,274.4475,212.9774,343.2815,313.4359,229.5652,193.5841,,,,,,1,1,,,,,,,,7.005745,6.965243,,,15,12,9,18,22,12,19,5,6,110.3185,65.82316,130.0014,156.1834,84.06894,132.3396,34.78261,41.4823,88.16399,,1,,,1,1,2,1,1,,7.346999,,,7.099247,7.005745,13.93049,6.956522,6.913717,15,23,26,29,43,39,34,13,15,110.3185,168.981,190.1558,209.4468,305.2676,273.224,236.8183,90.43478,103.7057,3,1,4,4,2,1,1,2,9,22.06369,7.346999,29.25474,28.88921,14.19849,7.005745,6.965243,13.91304,62.22345,"{'type': 'MultiPolygon', 'coordinates': [[[[-79.4181246187129, 43.6827191081401], [-79.4178149031652, 43.6819338635759], [-79.4177008493252, 43.6816402841851], [-79.4176698768663, 43.6815784949994], [-79.4174830042983, 43.6810604161964], [-79.4170934939583, 43.6801132853893], [-79.4169852819449, 43.6798333198143], [-79.4167616413517, 43.6792570372884], [-79.41658150165, 43.6787871361015], [-79.416441811207, 43.6783414779386], [-79.4157900047459, 43.6767388371898], [-79.4155311585001, 43.676078570276], [-79.4148525468589, 43.6743474090583], [-79.4147838362956, 43.6741588344241], [-79.4146964245525, 43.6739190006507], [-79.4167525850442, 43.6734817917585], [-79.4171084415427, 43.6734081858796], [-79.4196288448811, 43.6728869095482], [-79.4218222095814, 43.6724335662819], [-79.4218563338425, 43.6724270640189], [-79.4229326761667, 43.6722217543491], [-79.4269763522755, 43.6714505285337], [-79.4293996646108, 43.670981289904], [-79.4329491140051, 43.6702938711568], [-79.4330122839547, 43.6702821706201], [-79.4330954970998, 43.6705009243147], [-79.4331800584053, 43.6707232349459], [-79.4333414174831, 43.6711147068748], [-79.4344846824249, 43.6738883709996], [-79.4346540488858, 43.6742992251606], [-79.4337854822265, 43.6744163458892], [-79.4339289588375, 43.674763277184], [-79.4340461293608, 43.6750465893772], [-79.4341013844023, 43.6751767446278], [-79.4345174680396, 43.6761848523597], [-79.4348295247878, 43.6769397731892], [-79.4352683495325, 43.6779976061691], [-79.43555773027, 43.678693337198], [-79.4357307933347, 43.6791114647701], [-79.4359148567384, 43.6795560896976], [-79.4356927912679, 43.679600611332], [-79.4358637052641, 43.6800248489594], [-79.4359189621859, 43.6801619794513], [-79.4349183168155, 43.6803774543436], [-79.4339505253675, 43.6805870886771], [-79.4338848772402, 43.6805985459477], [-79.4328187023612, 43.6808166293864], [-79.4327004285283, 43.6808051724873], [-79.4325338980769, 43.6808364440778], [-79.4324626969219, 43.6808674113527], [-79.4324145787757, 43.6809065303665], [-79.4309509161903, 43.6812138062973], [-79.4298747752956, 43.6814400026175], [-79.4290960873022, 43.6816036701232], [-79.4290369097893, 43.6814582529656], [-79.4278629525485, 43.6817011473675], [-79.4263473670377, 43.682026829914], [-79.4264036355081, 43.6821722912229], [-79.4262909108754, 43.6821967115171], [-79.4261964915679, 43.6819691966889], [-79.4247119973574, 43.6823042201859], [-79.4245827229482, 43.6823318501353], [-79.4246588803619, 43.6825088298321], [-79.4238626867775, 43.6826724597827], [-79.4235512537827, 43.682731957333], [-79.423548335895, 43.6827148980032], [-79.4234308081063, 43.682740391801], [-79.4233672276528, 43.68258630963], [-79.4227412598251, 43.6827147061102], [-79.422140314093, 43.6828379765941], [-79.4215307269224, 43.6829657471302], [-79.420696067166, 43.6831406970431], [-79.4207263153256, 43.6831718893113], [-79.4202781088015, 43.6832659929449], [-79.419728475389, 43.6833813919376], [-79.4191299834942, 43.6835054584161], [-79.4184903106764, 43.6836380700625], [-79.4184345886498, 43.6835052610832], [-79.4183046891158, 43.6831760896455], [-79.4182767416305, 43.6831047516045], [-79.4181246187129, 43.6827191081401]]]]}"
65,Corso Italia-Davenport,92,14670,72,84,70,89,91,93,85,114,99,499.7224,582.5243,483.6258,611.3477,618.6688,628.2935,575.9978,777.5732,674.8466,16,9,7,12,11,16,12,22,38,111.0494,62.41331,48.36258,82.4289,74.78415,108.0935,81.31734,150.058,150.058,13,7,9,12,5,10,15,12,7,90.22765,48.54369,62.18046,82.4289,33.99279,67.55844,101.6467,81.84981,81.84981,29,22,15,31,32,40,41,31,24,201.2771,152.5659,103.6341,212.9413,217.5539,270.2338,277.8343,211.4453,163.5992,,1,,,,,1,,,,7,,,,,6.776445,,,19,16,29,30,18,32,12,1,11,131.8712,200.3593,206.0723,122.3741,216.187,81.31734,6.820817,74.98296,110.957,,,1,1,,2,4,,3,,,6.90894,6.869075,,13.51169,27.10578,,20.4499,26,36,27,21,34,38,45,23,26,180.4553,249.6533,186.5414,144.2506,231.151,256.7221,304.94,156.8788,177.2325,2,4,2,3,5,5,6,4,3,13.88118,27.73925,13.81788,20.60723,33.99279,33.77922,40.65867,27.28327,20.4499,"{'type': 'MultiPolygon', 'coordinates': [[[[-79.4435591625879, 43.6814587751763], [-79.4424532966324, 43.6787663627219], [-79.4421862323594, 43.6788219734148], [-79.4410558016836, 43.6790630002601], [-79.4399619364557, 43.6792933862774], [-79.4388606993206, 43.6795317339559], [-79.4377849711614, 43.67976479139], [-79.4368146489803, 43.6799704078274], [-79.4359189621859, 43.6801619794513], [-79.4358637052641, 43.6800248489594], [-79.4356927912679, 43.679600611332], [-79.4359148567384, 43.6795560896976], [-79.4357307933347, 43.6791114647701], [-79.43555773027, 43.678693337198], [-79.4352683495325, 43.6779976061691], [-79.4348295247878, 43.6769397731892], [-79.4345174680396, 43.6761848523597], [-79.4341013844023, 43.6751767446278], [-79.4340461293608, 43.6750465893772], [-79.4339289588375, 43.674763277184], [-79.4337854822265, 43.6744163458892], [-79.4346540488858, 43.6742992251606], [-79.4359311870362, 43.6741507149562], [-79.437144235647, 43.673982829996], [-79.4373311102511, 43.6739727610895], [-79.4374745942141, 43.6739495265315], [-79.4376559389197, 43.6739143939552], [-79.4380946469712, 43.6737974707239], [-79.4383505829222, 43.6737169847393], [-79.4383989381584, 43.6737017806769], [-79.4395288261648, 43.6733310608622], [-79.4398105622626, 43.6732642306945], [-79.4409992850886, 43.6729988524036], [-79.4418652312819, 43.672798791016], [-79.4421148976654, 43.6727411115331], [-79.4426276044256, 43.6726308069731], [-79.443769493465, 43.6723851607332], [-79.4445522429468, 43.6722172720143], [-79.4447543836032, 43.6721739115312], [-79.4451054847489, 43.6721025567733], [-79.4456183177995, 43.6720186029152], [-79.4460516988683, 43.6719460323078], [-79.4472364458371, 43.6717408779646], [-79.447493772343, 43.6717047037872], [-79.4483070579689, 43.6715660489167], [-79.4494227114304, 43.6713826054756], [-79.4494702129197, 43.6713747953181], [-79.4511036510467, 43.6711061946824], [-79.4513825285318, 43.6710495786964], [-79.451787722609, 43.6715633300507], [-79.4518283464213, 43.6716128542428], [-79.4518693784024, 43.671662378547], [-79.4519111756628, 43.6717163953306], [-79.451953774786, 43.6717614199878], [-79.4519971141606, 43.6718109457875], [-79.4520412434448, 43.6718649716005], [-79.4520861446782, 43.671914497812], [-79.4521310586163, 43.6719640151737], [-79.4521771176462, 43.6720090415881], [-79.4522235820544, 43.6720585682069], [-79.4522712125516, 43.672108095292], [-79.4523188211149, 43.6721531219247], [-79.452367605379, 43.6722026492873], [-79.4524167896823, 43.6722476675045], [-79.452466718097, 43.672292694876], [-79.4525170546934, 43.6723377223501], [-79.4525685669899, 43.6723872514502], [-79.4526200586002, 43.6724322792111], [-79.4526723305198, 43.6724773076091], [-79.4527253842451, 43.6725223267593], [-79.4527792068917, 43.6725673553942], [-79.4528334265444, 43.6726123848762], [-79.4528880224371, 43.6726529129878], [-79.4529437791816, 43.6726979425164], [-79.4529995536289, 43.6727384721221], [-79.4530560962419, 43.6727789922899], [-79.4531134038059, 43.672824022018], [-79.4531711123727, 43.6728645516075], [-79.4532292015824, 43.6729095819525], [-79.4532880666567, 43.6729456116938], [-79.453347721959, 43.6729861333259], [-79.4534077505015, 43.6730266635792], [-79.4534681748369, 43.6730671937546], [-79.4535297404628, 43.6731077249354], [-79.4536246304853, 43.6731617716175], [-79.4537183633491, 43.6732203090013], [-79.4538120876837, 43.6732743550617], [-79.453905039168, 43.6733329015288], [-79.4539976075431, 43.6733914472391], [-79.4540893946132, 43.6734499922098], [-79.4541808099393, 43.6735085284766], [-79.4542718119477, 43.6735715745207], [-79.4543620502018, 43.6736301190318], [-79.4544518989403, 43.6736931646409], [-79.4545409715067, 43.6737517085521], [-79.4546296806318, 43.6738147530156], [-79.4547179805847, 43.6738777972797], [-79.4547710430909, 43.6739138324306], [-79.4548237187058, 43.6739543597589], [-79.4548756253223, 43.6739948856697], [-79.4549271350271, 43.6740354124934], [-79.4549778671644, 43.6740714376512], [-79.45502820836, 43.6741164640725], [-79.4550773998275, 43.6741569892009], [-79.4551265789605, 43.6741975141413], [-79.4551750002015, 43.6742380396201], [-79.4552226424911, 43.6742785644535], [-79.4552694982945, 43.6743235886744], [-79.4553159734171, 43.6743641129988], [-79.4553616769151, 43.6744091378136], [-79.4554065865815, 43.6744541617852], [-79.4554511241544, 43.6744991861123], [-79.4554945119756, 43.6745397082553], [-79.4555378686374, 43.6745892329293], [-79.455580090495, 43.6746297554891], [-79.4556219004983, 43.6746747780036], [-79.4556625654929, 43.6747243013706], [-79.4557032219574, 43.6747693235734], [-79.4557423415166, 43.6748143448025], [-79.4557814350689, 43.674859366567], [-79.4558193848563, 43.6749088892041], [-79.4558569377636, 43.6749584109679], [-79.4558937254174, 43.6750034312496], [-79.4559692740051, 43.6751081009113], [-79.4559994306955, 43.6751474842867], [-79.4560435748282, 43.6752060007629], [-79.456087321848, 43.6752645262631], [-79.4561299291478, 43.6753230426521], [-79.456172127184, 43.675381557998], [-79.4562131738969, 43.6754355819525], [-79.4562538313424, 43.6754985972987], [-79.4562936974331, 43.6755571126119], [-79.45633280668, 43.6756156356956], [-79.4563711321781, 43.6756786510136], [-79.456408683493, 43.675732673603], [-79.4564458554805, 43.675795687721], [-79.4564818651828, 43.675854201302], [-79.4565014218369, 43.6758888097864], [-79.4566032812318, 43.6758672994112], [-79.4570735403462, 43.6766573062733], [-79.457231716679, 43.6770203085468], [-79.4579614168402, 43.6780310220034], [-79.458789826202, 43.6792793835904], [-79.4595119226085, 43.6803895399968], [-79.4602671118657, 43.6815359332853], [-79.4602133121541, 43.6815670316706], [-79.4594883884659, 43.6817250382324], [-79.4589291788769, 43.6818468968676], [-79.4582989838161, 43.6819850906815], [-79.4576326883205, 43.6821311980035], [-79.4569371379184, 43.6822828444739], [-79.4563483436525, 43.6824111600302], [-79.4557395374397, 43.6825436320299], [-79.4531809628526, 43.6831003881676], [-79.452599743782, 43.6832268420598], [-79.4514060247057, 43.6834875943259], [-79.4502006454339, 43.6837523357468], [-79.4490051445563, 43.6840121896443], [-79.4483720767784, 43.6841496971376], [-79.4478349780887, 43.6842663803313], [-79.4473030507875, 43.684382208361], [-79.4467974096518, 43.6844923117656], [-79.4462787646387, 43.6846060438626], [-79.4457734912984, 43.6847168455243], [-79.4449524426905, 43.684896182536], [-79.4444315143886, 43.6836200935553], [-79.4435591625879, 43.6814587751763]]]]}"
66,Weston-Pelham Park,91,12175,92,95,83,77,87,115,102,92,101,780.3223,821.5151,730.3124,666.7821,739.6072,962.5848,847.1761,763.2321,829.5688,23,16,16,7,14,13,19,16,29,195.0806,138.3604,140.7831,60.61656,119.0173,108.8139,157.8073,132.736,132.736,16,13,4,6,,9,6,2,3,135.7082,112.4178,35.19578,51.95705,,75.33272,49.83389,16.592,16.592,26,23,15,8,23,24,29,23,14,220.5259,198.8931,131.9842,69.27606,195.5284,200.8873,240.8638,190.808,114.9897,1,1,1,,1,1,,,,8.481764207,9,9,,8.501233,8.370302,,,,11,13,15,10,25,5,4,6,11,93.29941,131.9842,86.59509,212.5308,41.85151,33.22259,49.77601,90.34908,112.4178,1,1,4,2,4,3,4,4,4,8.481764,8.647527,35.19578,17.31902,34.00493,25.11091,33.22259,33.18401,32.85421,22,28,21,11,27,24,36,17,22,186.5988,242.1308,184.7778,95.25459,229.5333,200.8873,299.0033,141.032,180.6982,4,4,8,1,2,3,3,1,3,33.92706,34.59011,70.39156,8.659508,17.00247,25.11091,24.91694,8.296001,24.64066,"{'type': 'MultiPolygon', 'coordinates': [[[[-79.458789826202, 43.6792793835904], [-79.4579614168402, 43.6780310220034], [-79.457231716679, 43.6770203085468], [-79.4570735403462, 43.6766573062733], [-79.4566032812318, 43.6758672994112], [-79.4565014218369, 43.6758888097864], [-79.4564818651828, 43.675854201302], [-79.4564458554805, 43.675795687721], [-79.456408683493, 43.675732673603], [-79.4563711321781, 43.6756786510136], [-79.45633280668, 43.6756156356956], [-79.4562936974331, 43.6755571126119], [-79.4562538313424, 43.6754985972987], [-79.4562131738969, 43.6754355819525], [-79.456172127184, 43.675381557998], [-79.4561299291478, 43.6753230426521], [-79.456087321848, 43.6752645262631], [-79.4560435748282, 43.6752060007629], [-79.4559994306955, 43.6751474842867], [-79.4559692740051, 43.6751081009113], [-79.4558937254174, 43.6750034312496], [-79.4558569377636, 43.6749584109679], [-79.4558193848563, 43.6749088892041], [-79.4557814350689, 43.674859366567], [-79.4557423415166, 43.6748143448025], [-79.4557032219574, 43.6747693235734], [-79.4556625654929, 43.6747243013706], [-79.4556219004983, 43.6746747780036], [-79.455580090495, 43.6746297554891], [-79.4555378686374, 43.6745892329293], [-79.4554945119756, 43.6745397082553], [-79.4554511241544, 43.6744991861123], [-79.4554065865815, 43.6744541617852], [-79.4553616769151, 43.6744091378136], [-79.4553159734171, 43.6743641129988], [-79.4552694982945, 43.6743235886744], [-79.4552226424911, 43.6742785644535], [-79.4551750002015, 43.6742380396201], [-79.4551265789605, 43.6741975141413], [-79.4550773998275, 43.6741569892009], [-79.45502820836, 43.6741164640725], [-79.4549778671644, 43.6740714376512], [-79.4549271350271, 43.6740354124934], [-79.4548756253223, 43.6739948856697], [-79.4548237187058, 43.6739543597589], [-79.4547710430909, 43.6739138324306], [-79.4547179805847, 43.6738777972797], [-79.4546296806318, 43.6738147530156], [-79.4545409715067, 43.6737517085521], [-79.4544518989403, 43.6736931646409], [-79.4543620502018, 43.6736301190318], [-79.4542718119477, 43.6735715745207], [-79.4541808099393, 43.6735085284766], [-79.4540893946132, 43.6734499922098], [-79.4539976075431, 43.6733914472391], [-79.453905039168, 43.6733329015288], [-79.4538120876837, 43.6732743550617], [-79.4537183633491, 43.6732203090013], [-79.4536246304853, 43.6731617716175], [-79.4535297404628, 43.6731077249354], [-79.4534681748369, 43.6730671937546], [-79.4534077505015, 43.6730266635792], [-79.453347721959, 43.6729861333259], [-79.4532880666567, 43.6729456116938], [-79.4532292015824, 43.6729095819525], [-79.4531711123727, 43.6728645516075], [-79.4531134038059, 43.672824022018], [-79.4530560962419, 43.6727789922899], [-79.4529995536289, 43.6727384721221], [-79.4529437791816, 43.6726979425164], [-79.4528880224371, 43.6726529129878], [-79.4528334265444, 43.6726123848762], [-79.4527792068917, 43.6725673553942], [-79.4527253842451, 43.6725223267593], [-79.4526723305198, 43.6724773076091], [-79.4526200586002, 43.6724322792111], [-79.4525685669899, 43.6723872514502], [-79.4525170546934, 43.6723377223501], [-79.452466718097, 43.672292694876], [-79.4524167896823, 43.6722476675045], [-79.452367605379, 43.6722026492873], [-79.4523188211149, 43.6721531219247], [-79.4522712125516, 43.672108095292], [-79.4522235820544, 43.6720585682069], [-79.4521771176462, 43.6720090415881], [-79.4521310586163, 43.6719640151737], [-79.4520861446782, 43.671914497812], [-79.4520412434448, 43.6718649716005], [-79.4519971141606, 43.6718109457875], [-79.451953774786, 43.6717614199878], [-79.4519111756628, 43.6717163953306], [-79.4518693784024, 43.671662378547], [-79.4518283464213, 43.6716128542428], [-79.451787722609, 43.6715633300507], [-79.4513825285318, 43.6710495786964], [-79.4512542499647, 43.6708869330448], [-79.4505201078727, 43.6699560961327], [-79.45046359955, 43.669879559661], [-79.4504070913458, 43.6698030240626], [-79.4503513800732, 43.6697219882999], [-79.4502964100185, 43.6696454617968], [-79.4502422329274, 43.6695689271113], [-79.450188829211, 43.6694878919454], [-79.4501358057232, 43.6694113665492], [-79.4500839527714, 43.6693303316543], [-79.4500324924352, 43.6692538066989], [-79.4499817796468, 43.6691727728131], [-79.4499322533136, 43.6690962488306], [-79.4498827325712, 43.669015223864], [-79.4498347353651, 43.668934190728], [-79.4497871486173, 43.6688531667401], [-79.4497403300112, 43.6687721342432], [-79.4496942815604, 43.6686911112732], [-79.4496490136677, 43.6686100790641], [-79.4496041301617, 43.6685290565527], [-79.4495604005477, 43.6684480253665], [-79.4495174634183, 43.6683670031136], [-79.4494748999717, 43.6682859724075], [-79.4494335177605, 43.6682004503702], [-79.4493924913545, 43.6681194197766], [-79.4493526557886, 43.6680383900184], [-79.4493135799461, 43.6679528605114], [-79.4492748981219, 43.6678718310724], [-79.4492373851056, 43.6677863110382], [-79.4492006247839, 43.6677052824347], [-79.4491642738501, 43.6676242548718], [-79.4491290808395, 43.6675387257639], [-79.4490186374377, 43.6672694831304], [-79.449126199647, 43.6672641836178], [-79.4492362584532, 43.6672552316931], [-79.4493467253253, 43.6672462788963], [-79.4494571754901, 43.6672418277055], [-79.4495680268016, 43.6672328754085], [-79.4496784811931, 43.6672239221213], [-79.4497938721514, 43.667214053366], [-79.4499926690806, 43.6671991804903], [-79.4500915657992, 43.6671909965491], [-79.4501873486151, 43.6671850527779], [-79.4502830938355, 43.6671791714438], [-79.4503792092782, 43.6671747122599], [-79.4504753288647, 43.6671657529125], [-79.4504934092685, 43.6671657603511], [-79.4505718176075, 43.6671612941259], [-79.4506679495707, 43.6671523338837], [-79.4507644506816, 43.6671478751021], [-79.4508609464137, 43.6671479163048], [-79.450957450642, 43.6671389473591], [-79.4510539475814, 43.6671389893155], [-79.4511504486746, 43.6671345293071], [-79.4512473288852, 43.6671345708921], [-79.4513434332572, 43.6671301026431], [-79.4514403271277, 43.6671301433492], [-79.4515368106571, 43.6671301757121], [-79.451633679711, 43.6671302168182], [-79.4517301645083, 43.6671302481346], [-79.451790363025, 43.6671345670661], [-79.4518266576295, 43.6671347805216], [-79.4519235226274, 43.6671393223664], [-79.4520200198456, 43.6671393536062], [-79.4521165003796, 43.6671438945818], [-79.452207587056, 43.6671482264669], [-79.4522129931815, 43.6671484896654], [-79.4531012651582, 43.6671509100603], [-79.4549690805921, 43.6671804560978], [-79.4564324925677, 43.6671974593734], [-79.458080577646, 43.6672166457136], [-79.4585620664766, 43.667222257609], [-79.4594744270668, 43.6672328920634], [-79.4600491419002, 43.6672345428632], [-79.4609200661031, 43.6681209263075], [-79.4617559817857, 43.6689712412855], [-79.4644943279906, 43.6717550750451], [-79.4656785158165, 43.672959121747], [-79.4661469146314, 43.6734337574546], [-79.4682951093209, 43.6757092331539], [-79.4687108117286, 43.6761495386618], [-79.4687874938031, 43.6762185732275], [-79.4690846286694, 43.6764860107757], [-79.4694422349085, 43.676810658564], [-79.4695265814814, 43.676882232623], [-79.4698079587005, 43.6771294299392], [-79.4702224546912, 43.6774659000206], [-79.4705881892038, 43.6777787543772], [-79.4709702217138, 43.6780974989451], [-79.4713441361777, 43.6783867333107], [-79.4717343029283, 43.6786995902313], [-79.4721569869993, 43.6790242362097], [-79.4724228889345, 43.6792277575761], [-79.4717823556077, 43.6792440915382], [-79.4705693661031, 43.6794993151238], [-79.4704808580994, 43.6792767444646], [-79.4703882028422, 43.6792940658376], [-79.4683353110657, 43.6797289002506], [-79.4666814043548, 43.6800794540717], [-79.4660906697789, 43.6802046596725], [-79.4660127528286, 43.6802102992114], [-79.4653321533968, 43.6803650968331], [-79.4654801941435, 43.6807283539095], [-79.4648684985018, 43.6808586326099], [-79.4637880606082, 43.6810910424701], [-79.4627094248934, 43.6813232898571], [-79.4616595462649, 43.6815510808644], [-79.461110985565, 43.6816701987942], [-79.4611438094199, 43.6817566762681], [-79.4605062404267, 43.6818962488054], [-79.4604431873817, 43.6819100432812], [-79.4602133121541, 43.6815670316706], [-79.4602671118657, 43.6815359332853], [-79.4595119226085, 43.6803895399968], [-79.458789826202, 43.6792793835904]]]]}"
67,Junction Area,90,15049,101,101,107,90,133,93,103,115,113,702.4621,702.4133,742.2823,616.6918,898.8916,621.8656,686.3007,768.2031,750.8804,25,24,20,24,38,31,35,25,44,173.8768,166.9101,138.7444,164.4511,256.8262,207.2885,233.209,167.0007,167.0007,25,20,26,23,26,22,21,15,10,173.8768,139.0917,180.3677,157.599,175.7232,147.108,139.9254,100.2004,100.2004,36,33,33,46,62,42,51,45,56,250.3825,229.5014,228.9282,315.198,419.0322,280.8425,339.8188,300.6012,372.1177,1,,,,,,,,,6.955070246,,,,,,,,,15,15,12,14,26,15,12,9,22,104.3261,83.24662,95.92983,175.7232,100.3009,79.95736,60.12024,146.1891,104.3188,1,1,1,,1,2,,,,6.95507,6.954587,6.937218,,6.758584,13.37345,,,,34,38,34,47,64,53,52,36,34,236.4724,264.2743,235.8654,322.0502,432.5493,354.3965,346.4819,240.481,225.9286,4,2,4,8,6,9,6,5,13,27.82028,13.90917,27.74887,54.81705,40.5515,60.18054,39.97868,33.40014,86.38448,"{'type': 'MultiPolygon', 'coordinates': [[[[-79.4738288285242, 43.6793879787409], [-79.473454159574, 43.6790235817789], [-79.4726386713225, 43.6792212118934], [-79.4724228889345, 43.6792277575761], [-79.4721569869993, 43.6790242362097], [-79.4717343029283, 43.6786995902313], [-79.4713441361777, 43.6783867333107], [-79.4709702217138, 43.6780974989451], [-79.4705881892038, 43.6777787543772], [-79.4702224546912, 43.6774659000206], [-79.4698079587005, 43.6771294299392], [-79.4695265814814, 43.676882232623], [-79.4694422349085, 43.676810658564], [-79.4690846286694, 43.6764860107757], [-79.4687874938031, 43.6762185732275], [-79.4687108117286, 43.6761495386618], [-79.4682951093209, 43.6757092331539], [-79.4661469146314, 43.6734337574546], [-79.4656785158165, 43.672959121747], [-79.4644943279906, 43.6717550750451], [-79.4617559817857, 43.6689712412855], [-79.4609200661031, 43.6681209263075], [-79.4600491419002, 43.6672345428632], [-79.4593211919646, 43.6664929637168], [-79.4578206728792, 43.6649681063013], [-79.4572819401943, 43.6644205437324], [-79.4560227957981, 43.6631390755954], [-79.4564308254956, 43.6630552498108], [-79.4582336084735, 43.6626701965678], [-79.4588335018965, 43.6625417852875], [-79.4593848048433, 43.6624261172303], [-79.4599320126385, 43.6623112818073], [-79.4605080130295, 43.6621903875301], [-79.4610737434213, 43.6620544812289], [-79.4617295122472, 43.661896989811], [-79.4624013659622, 43.6617684577443], [-79.4629616582382, 43.6616684736628], [-79.4634518194232, 43.661553081007], [-79.4640264255813, 43.6614178205167], [-79.4650696788697, 43.6611759624089], [-79.4659460268496, 43.6609953715727], [-79.4666327509297, 43.6608692048226], [-79.4673338607726, 43.660710200586], [-79.4682480371972, 43.6605028598818], [-79.4692840113932, 43.6602708986816], [-79.4694406565886, 43.6603914869601], [-79.4700238991573, 43.6608416099604], [-79.4700974593356, 43.6608945840768], [-79.4701534178324, 43.6609371301235], [-79.4701988463438, 43.6610131494232], [-79.4702359420806, 43.6611162156071], [-79.4708262959554, 43.6625513346679], [-79.4717329568694, 43.6623582042938], [-79.4722552909338, 43.6622469406937], [-79.4732011324876, 43.6620590746461], [-79.4733968825698, 43.6620152475121], [-79.4734767968438, 43.661978189777], [-79.4736296648275, 43.6619188069832], [-79.473728795916, 43.6618570991572], [-79.4738220203031, 43.6618086750423], [-79.4741326333221, 43.6616157930688], [-79.4742822430892, 43.6615176221462], [-79.4744741251184, 43.6614063996078], [-79.4746415867752, 43.6613114179759], [-79.474788776735, 43.6612425280602], [-79.4749597262375, 43.6611946693595], [-79.4750320050341, 43.661178473305], [-79.475222509524, 43.6611262264277], [-79.4765615371177, 43.6608430743122], [-79.477670233776, 43.6605623913369], [-79.4788022687635, 43.6603459259677], [-79.4800184413072, 43.6600687053304], [-79.4801381702567, 43.6604565494299], [-79.4802496938672, 43.6604228317609], [-79.4802610284158, 43.6604540864392], [-79.4802613011154, 43.6604548788066], [-79.4805496161017, 43.6603875167319], [-79.4808097179311, 43.6603360462381], [-79.4810553428626, 43.6610578146197], [-79.4812274605755, 43.6616183479731], [-79.4813350583951, 43.6618971733541], [-79.4818588442317, 43.663196151259], [-79.4818820778684, 43.6632450772957], [-79.4818945300878, 43.6632757379828], [-79.4820585020909, 43.6636752252562], [-79.4822471362233, 43.6641273028737], [-79.4822685113116, 43.6641317348306], [-79.4826774105259, 43.6651051301485], [-79.4823078521913, 43.6651937545986], [-79.4824268636736, 43.6654908714076], [-79.4822283442557, 43.6654952689896], [-79.4822710825565, 43.6655906267976], [-79.482109019066, 43.6655878567996], [-79.4822757147337, 43.6659863083324], [-79.4824217573361, 43.6663353853577], [-79.4826315540811, 43.6668368188523], [-79.482720388581, 43.6670491646079], [-79.4827621603743, 43.6671489870113], [-79.4828360137921, 43.6673254783937], [-79.4828825193965, 43.6674366157467], [-79.4830919774239, 43.6679371659406], [-79.4833340513304, 43.6684795592218], [-79.4835673194051, 43.6690021832298], [-79.4839435125344, 43.6699218759736], [-79.4833854658412, 43.6700436919358], [-79.4823865450719, 43.6702665141426], [-79.4817197417217, 43.6704150580483], [-79.4812027967366, 43.6705309922889], [-79.4803186883123, 43.6707224633584], [-79.4800789629417, 43.6707791575168], [-79.4802636194942, 43.6712414260079], [-79.4804008751293, 43.6715749666277], [-79.4807812950233, 43.6725163717797], [-79.4785720491644, 43.6730094682938], [-79.478842826527, 43.6736510252452], [-79.4785870386391, 43.6737153276986], [-79.4782451172256, 43.6737961582076], [-79.4783691256545, 43.6740866185646], [-79.4750461752939, 43.674801187078], [-79.4741951486784, 43.6749903858846], [-79.4735036483657, 43.6752108502779], [-79.4737749962046, 43.6755547360755], [-79.473860446524, 43.6756630151711], [-79.4738808358614, 43.6756888530393], [-79.473659646494, 43.6762953387314], [-79.4736254513683, 43.6765574402872], [-79.473659498491, 43.6766613053628], [-79.4737146425077, 43.676735273011], [-79.4747095384327, 43.6775096104906], [-79.4758341263997, 43.6783780765736], [-79.475841635708, 43.6784866067008], [-79.4760050421008, 43.6788756874604], [-79.4744194588681, 43.6792479707421], [-79.4738288285242, 43.6793879787409]]]]}"
68,Oakridge,121,15183,169,184,143,167,163,165,158,190,187,1205.507,1312.785,1018.373,1168.649,1118.123,1112.685,1055.515,1265.317,1231.641,21,15,11,11,15,9,21,20,22,149.7967,107.0205,78.33642,76.97691,102.8948,60.69189,140.2899,133.1913,133.1913,14,15,4,11,12,10,6,8,7,99.86447,107.0205,28.48597,76.97691,82.31582,67.43543,40.08284,53.2765,53.2765,63,67,59,69,65,50,36,28,35,449.3901,478.0251,420.1681,482.8551,445.8773,337.1772,240.497,186.4678,230.521,,1,,,,,1,,,,7,,,,,6.680473,,,48,34,30,37,37,33,26,22,12,342.3925,213.6448,258.9223,253.8071,222.5369,173.6923,146.5104,79.03577,242.5799,3,12,3,7,4,2,8,3,1,21.39953,85.61644,21.36448,48.98531,27.43861,13.48709,53.44378,19.97869,6.586314,34,77,71,56,60,50,48,66,34,242.528,549.3721,505.626,391.8824,411.5791,337.1772,320.6627,439.5312,223.9347,2,4,10,1,4,6,4,5,7,14.26635,28.53881,71.21493,6.9979,27.43861,40.46126,26.72189,33.29782,46.10419,"{'type': 'MultiPolygon', 'coordinates': [[[[-79.2789192006275, 43.7070249989446], [-79.2783973309302, 43.7057798959808], [-79.2780709665868, 43.7050023356613], [-79.2779157215906, 43.7046324867993], [-79.2775126070245, 43.7036797284571], [-79.2773025182318, 43.7031042094605], [-79.2769976287089, 43.7024052691924], [-79.276874892734, 43.702115035171], [-79.2765320610259, 43.7013057534865], [-79.2764611065757, 43.7011382725218], [-79.2760911302877, 43.7002113974076], [-79.2750528742524, 43.7004448681749], [-79.2750211819437, 43.7004462553594], [-79.2749824936327, 43.7004505090782], [-79.2746580103048, 43.7005187562408], [-79.2743381562066, 43.7005795317104], [-79.2742964134345, 43.7005911870078], [-79.2733144080429, 43.7008116750812], [-79.2731917658564, 43.7008345912903], [-79.2731389805994, 43.7008461792382], [-79.2730933582667, 43.7008631822448], [-79.2730114556724, 43.7009038589399], [-79.2720209837423, 43.7011265146823], [-79.2708291297441, 43.7014033238568], [-79.2698507397524, 43.7016290274723], [-79.2698428635764, 43.7016218375449], [-79.2698115750668, 43.7015922500532], [-79.2697809201482, 43.7015622957878], [-79.2697508993357, 43.7015319999676], [-79.2697217360531, 43.7015013182559], [-79.2696930695386, 43.7014703235238], [-79.2690875506231, 43.7009251097362], [-79.2687630778225, 43.700733149621], [-79.2686246457982, 43.7005900276821], [-79.2684771616353, 43.7004489131131], [-79.2683125085977, 43.7003140461153], [-79.2682285636318, 43.7002175534703], [-79.2680814651296, 43.7001123720624], [-79.2679685194192, 43.7000175573745], [-79.2678713693892, 43.6999288326694], [-79.2677992937489, 43.6998368999637], [-79.2677066225917, 43.6997159599101], [-79.2676549726489, 43.6995942748852], [-79.2676169819525, 43.699465937822], [-79.2675895000402, 43.699370054868], [-79.2675492622327, 43.6991974633792], [-79.2675703378206, 43.6990215039219], [-79.2675893769039, 43.6988912582582], [-79.2676386611032, 43.6987194431951], [-79.2676687355469, 43.6986035223729], [-79.2680090243716, 43.6981327534357], [-79.268452970383, 43.6975404416765], [-79.2689174196546, 43.6969147393096], [-79.269460990553, 43.6962809674076], [-79.2698635224326, 43.6958478888239], [-79.2700890110406, 43.6956631321878], [-79.2706176553126, 43.6952547080619], [-79.2710720734252, 43.694913848445], [-79.2712683455298, 43.694776657466], [-79.2716582929276, 43.6945149953945], [-79.2721017030746, 43.6942116631493], [-79.2725803738838, 43.6939257001974], [-79.2730529091996, 43.6936566281715], [-79.2732990451427, 43.6935318903574], [-79.2736989204957, 43.6932979291958], [-79.2744686320207, 43.6929120166887], [-79.2753428465937, 43.692519841988], [-79.276305386801, 43.6921142320436], [-79.27702207916, 43.6918536403842], [-79.2772410622622, 43.6917743518026], [-79.2774778833505, 43.6916983110435], [-79.2778855822517, 43.6915619336575], [-79.2781049472482, 43.6914993143142], [-79.2784932758291, 43.6913875420031], [-79.2791278007927, 43.6912024611764], [-79.2797382606073, 43.6910465938536], [-79.2799739470487, 43.6909875489177], [-79.2802971573298, 43.6909092469649], [-79.280638672685, 43.6908352910359], [-79.2810314729374, 43.6907500548497], [-79.2815759409987, 43.6906254654356], [-79.2822954284429, 43.6904623488303], [-79.2826138513539, 43.6903922851637], [-79.2828837889241, 43.6903245056393], [-79.2832648018389, 43.6902346754689], [-79.2834643118262, 43.6901955472916], [-79.2840844747455, 43.6900471099233], [-79.2849385212676, 43.6898471987333], [-79.2855937041746, 43.689695830274], [-79.2859104695756, 43.6896297068108], [-79.286026529889, 43.6896077531962], [-79.286538692151, 43.6894926389443], [-79.2873597655906, 43.689320282779], [-79.2875571217533, 43.6892994334143], [-79.2877597163854, 43.6897874099959], [-79.2879275175009, 43.6901878745892], [-79.2883618134092, 43.6912409311382], [-79.2885368433061, 43.6916836048415], [-79.2885413428768, 43.6916949819153], [-79.2886998250297, 43.6920958063106], [-79.2890252369279, 43.6928777823835], [-79.289183610314, 43.6932366952922], [-79.2894362163666, 43.6938515795847], [-79.2896799461284, 43.6945191953587], [-79.2896870049479, 43.6945367242704], [-79.2898236809384, 43.6949585154743], [-79.2899924138282, 43.6953703732975], [-79.2902360840955, 43.695983736234], [-79.2904876951616, 43.6965591466127], [-79.2907720653658, 43.6972339891625], [-79.2909622709706, 43.6976642750394], [-79.2907925804791, 43.6976780600663], [-79.2905812283373, 43.6976881603386], [-79.2904930985138, 43.6977010229549], [-79.2902727031896, 43.697753870674], [-79.2901051325053, 43.6978105057697], [-79.28995647924, 43.6979349270029], [-79.2897864506217, 43.6980557264444], [-79.2895427533002, 43.6982325853956], [-79.2893509842988, 43.6983294372969], [-79.2891320277912, 43.6984167510798], [-79.2888590727462, 43.6985053240456], [-79.2886460051237, 43.6985793166151], [-79.2884152947671, 43.6985612471999], [-79.2882078950383, 43.698547550308], [-79.2879629943701, 43.6985854601204], [-79.2878154875024, 43.6985415931048], [-79.2876614810286, 43.6984163602132], [-79.2874727115079, 43.6983337109389], [-79.2873827931476, 43.6983009770196], [-79.2872069054957, 43.6982874624579], [-79.2869692668261, 43.6982997299231], [-79.2867818343236, 43.6982707919065], [-79.2866558419482, 43.6982581082659], [-79.2865269582135, 43.6982425026172], [-79.2863534599662, 43.6982968526907], [-79.286193320843, 43.6983554212489], [-79.2861337754373, 43.6983747255254], [-79.2859986481463, 43.6984015847966], [-79.2856607792041, 43.6984551663896], [-79.2854493224089, 43.6985251956761], [-79.2852825672672, 43.6985876397635], [-79.2850793438754, 43.6987314402766], [-79.2848132081427, 43.6988088727571], [-79.2845314745329, 43.6988417996868], [-79.284376943951, 43.69884750305], [-79.284142250728, 43.6989095107127], [-79.2839548272831, 43.6989777650909], [-79.2837061254742, 43.699057316074], [-79.283480812904, 43.6990908329883], [-79.2831482144468, 43.6991362892448], [-79.2828814405468, 43.6991694566626], [-79.2826724269309, 43.6992413398717], [-79.2823538506583, 43.6993508909805], [-79.2822540442572, 43.6993803782036], [-79.2820128926874, 43.6994738291978], [-79.2819010105336, 43.6995216193566], [-79.2818670360512, 43.6996360329991], [-79.2818718341617, 43.6996745585532], [-79.2819474891782, 43.6999109147952], [-79.2819655375495, 43.6999803397988], [-79.2820502194882, 43.7001604192972], [-79.2820851618114, 43.7002582306169], [-79.282179983535, 43.7004891141977], [-79.282271105731, 43.7007580029228], [-79.2823067604434, 43.7008756098131], [-79.2823368716689, 43.700974960106], [-79.2823772852302, 43.7011555669203], [-79.2823682199376, 43.7013364213261], [-79.2823085557721, 43.7015381701819], [-79.2821901239033, 43.7017182584304], [-79.2820965214444, 43.7018867816942], [-79.2820204443506, 43.7020537991097], [-79.2819170844265, 43.7022305040289], [-79.2819193509817, 43.7022864066388], [-79.2819344708344, 43.7023253385668], [-79.2819677974833, 43.7024004099312], [-79.2820020852705, 43.7024227623249], [-79.2820591389728, 43.7024520360386], [-79.2821388357662, 43.7024918379116], [-79.2822280344407, 43.7025151237479], [-79.2822876159323, 43.7025109970623], [-79.282451699578, 43.7025359908971], [-79.2825163852425, 43.7025443507362], [-79.282617217014, 43.7025794494123], [-79.282761855317, 43.7026359735614], [-79.2828954907839, 43.7027093538633], [-79.2829599755135, 43.70275614762], [-79.2830397352986, 43.702827165957], [-79.283121581972, 43.7029109073369], [-79.2831654444041, 43.702979120887], [-79.2832055025017, 43.703073395463], [-79.2832098475251, 43.7031108309782], [-79.2832137146548, 43.7032287910245], [-79.2831600449446, 43.7033823952144], [-79.2830677431531, 43.7034762289154], [-79.2829989696154, 43.7035515927421], [-79.2829445905846, 43.7036125092458], [-79.2828089230922, 43.7036720376426], [-79.2826768884754, 43.703742329582], [-79.2825745672729, 43.703820383522], [-79.2825384961838, 43.7039376730972], [-79.2825382525287, 43.7041081390929], [-79.2825328326359, 43.7041347358635], [-79.2825088192759, 43.7042527423713], [-79.2824845174241, 43.7044093996048], [-79.2824852061746, 43.7045004481721], [-79.2824983885893, 43.7047219405348], [-79.2824424194782, 43.7049168740922], [-79.2823664177731, 43.705130680973], [-79.2822485577831, 43.7053082224894], [-79.2822195461716, 43.7055043228641], [-79.2822630185307, 43.7056494430254], [-79.2823979916363, 43.7057765371771], [-79.2825484388488, 43.7059205738663], [-79.282593990113, 43.706047217854], [-79.2825369713939, 43.7061307587958], [-79.2824214732478, 43.7061661481559], [-79.2823586715609, 43.7061777752752], [-79.28231035937, 43.7061729658569], [-79.2821663884081, 43.7061763101644], [-79.2819846681715, 43.7061880707342], [-79.2817934868911, 43.7062319655321], [-79.2815478527285, 43.7063732211323], [-79.2813750958033, 43.7064994032844], [-79.2811892746645, 43.7066453095441], [-79.2810414153141, 43.7068067436418], [-79.2809639372413, 43.7069704626565], [-79.2809588838073, 43.7071180199033], [-79.2809797237407, 43.7072525933493], [-79.2810125336235, 43.7073880797617], [-79.2810966378487, 43.7075277339854], [-79.281191986528, 43.7077248735694], [-79.2812582767248, 43.7079897274497], [-79.2812632648154, 43.7081842364879], [-79.2811239930767, 43.708326963897], [-79.2810476924969, 43.7085012260609], [-79.2810211300909, 43.7087147842854], [-79.2809705072505, 43.7089145153904], [-79.2809427331307, 43.7091679655192], [-79.2810086795773, 43.7093464698441], [-79.2810933667557, 43.7095652094142], [-79.2811810202656, 43.7097364733751], [-79.2812901879981, 43.7099389321195], [-79.2812546448265, 43.710104091405], [-79.2811480377748, 43.710288719385], [-79.281021117556, 43.7104838840421], [-79.2809697608382, 43.7106429735899], [-79.2810241526119, 43.7107748562435], [-79.2812000535877, 43.7108388044219], [-79.281458193189, 43.7108435837023], [-79.2816707222697, 43.7108537378925], [-79.2818875955297, 43.7109013452005], [-79.2820181103344, 43.7109946139056], [-79.2821528234497, 43.7111793780575], [-79.2822357488167, 43.7113589129956], [-79.2823481665326, 43.7115534556979], [-79.2824584897171, 43.7117267061797], [-79.2817187448381, 43.7118930252479], [-79.281006464564, 43.7120542441607], [-79.280946478769, 43.7119111982201], [-79.2807355800151, 43.7114082525844], [-79.2803265303229, 43.710360566354], [-79.2797311641661, 43.7089171658496], [-79.2795316338385, 43.7084362483072], [-79.2793078528562, 43.7078968926166], [-79.2793049110286, 43.7078903070698], [-79.2789192006275, 43.7070249989446]]]]}"
69,Clairlea-Birchmount,120,28338,257,269,255,255,299,295,197,239,254,973.4111,1006.172,939.4688,928.7587,1073.493,1047.883,697.8392,847.8184,896.3229,44,30,49,40,48,71,54,50,68,166.654,112.2125,180.5254,145.6877,172.3333,252.2023,191.2859,177.3679,177.3679,26,21,8,17,10,6,5,12,7,98.47739,78.54872,29.47353,61.91725,35.90277,21.31287,17.71165,42.56829,42.56829,130,115,87,102,65,65,60,57,77,492.3869,430.1477,320.5246,371.5035,233.368,230.8895,212.5399,202.1994,271.7199,,2,1,,3,1,1,2,1,,7,4,,10.77083,3.552145,3.542331,7.094715,3.528831,52,48,47,57,30,40,31,9,19,196.9548,173.157,207.6049,107.7083,142.0858,109.8123,31.92621,67.04778,179.5399,3,5,,,8,3,2,3,4,11.36278,18.70208,,,28.72222,10.65644,7.084661,10.64207,14.11532,106,101,109,108,144,130,111,143,106,401.4847,377.7819,401.5768,393.3566,516.9999,461.7789,393.1987,507.2721,374.056,4,15,18,7,12,15,6,15,16,15.15037,56.10623,66.31544,25.49534,43.08333,53.28218,21.25398,53.21036,56.46129,"{'type': 'MultiPolygon', 'coordinates': [[[[-79.2760341560681, 43.7253674428423], [-79.2753342631318, 43.723727987063], [-79.2751005262605, 43.7231873000618], [-79.2749406089463, 43.7228177630198], [-79.2748483341704, 43.7226045132465], [-79.2745098154876, 43.7218359136001], [-79.2741421612847, 43.7209822923679], [-79.2737538598185, 43.7200971517881], [-79.2731142195707, 43.7185926476007], [-79.2726689407585, 43.7175746125015], [-79.2723275633244, 43.7167728215619], [-79.2718238987072, 43.7156106465488], [-79.2714491308185, 43.7148267883997], [-79.2712611036559, 43.7144139022747], [-79.2712398987022, 43.7143673056822], [-79.271120436755, 43.7141667976488], [-79.2689419264311, 43.7147227252844], [-79.266740114288, 43.7152673299321], [-79.2657191349481, 43.7155262783893], [-79.2647182774367, 43.7157942686252], [-79.2636927524361, 43.7160082010817], [-79.2626733561554, 43.7162401313875], [-79.2613372559877, 43.7165344086089], [-79.2599235229316, 43.7168555113286], [-79.2593746390797, 43.7169803749916], [-79.2557848239861, 43.717773899577], [-79.2547801710323, 43.7179877786998], [-79.2544764859378, 43.7180548253909], [-79.2543360462404, 43.7180858390615], [-79.2542785655922, 43.7180968774047], [-79.2553924535298, 43.7164259606064], [-79.2565307483998, 43.7147405737911], [-79.2565357795989, 43.7147331225036], [-79.2565815667321, 43.7146667907333], [-79.2574672294152, 43.7133835904846], [-79.2576164665402, 43.7131526198569], [-79.2589234387901, 43.7111296858246], [-79.2591678684021, 43.710761860945], [-79.2625408252056, 43.7056865583], [-79.2626858930736, 43.7054678047775], [-79.2656306947548, 43.7009998505189], [-79.2657762134639, 43.7008187643748], [-79.265830332682, 43.7007166651563], [-79.2659338648838, 43.7005675551473], [-79.2662588989652, 43.7000569749471], [-79.2667445410828, 43.6993137679247], [-79.267385651072, 43.6984542811655], [-79.2684241000132, 43.6972312613234], [-79.269102644501, 43.6965457548629], [-79.2698635224326, 43.6958478888239], [-79.269460990553, 43.6962809674076], [-79.2689174196546, 43.6969147393096], [-79.268452970383, 43.6975404416765], [-79.2680090243716, 43.6981327534357], [-79.2676687355469, 43.6986035223729], [-79.2676386611032, 43.6987194431951], [-79.2675893769039, 43.6988912582582], [-79.2675703378206, 43.6990215039219], [-79.2675492622327, 43.6991974633792], [-79.2675895000402, 43.699370054868], [-79.2676169819525, 43.699465937822], [-79.2676549726489, 43.6995942748852], [-79.2677066225917, 43.6997159599101], [-79.2677992937489, 43.6998368999637], [-79.2678713693892, 43.6999288326694], [-79.2679685194192, 43.7000175573745], [-79.2680814651296, 43.7001123720624], [-79.2682285636318, 43.7002175534703], [-79.2683125085977, 43.7003140461153], [-79.2684771616353, 43.7004489131131], [-79.2686246457982, 43.7005900276821], [-79.2687630778225, 43.700733149621], [-79.2690875506231, 43.7009251097362], [-79.2696930695386, 43.7014703235238], [-79.2697217360531, 43.7015013182559], [-79.2697508993357, 43.7015319999676], [-79.2697809201482, 43.7015622957878], [-79.2698115750668, 43.7015922500532], [-79.2698428635764, 43.7016218375449], [-79.2698507397524, 43.7016290274723], [-79.2708291297441, 43.7014033238568], [-79.2720209837423, 43.7011265146823], [-79.2730114556724, 43.7009038589399], [-79.2730933582667, 43.7008631822448], [-79.2731389805994, 43.7008461792382], [-79.2731917658564, 43.7008345912903], [-79.2733144080429, 43.7008116750812], [-79.2742964134345, 43.7005911870078], [-79.2742966123004, 43.7005911332871], [-79.2743381562066, 43.7005795317104], [-79.2746580103048, 43.7005187562408], [-79.2749824936327, 43.7004505090782], [-79.2750211819437, 43.7004462553594], [-79.2750528742524, 43.7004448681749], [-79.2760911302877, 43.7002113974076], [-79.2764611065757, 43.7011382725218], [-79.2765320610259, 43.7013057534865], [-79.276874892734, 43.702115035171], [-79.2769976287089, 43.7024052691924], [-79.2773025182318, 43.7031042094605], [-79.2775126070245, 43.7036797284571], [-79.2779157215906, 43.7046324867993], [-79.2780709665868, 43.7050023356613], [-79.2783973309302, 43.7057798959808], [-79.2789192006275, 43.7070249989446], [-79.2793078528562, 43.7078968926166], [-79.2795316338385, 43.7084362483072], [-79.2797311641661, 43.7089171658496], [-79.2803265303229, 43.710360566354], [-79.2807355800151, 43.7114082525844], [-79.281006464564, 43.7120542441607], [-79.2817187448381, 43.7118930252479], [-79.2824584897171, 43.7117267061797], [-79.2823481665326, 43.7115534556979], [-79.2822357488167, 43.7113589129956], [-79.2821528234497, 43.7111793780575], [-79.2820181103344, 43.7109946139056], [-79.2818875955297, 43.7109013452005], [-79.2816707222697, 43.7108537378925], [-79.281458193189, 43.7108435837023], [-79.2812000535877, 43.7108388044219], [-79.2810241526119, 43.7107748562435], [-79.2809697608382, 43.7106429735899], [-79.281021117556, 43.7104838840421], [-79.2811480377748, 43.710288719385], [-79.2812546448265, 43.710104091405], [-79.2812901879981, 43.7099389321195], [-79.2811810202656, 43.7097364733751], [-79.2810933667557, 43.7095652094142], [-79.2810086795773, 43.7093464698441], [-79.2809427331307, 43.7091679655192], [-79.2809705072505, 43.7089145153904], [-79.2810211300909, 43.7087147842854], [-79.2810476924969, 43.7085012260609], [-79.2811239930767, 43.708326963897], [-79.2812632648154, 43.7081842364879], [-79.2812582767248, 43.7079897274497], [-79.281191986528, 43.7077248735694], [-79.2810966378487, 43.7075277339854], [-79.2810125336235, 43.7073880797617], [-79.2809797237407, 43.7072525933493], [-79.2809588838073, 43.7071180199033], [-79.2809639372413, 43.7069704626565], [-79.2810414153141, 43.7068067436418], [-79.2811892746645, 43.7066453095441], [-79.2813750958033, 43.7064994032844], [-79.2815478527285, 43.7063732211323], [-79.2817934868911, 43.7062319655321], [-79.2819846681715, 43.7061880707342], [-79.2821663884081, 43.7061763101644], [-79.28231035937, 43.7061729658569], [-79.2823586715609, 43.7061777752752], [-79.2824214732478, 43.7061661481559], [-79.2825369713939, 43.7061307587958], [-79.282593990113, 43.706047217854], [-79.2825484388488, 43.7059205738663], [-79.2823979916363, 43.7057765371771], [-79.2822630185307, 43.7056494430254], [-79.2822195461716, 43.7055043228641], [-79.2822485577831, 43.7053082224894], [-79.2823664177731, 43.705130680973], [-79.2824424194782, 43.7049168740922], [-79.2824983885893, 43.7047219405348], [-79.2824852061746, 43.7045004481721], [-79.2824845174241, 43.7044093996048], [-79.2825088192759, 43.7042527423713], [-79.2825328326359, 43.7041347358635], [-79.2825382525287, 43.7041081390929], [-79.2825384961838, 43.7039376730972], [-79.2825745672729, 43.703820383522], [-79.2826768884754, 43.703742329582], [-79.2828089230922, 43.7036720376426], [-79.2829445905846, 43.7036125092458], [-79.2829989696154, 43.7035515927421], [-79.2830677431531, 43.7034762289154], [-79.2831600449446, 43.7033823952144], [-79.2832137146548, 43.7032287910245], [-79.2832098475251, 43.7031108309782], [-79.2832055025017, 43.703073395463], [-79.2831654444041, 43.702979120887], [-79.283121581972, 43.7029109073369], [-79.2830397352986, 43.702827165957], [-79.2829599755135, 43.70275614762], [-79.2828954907839, 43.7027093538633], [-79.282761855317, 43.7026359735614], [-79.282617217014, 43.7025794494123], [-79.2825163852425, 43.7025443507362], [-79.282451699578, 43.7025359908971], [-79.2822876159323, 43.7025109970623], [-79.2822280344407, 43.7025151237479], [-79.2821388357662, 43.7024918379116], [-79.2820591389728, 43.7024520360386], [-79.2820020852705, 43.7024227623249], [-79.2819677974833, 43.7024004099312], [-79.2819344708344, 43.7023253385668], [-79.2819193509817, 43.7022864066388], [-79.2819170844265, 43.7022305040289], [-79.2820204443506, 43.7020537991097], [-79.2820965214444, 43.7018867816942], [-79.2821901239033, 43.7017182584304], [-79.2823085557721, 43.7015381701819], [-79.2823682199376, 43.7013364213261], [-79.2823772852302, 43.7011555669203], [-79.2823368716689, 43.700974960106], [-79.282271105731, 43.7007580029228], [-79.282179983535, 43.7004891141977], [-79.2820851618114, 43.7002582306169], [-79.2820502194882, 43.7001604192972], [-79.2819655375495, 43.6999803397988], [-79.2819474891782, 43.6999109147952], [-79.2818718341617, 43.6996745585532], [-79.2818670360512, 43.6996360329991], [-79.2819010105336, 43.6995216193566], [-79.2820128926874, 43.6994738291978], [-79.2822540442572, 43.6993803782036], [-79.2823538506583, 43.6993508909805], [-79.2826724269309, 43.6992413398717], [-79.2828814405468, 43.6991694566626], [-79.2831482144468, 43.6991362892448], [-79.283480812904, 43.6990908329883], [-79.2837061254742, 43.699057316074], [-79.2839548272831, 43.6989777650909], [-79.284142250728, 43.6989095107127], [-79.284376943951, 43.69884750305], [-79.2845314745329, 43.6988417996868], [-79.2848132081427, 43.6988088727571], [-79.2850793438754, 43.6987314402766], [-79.2852825672672, 43.6985876397635], [-79.2854493224089, 43.6985251956761], [-79.2856607792041, 43.6984551663896], [-79.2859986481463, 43.6984015847966], [-79.2861337754373, 43.6983747255254], [-79.286193320843, 43.6983554212489], [-79.2863534599662, 43.6982968526907], [-79.2865269582135, 43.6982425026172], [-79.2866558419482, 43.6982581082659], [-79.2867818343236, 43.6982707919065], [-79.2869692668261, 43.6982997299231], [-79.2872069054957, 43.6982874624579], [-79.2873827931476, 43.6983009770196], [-79.2874727115079, 43.6983337109389], [-79.2876614810286, 43.6984163602132], [-79.2878154875024, 43.6985415931048], [-79.2879629943701, 43.6985854601204], [-79.2882078950383, 43.698547550308], [-79.2884152947671, 43.6985612471999], [-79.2886460051237, 43.6985793166151], [-79.2888590727462, 43.6985053240456], [-79.2891320277912, 43.6984167510798], [-79.2893509842988, 43.6983294372969], [-79.2895427533002, 43.6982325853956], [-79.2897864506217, 43.6980557264444], [-79.28995647924, 43.6979349270029], [-79.2901051325053, 43.6978105057697], [-79.2902727031896, 43.697753870674], [-79.2904930985138, 43.6977010229549], [-79.2905812283373, 43.6976881603386], [-79.2907925804791, 43.6976780600663], [-79.2909622709706, 43.6976642750394], [-79.2911597108283, 43.6980808731316], [-79.2912980985198, 43.6983614165319], [-79.2914880007521, 43.6987165584213], [-79.2917127992793, 43.6991164627209], [-79.2919154257701, 43.6994926981993], [-79.2920802793249, 43.6998139930152], [-79.2922264061992, 43.7001155766205], [-79.2923269420051, 43.7003484244291], [-79.2924444543249, 43.7006230333241], [-79.292788751728, 43.7014246993328], [-79.2928645442276, 43.7015983281542], [-79.2931419367615, 43.7022314760649], [-79.2934792814746, 43.7030250712057], [-79.2936710638623, 43.7034736363676], [-79.2938280146896, 43.7038292445861], [-79.2942211475702, 43.704721736902], [-79.2944969797502, 43.7053660667736], [-79.2947520697548, 43.7059490605067], [-79.2950886143721, 43.7067568987437], [-79.2952868266632, 43.7072333128694], [-79.2957250514651, 43.708200761606], [-79.2959887843517, 43.7087851264719], [-79.296193217515, 43.7092861507633], [-79.296368372906, 43.7097203415558], [-79.2964508564407, 43.7099248352833], [-79.2967649606391, 43.7107034008311], [-79.296824448197, 43.7108508663807], [-79.2970853445795, 43.7114734703047], [-79.2974078211215, 43.7122429928328], [-79.2977114842349, 43.7129676104704], [-79.297779487724, 43.7131264318513], [-79.2980624263545, 43.7137873189243], [-79.2983710266226, 43.71451692965], [-79.2986419118885, 43.7151564605852], [-79.2986655781946, 43.7152119403747], [-79.2989647703869, 43.7159131338171], [-79.2991644841675, 43.7163815504928], [-79.2992899267533, 43.716678812518], [-79.2997932106532, 43.717867833917], [-79.3001826430632, 43.7187776234855], [-79.3005619200683, 43.7197143979453], [-79.3005957720063, 43.719794424499], [-79.3010267922854, 43.7208133878779], [-79.3016588464235, 43.7222817614726], [-79.302103498409, 43.7233895777204], [-79.3026482317967, 43.7247316233282], [-79.3022988330021, 43.724721730176], [-79.3019882519219, 43.724747701236], [-79.3014098154506, 43.7248285378526], [-79.3012577109986, 43.7248462849145], [-79.3005420067382, 43.7249760782284], [-79.3003575952329, 43.7250122740154], [-79.3002944014231, 43.7250246758294], [-79.2995331569955, 43.7251874171684], [-79.2994171591615, 43.7252122196064], [-79.2981190753887, 43.725516057772], [-79.2975182708857, 43.7256596983954], [-79.2974312289144, 43.7256768898588], [-79.2943219133914, 43.7263645226174], [-79.2942308742931, 43.7263849446471], [-79.2914672788743, 43.7270048832988], [-79.2899430788177, 43.7273467680633], [-79.2876193652881, 43.7278555893045], [-79.2861565922143, 43.7281859439528], [-79.2848327403652, 43.7284805547496], [-79.2828744311111, 43.7289180288731], [-79.2812415975887, 43.7292660448284], [-79.2807283969189, 43.7293730943133], [-79.2792298983516, 43.7297033006145], [-79.2778627350864, 43.7299707062691], [-79.2778147176456, 43.7297365810253], [-79.2777198169929, 43.7293853486118], [-79.2776110398277, 43.7290070847574], [-79.2774542457342, 43.7286107170049], [-79.2770540627284, 43.7277368082271], [-79.2767346782394, 43.7269913053408], [-79.2760341560681, 43.7253674428423]]]]}"
70,Wexford/Maryvale,119,29642,189,220,202,204,202,242,163,212,209,670.403,778.4855,711.468,710.3559,693.229,821.7039,552.0371,719.0584,705.0806,59,52,42,67,86,97,88,92,128,209.2792,184.0057,147.929,233.3032,295.1371,329.3606,298.0323,312.0442,312.0442,19,10,8,5,7,6,11,10,10,67.395,35.3857,28.17695,17.41068,24.02279,20.37282,37.25404,33.91785,33.91785,124,92,76,87,100,86,80,70,75,439.8411,325.5485,267.681,302.9459,343.1827,292.0105,270.9385,237.425,253.0194,1,,2,,2,1,1,1,,3.547105562,,7,,6.863654,3.39547,3.386731,3.391785,,51,36,24,35,35,31,29,28,39,180.9024,84.53085,121.8748,120.1139,105.2596,98.21519,94.96999,131.5701,127.3885,3,3,4,6,5,3,3,4,5,10.64132,10.61571,14.08848,20.89282,17.15913,10.18641,10.16019,13.56714,16.86796,110,126,117,129,91,88,132,136,110,390.1816,445.8599,412.0879,449.1956,312.2962,298.8014,447.0485,461.2828,371.0951,17,16,13,11,13,14,11,15,22,60.30079,56.61713,45.78754,38.3035,44.61375,47.53659,37.25404,50.87678,74.21902,"{'type': 'MultiPolygon', 'coordinates': [[[[-79.2931132783774, 43.7696598352852], [-79.2922563472192, 43.7676377690238], [-79.2920275445662, 43.7671396876231], [-79.2919048704192, 43.7668518134547], [-79.291609493292, 43.7661586620235], [-79.2914390695498, 43.7657626501981], [-79.2914061533396, 43.7656776636472], [-79.2913704397336, 43.7655861192747], [-79.2913418153077, 43.7654917799071], [-79.2913148289416, 43.7654090726012], [-79.2913014066907, 43.7653077404841], [-79.2912934656853, 43.7652231687927], [-79.2912863495247, 43.7651444042183], [-79.2913004966201, 43.7650728796665], [-79.2913111668194, 43.7650009438705], [-79.2913116343755, 43.7649987035379], [-79.2913298060042, 43.7649128026244], [-79.2913623659738, 43.7648107796439], [-79.2913972548853, 43.7647142243129], [-79.2914122126225, 43.7646485165522], [-79.2914355659688, 43.7645869184677], [-79.2914576260112, 43.7645184240095], [-79.2914745684255, 43.7644534752148], [-79.2914855825668, 43.764386247173], [-79.2915004867523, 43.7643397389973], [-79.2915098849376, 43.7642764682278], [-79.2915126873888, 43.7642170838757], [-79.2915190649544, 43.7641544828332], [-79.2915235828335, 43.7640875132969], [-79.2915171780845, 43.7640181835382], [-79.291512514613, 43.7639412779858], [-79.2914945771749, 43.7638565442145], [-79.2914797037719, 43.7637867222734], [-79.2914498092928, 43.7637010578946], [-79.2914341114326, 43.7636254189287], [-79.2913660388713, 43.7634357211547], [-79.2909710709577, 43.7624988490036], [-79.2908441921058, 43.7621565633299], [-79.290831524859, 43.7621242171077], [-79.2906995360713, 43.7617872318342], [-79.2905270650957, 43.7613818446218], [-79.2901791630416, 43.7605350588309], [-79.2897627568125, 43.7595171232327], [-79.2895940784176, 43.7591387636679], [-79.2895224990797, 43.758967609349], [-79.2893055505324, 43.7584091358548], [-79.2890760089771, 43.7579046459888], [-79.288680646354, 43.7568777797484], [-79.2882549896835, 43.7558598571488], [-79.2880587274857, 43.7553824209636], [-79.2877523096286, 43.7546617568178], [-79.2872351691552, 43.7534006192652], [-79.2866419089502, 43.7519503112573], [-79.2861425998811, 43.7507161956166], [-79.2856055101353, 43.7494099968448], [-79.2852160471084, 43.7484911335625], [-79.2848399561193, 43.7475272978511], [-79.2841299614111, 43.7457797064823], [-79.2835632260084, 43.7443384318176], [-79.2834608448066, 43.7441042067965], [-79.2832277728396, 43.7435366889248], [-79.2826600254826, 43.7421674257998], [-79.2820933543699, 43.7407171601433], [-79.2817533833877, 43.7398884090062], [-79.2815788819942, 43.7394603465033], [-79.2814134081166, 43.7390596458915], [-79.2813340933325, 43.7388711616667], [-79.2813071253225, 43.7388070752911], [-79.2812580030278, 43.7386903079324], [-79.2798738381098, 43.7352492190516], [-79.279009817204, 43.7331267728572], [-79.2789057141041, 43.7328710624206], [-79.2787472492377, 43.7325017052505], [-79.2784495905337, 43.7317900495792], [-79.2782235650765, 43.7312225609471], [-79.2781567601365, 43.7310334146523], [-79.2781099812479, 43.7308803113745], [-79.2780592430685, 43.730754195677], [-79.2780048733194, 43.7305560717527], [-79.277962808143, 43.7303939681596], [-79.2779138220663, 43.730213848182], [-79.2778627350864, 43.7299707062691], [-79.2792298983516, 43.7297033006145], [-79.2807283969189, 43.7293730943133], [-79.2812415975887, 43.7292660448284], [-79.2828744311111, 43.7289180288731], [-79.2848327403652, 43.7284805547496], [-79.2861565922143, 43.7281859439528], [-79.2876193652881, 43.7278555893045], [-79.2899430788177, 43.7273467680633], [-79.2914672788743, 43.7270048832988], [-79.2942308742931, 43.7263849446471], [-79.2943219133914, 43.7263645226174], [-79.2974312289144, 43.7256768898588], [-79.2975182708857, 43.7256596983954], [-79.2981190753887, 43.725516057772], [-79.2994171591615, 43.7252122196064], [-79.2995331569955, 43.7251874171684], [-79.3002944014231, 43.7250246758294], [-79.3003575952329, 43.7250122740154], [-79.3005420067382, 43.7249760782284], [-79.3012577109986, 43.7248462849145], [-79.3014098154506, 43.7248285378526], [-79.3019882519219, 43.724747701236], [-79.3022988330021, 43.724721730176], [-79.3026482317967, 43.7247316233282], [-79.3034741517307, 43.7266953083528], [-79.3039532833384, 43.7278280189013], [-79.3039891562438, 43.7279113598265], [-79.3041388275156, 43.7282807392182], [-79.3042230520525, 43.7284886227436], [-79.3042537997882, 43.728564546754], [-79.3043900390112, 43.7289008231138], [-79.3045110464237, 43.7291995112943], [-79.3050027936756, 43.7303928437472], [-79.3051161016053, 43.7306677911564], [-79.3056134261962, 43.7318748117339], [-79.3058955175016, 43.7325596465972], [-79.3062293347404, 43.733370053853], [-79.3067636195807, 43.7346671627169], [-79.307431150278, 43.7362795982806], [-79.3076544234356, 43.7368333332155], [-79.3077398644955, 43.7370452313781], [-79.3083365678092, 43.7384955198384], [-79.3084679378162, 43.7388079029685], [-79.3089010665092, 43.73983774614], [-79.3092328541469, 43.7406754680184], [-79.3093515613765, 43.7409277085478], [-79.3097969784179, 43.7421526437139], [-79.3100326131865, 43.7427291125575], [-79.3103109128663, 43.7435577051158], [-79.3105806648312, 43.7443862731623], [-79.3107937782647, 43.7449717225396], [-79.3109421632832, 43.7454130363724], [-79.311054788068, 43.7457374913565], [-79.3111328738001, 43.7459624342533], [-79.311177699847, 43.7460525029726], [-79.3114175679445, 43.746737035505], [-79.3117143075862, 43.7476286715907], [-79.3118211111158, 43.7479709022117], [-79.3119740583277, 43.7484392255834], [-79.3121148140695, 43.7488445198836], [-79.3124371866706, 43.7497451877408], [-79.3127562868985, 43.7506908555105], [-79.313027943611, 43.7515067822016], [-79.3132660466562, 43.7522219113313], [-79.3135390946096, 43.7530144717845], [-79.3138077149951, 43.7537350326971], [-79.3140220322687, 43.7543497038087], [-79.3144985222219, 43.7557164910111], [-79.3146186155726, 43.756071971846], [-79.3148392620851, 43.7567252128731], [-79.3152486671268, 43.7578780277189], [-79.3156263073394, 43.7587757862362], [-79.3158964853823, 43.7593821281376], [-79.3160865134492, 43.7597617712142], [-79.31617976824, 43.7599687687526], [-79.3163283333274, 43.7603480830982], [-79.3166216306398, 43.7610008340183], [-79.3169006795691, 43.7616123992455], [-79.3170464581877, 43.7619347671524], [-79.3170897723441, 43.7620302484235], [-79.317243280899, 43.762388435034], [-79.317534946069, 43.7630295427956], [-79.3179584234379, 43.7639757559626], [-79.3180428718917, 43.7642279054844], [-79.3181212337934, 43.7644154528593], [-79.3181674809832, 43.7645238287567], [-79.3185994081678, 43.7654302493766], [-79.3188314381998, 43.766016324096], [-79.319057698923, 43.7665938022173], [-79.3191198113598, 43.7667638244778], [-79.3191828805451, 43.7669336779988], [-79.3192469437941, 43.7671033615271], [-79.3193120267276, 43.7672728034081], [-79.3193786105865, 43.7674433639755], [-79.3194607715912, 43.7676295661479], [-79.3195436552086, 43.7678156699388], [-79.3195994013201, 43.767939245402], [-79.3196274582956, 43.7680014783595], [-79.3196339368676, 43.7680157013488], [-79.3197147349826, 43.768193170395], [-79.3197973690765, 43.7683719106892], [-79.3195994612258, 43.7683738128244], [-79.3194956571387, 43.7683748189327], [-79.3170031749181, 43.76838506848], [-79.3168665484701, 43.7683839770847], [-79.3167299202979, 43.7683834788446], [-79.3165931777909, 43.7683836018128], [-79.3164565334358, 43.7683843004999], [-79.3163199124145, 43.7683856287262], [-79.316183151992, 43.7683874526397], [-79.3160465269509, 43.7683899419575], [-79.3159098884954, 43.768392953129], [-79.3157733585451, 43.7683966131026], [-79.3156368397414, 43.7684008934325], [-79.3155002083637, 43.7684057310697], [-79.3153638216996, 43.7684111006686], [-79.3152274090968, 43.7684171720112], [-79.3150910079163, 43.7684237205554], [-79.3149546039013, 43.7684309441727], [-79.3148184595162, 43.7684387431913], [-79.3146821637523, 43.7684470647307], [-79.3145461395025, 43.7684560248735], [-79.314409977758, 43.7684655437566], [-79.3142740614611, 43.768475655841], [-79.3141656741043, 43.7684842561402], [-79.3140023604832, 43.768497735329], [-79.3138666864686, 43.7685095666092], [-79.3137311360534, 43.7685220379147], [-79.3135955701376, 43.7685351471931], [-79.3134602640376, 43.768548779659], [-79.3133249429119, 43.7685630771165], [-79.3131897705295, 43.7685778709125], [-79.313054818238, 43.7685932305292], [-79.3129198891279, 43.7686092214883], [-79.3127851830422, 43.7686258062238], [-79.3126504984557, 43.7686429934656], [-79.3125160483379, 43.7686606765137], [-79.3123817086499, 43.7686789804891], [-79.3122475154048, 43.7686979500422], [-79.3121135434613, 43.7687173530836], [-79.311979595206, 43.7687374568056], [-79.3118196665911, 43.7687639455089], [-79.3116597116754, 43.7687910548547], [-79.3115000157657, 43.7688186684094], [-79.311340565908, 43.7688468490087], [-79.3111812258923, 43.7688756684705], [-79.3110221692023, 43.768905010511], [-79.3108631982914, 43.7689349190301], [-79.3107046100782, 43.7689653506984], [-79.3105460198644, 43.7689964213793], [-79.3103878007316, 43.7690279421097], [-79.3102296914395, 43.7690600566885], [-79.310071852751, 43.7690927476856], [-79.3099142483413, 43.7691260694874], [-79.3097567789535, 43.7691598405527], [-79.3095996427605, 43.7691942150758], [-79.3094607763351, 43.7692251186509], [-79.3092858994279, 43.7692645406454], [-79.3091294033443, 43.7693005626654], [-79.3089733037781, 43.7693371890847], [-79.30881728824, 43.7693743099368], [-79.3087257484638, 43.7693964078739], [-79.3086615445639, 43.7694119171977], [-79.3085059968562, 43.7694501907196], [-79.3083508820254, 43.7694889242243], [-79.3081958531306, 43.7695282602375], [-79.3080412061323, 43.7695681455181], [-79.3078892674451, 43.7696079005263], [-79.3041167042394, 43.770483377856], [-79.3039317591485, 43.7705262941005], [-79.3024755509943, 43.7708602406955], [-79.2994540391319, 43.7715529838395], [-79.2991683973897, 43.7716184704341], [-79.2944282554699, 43.7727354589585], [-79.2943554087904, 43.7725702828414], [-79.2942663034254, 43.7723682441355], [-79.2939524243381, 43.7716360099683], [-79.2936097294997, 43.7708656739663], [-79.2934014876766, 43.7703592698537], [-79.2932181916401, 43.7699253791802], [-79.2931132783774, 43.7696598352852]]]]}"
71,Tam O'Shanter-Sullivan,118,29443,105,95,102,125,132,114,135,119,118,375.523,341.3092,366.9593,443.2781,460.3634,392.4133,462.2813,407.6739,400.7744,23,19,21,18,31,25,38,58,77,82.25743,68.26184,75.55044,63.83205,108.1156,86.05556,130.1236,198.6982,198.6982,2,2,3,5,4,6,13,7,9,7.15282,7.185457,10.79292,17.73112,13.95041,20.65333,44.51598,23.98082,23.98082,49,68,62,54,77,67,54,15,35,175.2441,244.3055,223.0537,191.4962,268.5453,230.6289,184.9125,51.38746,118.8738,,1,,,1,2,1,,1,,4,,,3.487602,6.884445,3.424306,,3.396393,26,38,26,26,17,29,18,13,32,92.98666,93.53864,92.20185,59.28923,99.82445,61.6375,44.5358,108.6846,136.5237,,3,2,2,4,3,2,5,1,,10.77818,7.19528,7.09245,13.95041,10.32667,6.848611,17.12915,3.396393,67,57,43,78,56,60,57,58,67,239.6195,204.7855,154.6985,276.6056,195.3057,206.5333,195.1854,198.6982,227.5583,4,7,8,8,3,3,3,5,5,14.30564,25.1491,28.78112,28.3698,10.4628,10.32667,10.27292,17.12915,16.98197,"{'type': 'MultiPolygon', 'coordinates': [[[[-79.3164565334358, 43.7683843004999], [-79.3165931777909, 43.7683836018128], [-79.3167299202979, 43.7683834788446], [-79.3168665484701, 43.7683839770847], [-79.3170031749181, 43.76838506848], [-79.3194956571387, 43.7683748189327], [-79.3195994612258, 43.7683738128244], [-79.3196096411702, 43.7683960621286], [-79.3196773066424, 43.7685629423797], [-79.3198892054264, 43.7685717198422], [-79.3199190349221, 43.7686439737981], [-79.3199319966038, 43.7686747967854], [-79.3199551701901, 43.768729929561], [-79.3199921893053, 43.768815561568], [-79.3200300526231, 43.7689011321437], [-79.3200685875133, 43.7689864613761], [-79.3201079428244, 43.7690716468922], [-79.3201481809194, 43.7691565914677], [-79.3201891648926, 43.7692413480115], [-79.320230882068, 43.769325881222], [-79.3202735193098, 43.7694102622736], [-79.3203167290368, 43.769494391517], [-79.3203385043688, 43.7695358495375], [-79.3203608220311, 43.769578351852], [-79.3204057719986, 43.7696620618579], [-79.3204513874692, 43.769743395646], [-79.3205079758934, 43.7698439290317], [-79.3205637069262, 43.7699446496683], [-79.320576406208, 43.7699680001484], [-79.3206186662492, 43.7700456479529], [-79.3206729060644, 43.770146878735], [-79.3207263868272, 43.7702483342316], [-79.3207791351874, 43.7703499500085], [-79.3208311366989, 43.770451753766], [-79.3208822320663, 43.7705537989871], [-79.3209326312723, 43.7706560410392], [-79.3209812147433, 43.7707587939075], [-79.3210267907236, 43.7708621535294], [-79.3210724053403, 43.7709655587177], [-79.3211180315471, 43.7710689991711], [-79.3211435085829, 43.7711267820077], [-79.3215213194896, 43.771950052258], [-79.322075025285, 43.7731776754427], [-79.3222135641067, 43.7735100437694], [-79.3225527719192, 43.7742196552545], [-79.3230203344156, 43.7752532279587], [-79.3216513417602, 43.7755931889632], [-79.3204113234201, 43.7758973408784], [-79.3203181008244, 43.7759152060105], [-79.3187929724844, 43.7762729344677], [-79.317767365911, 43.7765233907733], [-79.318074902788, 43.7770099253936], [-79.3182409522759, 43.7772982169287], [-79.3183876276496, 43.7775774867977], [-79.318515356217, 43.7778533587674], [-79.3185210711078, 43.7778657266041], [-79.3185444147797, 43.7779188524668], [-79.3185944329071, 43.7780327153907], [-79.3191858539357, 43.7793789474363], [-79.3194697031534, 43.7800094686857], [-79.3198011810176, 43.780820086226], [-79.3201682125877, 43.7816847568313], [-79.3198744774909, 43.7817563040018], [-79.3196957523008, 43.7818010280196], [-79.3194882504019, 43.7818637176496], [-79.3193514273005, 43.7819175082604], [-79.3192580599816, 43.7819803689867], [-79.3190932304551, 43.7820521175362], [-79.3189881542568, 43.7821329608189], [-79.3188535307373, 43.7822317601973], [-79.3187313310087, 43.7823305792563], [-79.3186044584239, 43.7824293906446], [-79.3184347610807, 43.7825731401965], [-79.3182946116158, 43.7826989334603], [-79.3181996624048, 43.782770791719], [-79.3173955848349, 43.7834253514109], [-79.3173115270302, 43.7834979734535], [-79.3171924624081, 43.7835890911405], [-79.3170491487259, 43.7836960653695], [-79.3168803115455, 43.7838038087121], [-79.316693459054, 43.7839322613766], [-79.3164889844531, 43.7840372110847], [-79.3162517981119, 43.7841538540651], [-79.3161575418861, 43.7841928033549], [-79.3160966599513, 43.7842180348123], [-79.316035107257, 43.7842436065946], [-79.3159822999006, 43.7842650611003], [-79.3159344592702, 43.7842840578505], [-79.3158678508309, 43.78430909944], [-79.3157766185071, 43.7843419596767], [-79.3156875672874, 43.7843722040093], [-79.315589842086, 43.784403487279], [-79.3155102164066, 43.7844274733069], [-79.3154561745674, 43.7844423817], [-79.3153221117897, 43.7844764054476], [-79.3152325004222, 43.7844993670913], [-79.3151070592596, 43.7845295155749], [-79.3149912783314, 43.7845576193873], [-79.3149058746324, 43.7845774005995], [-79.3147920005161, 43.7846036703695], [-79.3144401760677, 43.784682021471], [-79.31295452894, 43.7850216708209], [-79.3124136879499, 43.7851558107318], [-79.3109559761327, 43.7854864782876], [-79.3099084362402, 43.7857367723445], [-79.3092261155608, 43.7859066485781], [-79.3090348890323, 43.7859693375821], [-79.3088910644667, 43.786023103819], [-79.3087526126475, 43.7860948811239], [-79.3086359325246, 43.786157694151], [-79.3085083640757, 43.786229490003], [-79.3084375491512, 43.7862743766024], [-79.3083409434824, 43.7863732275118], [-79.3082723321859, 43.7864631235992], [-79.3082161635396, 43.7865440399343], [-79.3081381634983, 43.7866519132207], [-79.3080647789, 43.7867778063256], [-79.3080334006727, 43.7868767665721], [-79.3080143592237, 43.787002750353], [-79.3079680021639, 43.7871736856393], [-79.3078903280238, 43.7876686090523], [-79.3078907069171, 43.7877946255929], [-79.3078437108608, 43.7879205626828], [-79.3078169039422, 43.7880465241414], [-79.3078118404674, 43.7881725321022], [-79.3077601546623, 43.788307452888], [-79.3076999216506, 43.7884423686041], [-79.307647550791, 43.7885502852727], [-79.3075827855379, 43.7886491893272], [-79.3075219409298, 43.7887300963523], [-79.3074314832408, 43.7888469503209], [-79.3073309662277, 43.7889547946795], [-79.3072553434183, 43.7890446780793], [-79.3071130062799, 43.7891164471095], [-79.3070094258769, 43.7892062843652], [-79.3069012567164, 43.7892781101105], [-79.3067271022208, 43.7893408149757], [-79.3066318203356, 43.7893885935615], [-79.3066018767365, 43.7894036108869], [-79.3064408870344, 43.7894753475277], [-79.3062411150158, 43.7895290158104], [-79.3059869479613, 43.7896005941243], [-79.3055859308506, 43.7896899238687], [-79.3037852273373, 43.7901009176644], [-79.3022984745564, 43.7904494087689], [-79.301488640455, 43.7906460394181], [-79.3005452515983, 43.7908424309446], [-79.2993864881795, 43.7911194469107], [-79.2988386092235, 43.7912444993925], [-79.2986046604848, 43.7913071046843], [-79.2984740230354, 43.7913608812192], [-79.298110837904, 43.7915222605666], [-79.2978967148311, 43.7916929038879], [-79.2976964297269, 43.791908576824], [-79.2974974724495, 43.7921872597339], [-79.2972648272332, 43.7925648947434], [-79.2965918822959, 43.7936258240024], [-79.2963850867206, 43.7939224934926], [-79.2962322666815, 43.7941022436696], [-79.2960398452867, 43.7942819234688], [-79.2957736654702, 43.7944524697423], [-79.2955681976444, 43.7945871195006], [-79.2952695990396, 43.7946945983242], [-79.2948933351184, 43.794801946485], [-79.2947702326049, 43.7948294666611], [-79.2946936025866, 43.7948465932096], [-79.2934545725765, 43.795159409716], [-79.2933232818057, 43.7951681729528], [-79.2931469271189, 43.7951858562559], [-79.292749251315, 43.7951941460246], [-79.2919927089982, 43.7952107829517], [-79.2913538851162, 43.7953266426506], [-79.2906543538526, 43.79547840024], [-79.2904429157407, 43.7955320193172], [-79.2902174979225, 43.7955856133817], [-79.2898007582472, 43.7957108721613], [-79.2894344984214, 43.7958452144523], [-79.2892113072211, 43.7959258139222], [-79.2885770026715, 43.7960776701294], [-79.2880160453605, 43.794789496101], [-79.2879174690115, 43.7945535556097], [-79.2871541051713, 43.7927266530263], [-79.2869037016375, 43.7921591147341], [-79.2878301119268, 43.7919718058723], [-79.2890666923129, 43.7916950497761], [-79.2905099500151, 43.7913826560135], [-79.291710757244, 43.7911058149888], [-79.2915521187478, 43.7907094759116], [-79.2910305772358, 43.7894663749442], [-79.2906738327818, 43.7886376268809], [-79.2904327754633, 43.7880431004918], [-79.290084438885, 43.7872593703296], [-79.289924172483, 43.7868900109281], [-79.2899172091079, 43.7868739675083], [-79.2896737733422, 43.7863134772717], [-79.289471339965, 43.7857820285098], [-79.2894661880539, 43.7857703258389], [-79.2892139875666, 43.7851964706206], [-79.288778539841, 43.7842325350935], [-79.2886174874186, 43.7838721908158], [-79.288399008254, 43.7835027395897], [-79.2882669388797, 43.7832954682819], [-79.2882022250285, 43.7831575411436], [-79.2880985818119, 43.7829825469089], [-79.2879783790159, 43.7827788438294], [-79.2878615638839, 43.7825875327223], [-79.2877410846333, 43.7823994007028], [-79.2876636382977, 43.7822403326776], [-79.2875628064914, 43.7820193829744], [-79.2874313123332, 43.7817428656816], [-79.2873859908727, 43.781630699219], [-79.2872819877857, 43.7813937129811], [-79.287098535348, 43.7809682374652], [-79.2869931004802, 43.7807399072252], [-79.2869025423258, 43.7805239440929], [-79.2868576315898, 43.7804331826078], [-79.2868063370903, 43.7802614174081], [-79.2867333174001, 43.7800644078367], [-79.286670692834, 43.7798890746886], [-79.2865272930813, 43.7795709040867], [-79.2863130479525, 43.7790528739526], [-79.286061672645, 43.7784799482896], [-79.2855651348705, 43.7772710707536], [-79.2855613053884, 43.7772617566047], [-79.2852141788654, 43.7764176606467], [-79.2851752830691, 43.7763242813098], [-79.2848245460434, 43.7754822736471], [-79.2847197627417, 43.7752505034015], [-79.284694879833, 43.7751954504593], [-79.284683779648, 43.7751697313536], [-79.2846177937022, 43.77501676748], [-79.2846381215891, 43.7750120531024], [-79.287242798091, 43.7743987850699], [-79.2898449508751, 43.7737918447509], [-79.2898893462626, 43.7737815021998], [-79.2920255555288, 43.7732916866838], [-79.2935946612939, 43.7729319012952], [-79.2944282554699, 43.7727354589585], [-79.2991683973897, 43.7716184704341], [-79.2994540391319, 43.7715529838395], [-79.3024755509943, 43.7708602406955], [-79.3039317591485, 43.7705262941005], [-79.3041167042394, 43.770483377856], [-79.3078892674451, 43.7696079005263], [-79.3080412061323, 43.7695681455181], [-79.3081958531306, 43.7695282602375], [-79.3083508820254, 43.7694889242243], [-79.3085059968562, 43.7694501907196], [-79.3086615445639, 43.7694119171977], [-79.3087257484638, 43.7693964078739], [-79.30881728824, 43.7693743099368], [-79.3089733037781, 43.7693371890847], [-79.3091294033443, 43.7693005626654], [-79.3092858994279, 43.7692645406454], [-79.3094607763351, 43.7692251186509], [-79.3095996427605, 43.7691942150758], [-79.3097567789535, 43.7691598405527], [-79.3099142483413, 43.7691260694874], [-79.310071852751, 43.7690927476856], [-79.3102296914395, 43.7690600566885], [-79.3103878007316, 43.7690279421097], [-79.3105460198644, 43.7689964213793], [-79.3107046100782, 43.7689653506984], [-79.3108631982914, 43.7689349190301], [-79.3110221692023, 43.768905010511], [-79.3111812258923, 43.7688756684705], [-79.311340565908, 43.7688468490087], [-79.3115000157657, 43.7688186684094], [-79.3116597116754, 43.7687910548547], [-79.3118196665911, 43.7687639455089], [-79.311979595206, 43.7687374568056], [-79.3121135434613, 43.7687173530836], [-79.3122475154048, 43.7686979500422], [-79.3123817086499, 43.7686789804891], [-79.3125160483379, 43.7686606765137], [-79.3126504984557, 43.7686429934656], [-79.3127851830422, 43.7686258062238], [-79.3129198891279, 43.7686092214883], [-79.313054818238, 43.7685932305292], [-79.3131897705295, 43.7685778709125], [-79.3133249429119, 43.7685630771165], [-79.3134602640376, 43.768548779659], [-79.3135955701376, 43.7685351471931], [-79.3137311360534, 43.7685220379147], [-79.3138666864686, 43.7685095666092], [-79.3140023604832, 43.768497735329], [-79.3141656741043, 43.7684842561402], [-79.3142740614611, 43.768475655841], [-79.314409977758, 43.7684655437566], [-79.3145461395025, 43.7684560248735], [-79.3146821637523, 43.7684470647307], [-79.3148184595162, 43.7684387431913], [-79.3149546039013, 43.7684309441727], [-79.3150910079163, 43.7684237205554], [-79.3152274090968, 43.7684171720112], [-79.3153638216996, 43.7684111006686], [-79.3155002083637, 43.7684057310697], [-79.3156368397414, 43.7684008934325], [-79.3157733585451, 43.7683966131026], [-79.3159098884954, 43.768392953129], [-79.3160465269509, 43.7683899419575], [-79.316183151992, 43.7683874526397], [-79.3163199124145, 43.7683856287262], [-79.3164565334358, 43.7683843004999]]]]}"
72,Steeles,116,26057,46,36,44,41,34,47,40,51,45,181.3666,143.3292,176.3103,162.4406,132.8073,181.6425,154.0595,196.8656,172.6983,20,16,31,31,24,31,29,45,39,78.85503,63.70187,124.2186,122.8209,93.74634,119.8068,111.6931,173.7049,173.7049,1,3,1,6,,,,,1,3.942751,11.9441,4.007052,23.77179,,,,,,62,59,48,43,62,66,25,17,33,244.4506,234.9007,192.3385,170.3645,242.178,255.0725,96.28717,65.62186,126.6454,,,,,,,,,,,,,,,,,,,8,9,16,5,9,8,6,7,7,31.54201,64.11284,19.80983,35.15488,30.91788,23.10892,27.02077,26.86418,35.83231,2,,,,1,,2,1,,7.885502,,,,3.906097,,7.702973,3.86011,,24,26,21,32,41,40,21,28,24,94.62603,103.5155,84.1481,126.7829,160.15,154.5894,80.88122,108.0831,92.10577,3,3,2,6,3,5,1,2,4,11.82825,11.9441,8.014105,23.77179,11.71829,19.32367,3.851487,7.720219,15.35096,"{'type': 'MultiPolygon', 'coordinates': [[[[-79.3068523386326, 43.8087950067098], [-79.3090337590797, 43.8082848253335], [-79.309399010921, 43.8083601716016], [-79.3093500190024, 43.8082107793886], [-79.3099608424721, 43.8080677697315], [-79.3107975421512, 43.8078718722749], [-79.3152161261887, 43.8069005809966], [-79.320680282901, 43.8056992114408], [-79.323625858164, 43.8050514660454], [-79.3250724073576, 43.8047333301104], [-79.327056389439, 43.8042781475735], [-79.3304625997263, 43.8034990916067], [-79.3355388144609, 43.8023378667176], [-79.3358730293274, 43.803076501577], [-79.3363200481974, 43.8040942607454], [-79.3367192513489, 43.8049859514628], [-79.3371941521091, 43.8060308212541], [-79.3373609411847, 43.8064081245614], [-79.3376481132912, 43.8070577019918], [-79.3383150612822, 43.808536747308], [-79.3384157197448, 43.8087600089009], [-79.338862701412, 43.80980478661], [-79.339213093122, 43.810669386545], [-79.3397926509174, 43.8121014307634], [-79.3401863561969, 43.8130201573423], [-79.3408865767394, 43.8146235193383], [-79.3413211257416, 43.815659367082], [-79.3398791301604, 43.8160262390244], [-79.3390861291375, 43.8162411160673], [-79.3374784174892, 43.8166348265647], [-79.3364685933624, 43.8168673700488], [-79.3357953393328, 43.8170283971394], [-79.3346999893494, 43.81726981188], [-79.3320869985994, 43.8178870332106], [-79.3316181924965, 43.8179943474909], [-79.3313309620173, 43.8180591820176], [-79.3308838746057, 43.8181600991593], [-79.3308767845159, 43.8181616990706], [-79.3297692119649, 43.8184117078201], [-79.3296769124084, 43.8184325335665], [-79.328474164648, 43.8187097779675], [-79.3277472795884, 43.8188700296076], [-79.326689916075, 43.8191031438772], [-79.3265719346884, 43.81913128189], [-79.3244398625931, 43.8196397927138], [-79.3229253827532, 43.8199885259551], [-79.3204560958953, 43.8205777103446], [-79.3203767118444, 43.8205966502805], [-79.3185744977978, 43.8210078717661], [-79.3180981257618, 43.8211217429864], [-79.3169284434414, 43.8214013132423], [-79.3158663558318, 43.8216426542697], [-79.3140889015003, 43.8220628546648], [-79.312267886153, 43.8224829745058], [-79.3098115705636, 43.8230640111387], [-79.3070698629165, 43.8236985462941], [-79.3069273429095, 43.8233112594649], [-79.3067700226171, 43.8229419575256], [-79.3061534931336, 43.821590759421], [-79.3061285977504, 43.8215354322084], [-79.3056425079675, 43.8204553039527], [-79.3052130133728, 43.8195009428238], [-79.3047564148852, 43.8184560460682], [-79.3040144875884, 43.8167625791143], [-79.3034076819292, 43.8153802730421], [-79.303144555362, 43.8147808507545], [-79.3019485877935, 43.8121455031534], [-79.301550254616, 43.8112676818028], [-79.301248320765, 43.8106049009274], [-79.3011884611042, 43.8104734878455], [-79.3010403600844, 43.8101483629322], [-79.3010155571183, 43.8100938264097], [-79.3058770797513, 43.8090165277172], [-79.3060556183576, 43.808976955857], [-79.3064173213069, 43.8088967931234], [-79.3068523386326, 43.8087950067098]]]]}"
73,Mount Dennis,115,14184,97,102,110,103,94,92,72,98,120,713.4451,748.5689,803.6236,744.9733,670.8057,650.3605,508.1516,693.8053,846.0237,27,14,18,17,16,23,24,26,39,198.5878,102.7448,131.502,122.9567,114.1797,162.5901,169.3839,184.0708,184.0708,3,1,3,5,2,2,1,6,4,22.06531,7.338911,21.91701,36.16375,14.27246,14.13827,7.057661,42.47787,42.47787,18,20,31,17,21,14,22,15,24,132.3919,146.7782,226.4757,122.9567,149.8608,98.9679,155.2685,106.1947,169.2047,1,,,,1,3,1,1,,7.355104442,,,,7.13623,21.20741,7.057661,7.079646,,27,13,34,34,10,16,19,11,7,198.5878,248.3927,245.9135,71.3623,113.1062,134.0956,77.87611,49.35138,95.40584,4,1,3,1,4,4,1,2,2,29.42042,7.338911,21.91701,7.23275,28.54492,28.27654,7.057661,14.15929,14.1004,21,54,19,18,31,29,41,33,21,154.4572,396.3012,138.8077,130.1895,221.2231,205.0049,289.3641,233.6283,148.0541,4,1,,5,1,5,3,3,5,29.42042,7.338911,,36.16375,7.13623,35.34568,21.17298,21.23894,35.25099,"{'type': 'MultiPolygon', 'coordinates': [[[[-79.5000683917451, 43.694244766813], [-79.4976474406097, 43.6929935184562], [-79.4979874141508, 43.6928304390891], [-79.4930571111042, 43.6904098152785], [-79.4900266922922, 43.6889203976059], [-79.4889864586835, 43.688411602255], [-79.4870785690231, 43.6874714059466], [-79.4828893328916, 43.6853586274466], [-79.4830136997053, 43.6852453098799], [-79.4834123068078, 43.6848821029261], [-79.4834029226802, 43.6848602646855], [-79.4834165869145, 43.6848344059536], [-79.4840030029011, 43.684237990494], [-79.4861409891267, 43.6837381388605], [-79.4870732901154, 43.6835161584225], [-79.4883027156788, 43.6832435961132], [-79.4890874895503, 43.6830897607542], [-79.4893415575787, 43.6830274146487], [-79.4902560100349, 43.6828178370805], [-79.4908742323994, 43.6826801596529], [-79.4917353410446, 43.6824694678222], [-79.4937383628222, 43.6820095837829], [-79.4946319234269, 43.6817975042097], [-79.4950757473834, 43.6817076906023], [-79.4954618963334, 43.6814644374205], [-79.4955874542403, 43.6814144216192], [-79.4956628555287, 43.6813745672189], [-79.49578490396, 43.6813241277415], [-79.4959126070449, 43.6812867956522], [-79.4964149681988, 43.6811717215378], [-79.4965126299203, 43.6811567823202], [-79.496811341624, 43.6811405790477], [-79.4971135264513, 43.6811300111687], [-79.4971613018498, 43.6811283380383], [-79.4974074003848, 43.681120476711], [-79.4977435317259, 43.6811029856195], [-79.4987724826807, 43.6843166128205], [-79.4988263604316, 43.6844849922933], [-79.5003575555875, 43.6841248826215], [-79.5005125863351, 43.6841023696126], [-79.5007009451277, 43.684075355913], [-79.5009044244145, 43.6840483322546], [-79.5011032758852, 43.6840303189305], [-79.5013106248031, 43.684012305046], [-79.5014854396476, 43.6840122942055], [-79.5016327432396, 43.6840122825566], [-79.5017978572958, 43.6839942686784], [-79.5020850737094, 43.6840212590515], [-79.502216091228, 43.6840302486434], [-79.5023354757454, 43.6840392477071], [-79.502437022386, 43.6840392359341], [-79.5025920912796, 43.6840437249925], [-79.5027351162202, 43.6840527227527], [-79.5028983227833, 43.6840797133221], [-79.5030459998967, 43.6841022036015], [-79.5032130630941, 43.6841246936845], [-79.5033595875902, 43.6841516839008], [-79.5035084434834, 43.684178674745], [-79.503699163261, 43.6842326677762], [-79.5038445233714, 43.6842776696634], [-79.503986782378, 43.6843181612526], [-79.5040867933815, 43.6843496531429], [-79.504221710193, 43.6843901455755], [-79.5045686400893, 43.6844306111891], [-79.5046500462179, 43.6844531019765], [-79.5048531705891, 43.6844980822515], [-79.5051024372304, 43.6845475608145], [-79.5053005140405, 43.6845835388339], [-79.5055218580732, 43.6846150235168], [-79.5058021190181, 43.6846240112068], [-79.5060013602675, 43.6846464947377], [-79.5062440140949, 43.6846644842854], [-79.5065072195304, 43.6846734625112], [-79.5067328038841, 43.6846779499514], [-79.5069708045306, 43.6846734170151], [-79.5072308810993, 43.6846553798195], [-79.5074890081657, 43.6846238413875], [-79.5076971491358, 43.6845923042515], [-79.5079002427449, 43.6845652684978], [-79.508087470114, 43.6845306186792], [-79.5102363227927, 43.6841328586546], [-79.51028814463, 43.6842760644728], [-79.510367693454, 43.6844538337592], [-79.5104775146697, 43.6846667047461], [-79.5106507378222, 43.684983542969], [-79.5107681522914, 43.6853378417761], [-79.5108684457091, 43.6856635173677], [-79.5108826065866, 43.6857094856329], [-79.5109779373871, 43.6860843907986], [-79.5111152064872, 43.6864646196923], [-79.5112679768052, 43.6868109923199], [-79.5114163727371, 43.6871032863769], [-79.5114448135699, 43.6871593168994], [-79.5116232608145, 43.6874870541241], [-79.5118586606435, 43.6878318431717], [-79.5121535954054, 43.6881336975736], [-79.5123867697877, 43.6884831034227], [-79.5125555671888, 43.6888303815511], [-79.5126393928501, 43.6892299491488], [-79.5127392289751, 43.6896011341665], [-79.5127461182513, 43.6896222595369], [-79.5128764030435, 43.6900214068722], [-79.5129645821886, 43.6903998033142], [-79.5130129511452, 43.6905251315971], [-79.5131161432017, 43.6907925120946], [-79.5132051689343, 43.6911707455465], [-79.5132770971366, 43.6915819077805], [-79.513316523595, 43.6919913901997], [-79.5133026071181, 43.6923928675253], [-79.5132923831753, 43.6933925710708], [-79.5115540958232, 43.6935647922307], [-79.5111291391032, 43.6936536683786], [-79.5094944884937, 43.6940029490805], [-79.5091929803872, 43.6933262566071], [-79.5091739464632, 43.6932969042565], [-79.5091401623186, 43.6932756556305], [-79.5090822292309, 43.6932753896645], [-79.5090335765275, 43.6932814429967], [-79.5072544706941, 43.6936953589254], [-79.5056187693982, 43.6940616146959], [-79.5063829584253, 43.6947190384263], [-79.5036572083995, 43.6953513455458], [-79.5033527393874, 43.695485374978], [-79.5031359039546, 43.6955834501982], [-79.502960182223, 43.6957456766671], [-79.5017864292396, 43.695118571767], [-79.5000683917451, 43.694244766813]]]]}"
74,Lambton Baby Point,114,8277,29,43,21,22,25,26,31,34,54,352.7551,524.3263,256.0976,266.796,300.4447,310.8932,371.4799,410.8761,652.4103,7,6,1,9,16,10,11,11,23,85.14779,73.16181,12.19512,109.1438,192.2846,119.5743,131.8155,132.9305,132.9305,7,10,6,3,6,10,10,6,6,85.14779,121.9363,73.17073,36.38128,72.10672,119.5743,119.8322,72.50755,72.50755,17,14,9,10,10,15,13,6,11,206.7875,170.7109,109.7561,121.2709,120.1779,179.3615,155.7819,72.50755,132.8984,,,,,,,,,,,,,,,,,,,1,8,5,3,1,4,1,,1,12.16397,60.97561,36.38128,12.01779,47.82973,11.98322,,12.08167,97.54908,1,3,,1,,3,,,1,12.16397,36.58091,,12.12709,,35.8723,,,12.08167,22,14,14,8,24,17,16,7,22,267.6074,170.7109,170.7317,97.01674,288.4269,203.2763,191.7316,84.59215,265.7968,,2,2,,2,1,2,1,1,,24.38727,24.39024,,24.03557,11.95743,23.96645,12.08459,12.08167,"{'type': 'MultiPolygon', 'coordinates': [[[[-79.499229342686, 43.665820804044], [-79.4992107219484, 43.6655327519404], [-79.498616826123, 43.6656138126848], [-79.4985550783882, 43.6655040940217], [-79.4984360559547, 43.6654216222317], [-79.4977294066151, 43.6649250243596], [-79.497640081516, 43.6648814472399], [-79.4975328020343, 43.6648538743351], [-79.4972526869337, 43.6647917769177], [-79.497027477446, 43.6647425786484], [-79.4968514930127, 43.6646967753625], [-79.4966387719098, 43.6646304197913], [-79.4964482838238, 43.6645387177393], [-79.496290655142, 43.6644312812269], [-79.4961755116632, 43.6642879944977], [-79.4960442801912, 43.6640368526009], [-79.4959655393102, 43.6639249991703], [-79.4956368501699, 43.6636783954336], [-79.4955168806451, 43.6635937237762], [-79.4953199224825, 43.6633896020828], [-79.4950846164409, 43.6631533155992], [-79.4949951917082, 43.6630318568102], [-79.4948143988697, 43.6628852613957], [-79.4947448235179, 43.6627989179015], [-79.4946989920829, 43.662702493007], [-79.4946378387534, 43.6625699362352], [-79.4946038128538, 43.6624624767577], [-79.4945927140006, 43.662354685395], [-79.4945937770486, 43.662240593033], [-79.4945664723314, 43.661997411812], [-79.4945404213409, 43.6618737864141], [-79.4945347986667, 43.661798336234], [-79.4944841867569, 43.6616634214395], [-79.4944107826927, 43.6615563651498], [-79.4943648626029, 43.6614947038802], [-79.4943272877949, 43.6614371745771], [-79.4942689600593, 43.6613423424188], [-79.4942310034397, 43.6612489428307], [-79.4942242947017, 43.6611281977216], [-79.4942177325412, 43.6610349794543], [-79.4942300652798, 43.6609435443968], [-79.4942503475764, 43.6608359440307], [-79.4942817649098, 43.6607234643863], [-79.4942987409067, 43.6606950394399], [-79.4943870217939, 43.6605441626631], [-79.4944538834857, 43.6604453496153], [-79.4945296718811, 43.6603637111], [-79.4946222604174, 43.6602711361925], [-79.4953834846419, 43.6597811900987], [-79.4955263446801, 43.6597061513769], [-79.4952767281333, 43.6595293726353], [-79.4950863468658, 43.6594184778542], [-79.4949698047554, 43.6593845732753], [-79.4943289109716, 43.6594625673142], [-79.4938133788381, 43.6595253069341], [-79.4928155671085, 43.659612624304], [-79.4926359708804, 43.6596515169763], [-79.4914982392518, 43.6599102627359], [-79.4902746994399, 43.6601725546842], [-79.4890316475466, 43.6604216081256], [-79.4888546566602, 43.6600277911849], [-79.4887882776151, 43.6598091686222], [-79.4885006232153, 43.6591467943057], [-79.4883000670133, 43.6587009463725], [-79.4881969619148, 43.6584544693828], [-79.4881248142159, 43.6582766495821], [-79.4879666320725, 43.6578736510725], [-79.4877174353948, 43.6572387770863], [-79.4872611569835, 43.6561088958448], [-79.4871145442352, 43.6557478074655], [-79.4869859064097, 43.6554018168863], [-79.4866982993388, 43.6547082748205], [-79.4864165868727, 43.654016991673], [-79.4859775717012, 43.6529558405294], [-79.4856934585836, 43.6522633125948], [-79.4854483166575, 43.6516673558398], [-79.4853924646279, 43.651533111113], [-79.4851387928442, 43.650915819273], [-79.4848255445378, 43.6501657936869], [-79.4844863038687, 43.6493389459656], [-79.4845852259851, 43.649290333673], [-79.4846720122473, 43.6492453204225], [-79.4847432515509, 43.6492024744147], [-79.4849104826378, 43.6490881160021], [-79.4850813403076, 43.6490881298954], [-79.486110706098, 43.648861802762], [-79.4865185371119, 43.648770433757], [-79.4874774402169, 43.6485641870937], [-79.4889040253109, 43.6482541466466], [-79.490343487151, 43.6479410035231], [-79.4926244707132, 43.6474449278324], [-79.4924219784438, 43.6478716600405], [-79.4922739640731, 43.6481101867931], [-79.492039566236, 43.6483937132765], [-79.4919737071211, 43.6484747123962], [-79.4917826864679, 43.6487222358753], [-79.4915390146041, 43.6490687887644], [-79.4912895300017, 43.6493928284257], [-79.4910261006633, 43.6496898616515], [-79.490881217651, 43.6500544241102], [-79.4909354169868, 43.650459498263], [-79.4909681183206, 43.6505480387247], [-79.491088391559, 43.6508735910481], [-79.491240974543, 43.6512651713578], [-79.4913612840664, 43.6514372863991], [-79.491498935157, 43.6516342549973], [-79.491964533513, 43.6519223326285], [-79.4924843702052, 43.6521293989058], [-79.4930607733438, 43.6522689572423], [-79.4936526855705, 43.6523139887511], [-79.4942686168959, 43.6522960100451], [-79.4948399621247, 43.6522105147729], [-79.4954480649472, 43.6521070164118], [-79.4960252299668, 43.6520665312367], [-79.4963840988573, 43.6520199795048], [-79.4966496546286, 43.6519855394417], [-79.4972570402818, 43.6519765630722], [-79.4977697125963, 43.6519917683335], [-79.4978644113239, 43.6519945788072], [-79.4984733577169, 43.6520711095204], [-79.4990753255446, 43.6521296158531], [-79.4997191338964, 43.6521476212356], [-79.5003431952402, 43.6521791173537], [-79.5009474963295, 43.6522826207775], [-79.5015250739149, 43.6524086153531], [-79.5020712784703, 43.6525931075128], [-79.5024904452476, 43.6528856164169], [-79.5027825352053, 43.6532231515814], [-79.5028732154403, 43.6536417031226], [-79.5028608260909, 43.6540602577277], [-79.5027961675606, 43.654456319212], [-79.5026939427403, 43.6548073830636], [-79.5026361747481, 43.654914285051], [-79.5025115274511, 43.6551449383132], [-79.5022582213186, 43.6554825033612], [-79.5019437174251, 43.6557975743707], [-79.5016144806152, 43.6560901324562], [-79.5012368134363, 43.6563646967465], [-79.5008188263907, 43.6566347592586], [-79.5004081993816, 43.6568823079927], [-79.5000289476933, 43.65717486156], [-79.4997383882128, 43.6575394154564], [-79.4995634739351, 43.6578640851541], [-79.499532267844, 43.6579219901355], [-79.4994672124211, 43.6582078914011], [-79.4994431589879, 43.6583135578227], [-79.4995229509286, 43.6586961250629], [-79.4997797796377, 43.6590516788562], [-79.5001481843304, 43.6593532242415], [-79.5006149857678, 43.6595692365645], [-79.5010562373933, 43.6597807655846], [-79.5014174848634, 43.6599748126643], [-79.5014835325121, 43.660010286076], [-79.501916238522, 43.6602893127026], [-79.5022943187531, 43.6605638284987], [-79.5024607512634, 43.6606846862201], [-79.5026972130828, 43.660856354491], [-79.503085008933, 43.6611308679847], [-79.5034495620219, 43.6614188823796], [-79.5037575792847, 43.6617069153831], [-79.5040962215027, 43.6619544319871], [-79.504204988803, 43.6620119552698], [-79.5044701380459, 43.6621479464003], [-79.5048607097829, 43.6623459606295], [-79.5051470587784, 43.6625574793943], [-79.5054066996287, 43.6627554970726], [-79.5055252657065, 43.6628139999063], [-79.5057705424458, 43.6629174941958], [-79.5061688753934, 43.6630209798628], [-79.5066043836336, 43.6630254469565], [-79.5070910255515, 43.6629218844065], [-79.507502500092, 43.662795830573], [-79.5079445802374, 43.6626247573621], [-79.5083773511237, 43.6624896881722], [-79.5088449934237, 43.6623231102862], [-79.5092932617416, 43.6621295181896], [-79.5097864977625, 43.662007941303], [-79.5102506667497, 43.6619448823991], [-79.5105796276697, 43.6619763482251], [-79.5109845421114, 43.6620573130076], [-79.5110872214519, 43.6620753052468], [-79.5113061603353, 43.6621292832579], [-79.5114968091781, 43.6622102759557], [-79.5115382768114, 43.6622327666345], [-79.5116917297944, 43.6623137625799], [-79.5116983387397, 43.6623172908349], [-79.5117623245962, 43.6623517770385], [-79.5118407197894, 43.6623933919389], [-79.5118432609945, 43.6623947504022], [-79.511962230547, 43.6624622485145], [-79.5119866476163, 43.6624757472316], [-79.512016484252, 43.6624982474712], [-79.5121288722376, 43.6625792484029], [-79.5122149107975, 43.6626422396637], [-79.5117213531415, 43.663024883647], [-79.5115400355122, 43.6631959464125], [-79.511354091483, 43.6633625079012], [-79.5111483500616, 43.6635560749766], [-79.5109286878962, 43.6637091453526], [-79.510684998749, 43.6638892137184], [-79.5103808652659, 43.6640872803714], [-79.5101263317622, 43.6642448261019], [-79.5099845355291, 43.6643348613802], [-79.5096850398222, 43.6644879185289], [-79.5093812883423, 43.6646409761043], [-79.5090771392541, 43.6647850309878], [-79.5087846266158, 43.6649020802435], [-79.5085583575291, 43.6649741084962], [-79.5084122714241, 43.6650146337373], [-79.508147254434, 43.6650956653716], [-79.5077900220623, 43.6651902128651], [-79.5077139038873, 43.665208643989], [-79.5076226575451, 43.6652307302833], [-79.5073959969539, 43.6652667508471], [-79.5071685557925, 43.6653072807191], [-79.5068578260663, 43.6653478051842], [-79.5065431912467, 43.6654018412376], [-79.506233214532, 43.6654243705579], [-79.5059673817452, 43.6654558983644], [-79.5056268035961, 43.6654829196083], [-79.500221197469, 43.6658162425126], [-79.5001491184829, 43.6658162429099], [-79.5000770512271, 43.6658207525644], [-79.5000049834197, 43.665820752117], [-79.4999325323217, 43.6658207528961], [-79.4998604518934, 43.6658207611958], [-79.499788397239, 43.6658252618296], [-79.4997163423508, 43.6658297714187], [-79.4996446597652, 43.6658342723442], [-79.4995725924586, 43.6658387816797], [-79.4995009344506, 43.665843290941], [-79.4994292637412, 43.6658522920319], [-79.4993575933096, 43.6658568010402], [-79.4992863068505, 43.6658658106883], [-79.499236708192, 43.6658703114173], [-79.499229342686, 43.665820804044]]]]}"
75,Weston,113,19571,174,151,183,179,156,191,204,204,242,937.5,819.3163,997.1122,960.5065,823.0887,992.7235,1053.338,1052.089,1236.523,55,36,40,42,55,46,77,59,94,296.3362,195.3337,217.948,225.3703,290.1915,239.0852,397.5835,304.2805,304.2805,7,5,6,11,13,8,10,6,6,37.71552,27.12968,32.6922,59.02554,68.59072,41.58004,51.63422,30.94378,30.94378,33,54,44,75,38,58,24,36,46,177.8017,293.0005,239.7428,402.4469,200.496,301.4553,123.9221,185.6627,235.0416,,,3,1,1,2,3,,2,,,16,5,5.276209,10.39501,15.49027,,10.2192,35,45,42,46,42,25,27,25,32,188.5776,228.8454,246.8341,221.6008,129.9376,139.4124,128.9324,163.5072,244.1671,3,6,13,8,8,13,5,4,5,16.16379,32.55561,70.83311,42.92767,42.20967,67.56757,25.81711,20.62919,25.548,75,63,93,84,73,71,88,70,75,404.0948,341.834,506.7292,450.7405,385.1633,369.0229,454.3812,361.0108,383.2201,4,3,4,3,8,4,10,5,9,21.55172,16.27781,21.7948,16.09788,42.20967,20.79002,51.63422,25.78649,45.98641,"{'type': 'MultiPolygon', 'coordinates': [[[[-79.5308679593766, 43.7106877652893], [-79.5315453360305, 43.7091659972307], [-79.5308131093114, 43.7093032324142], [-79.5308029044374, 43.7092687687047], [-79.5307882383535, 43.7092223265651], [-79.5307729516057, 43.709176090735], [-79.5307566735521, 43.7091299907211], [-79.5307397608842, 43.7090840076989], [-79.5307219938104, 43.7090381964668], [-79.5307034813713, 43.708992564729], [-79.5306842251646, 43.7089469963562], [-79.5306640998709, 43.7089017436449], [-79.5306432305931, 43.708856563299], [-79.5306217408046, 43.708811634281], [-79.5305993820913, 43.7087669128793], [-79.5305761429266, 43.70872236293], [-79.5305522966626, 43.708678074384], [-79.5305277045432, 43.7086338842882], [-79.5305022451695, 43.7085900368858], [-79.5304761646903, 43.70854641469], [-79.5304493401598, 43.7085029188779], [-79.5304285020679, 43.7084704928222], [-79.5304216481022, 43.7084598278806], [-79.5304000359941, 43.708417986461], [-79.5303765621248, 43.7083763984132], [-79.5303524571636, 43.7083350885665], [-79.5303274953319, 43.7082939504727], [-79.5303017889121, 43.7082531638513], [-79.5302754626502, 43.7082126015511], [-79.5302482679717, 43.708172175739], [-79.5302204521954, 43.7081321272963], [-79.5301918933752, 43.708092367317], [-79.53016258907, 43.7080527418034], [-79.5301326658875, 43.7080135044909], [-79.530101860672, 43.7079745547528], [-79.5300704485667, 43.7079358583113], [-79.5300384150081, 43.7078975032162], [-79.5300056386315, 43.7078594275802], [-79.5299721165998, 43.7078217475155], [-79.5299379754934, 43.7077843115846], [-79.5299032128754, 43.7077471179549], [-79.5298677073454, 43.7077104108688], [-79.5298315686539, 43.7076739657412], [-79.5297946971589, 43.7076378983395], [-79.5297573302189, 43.7076021459887], [-79.5297192190891, 43.7075667802198], [-79.52968048851, 43.7075317756256], [-79.5296411370431, 43.7074971402903], [-79.5296011655911, 43.7074628373093], [-79.5295605738714, 43.7074290305479], [-79.5295193619472, 43.7073955651405], [-79.5294776409095, 43.7073624155043], [-79.5294352008612, 43.7073296887847], [-79.5293922398752, 43.7072974568592], [-79.5293486711293, 43.7072655142228], [-79.5293046072242, 43.7072341288376], [-79.5292599218528, 43.7072030856865], [-79.5292146170567, 43.7071724028027], [-79.5291688152577, 43.7071422510333], [-79.5291225189351, 43.7071124782447], [-79.529075725631, 43.7070832356692], [-79.5290283118811, 43.7070543443413], [-79.5289804030867, 43.7070259040164], [-79.5289319976101, 43.7069979308796], [-79.5288830951066, 43.7069704897534], [-79.5288336851714, 43.7069434985684], [-79.5287837915618, 43.7069168486833], [-79.5287334021435, 43.7068908838879], [-79.5286826403823, 43.7068652249088], [-79.5286312588718, 43.7068401422768], [-79.5285796291766, 43.7068154652003], [-79.528527378512, 43.7067913635534], [-79.5284747442111, 43.7067677755636], [-79.5283824122244, 43.7067341512026], [-79.5282895829663, 43.7067011218192], [-79.5281965071235, 43.7066685870968], [-79.5281030593096, 43.7066365481209], [-79.5280092392657, 43.7066050661134], [-79.5279151710092, 43.7065740436287], [-79.5278207309734, 43.7065436609519], [-79.5277259062952, 43.7065136829162], [-79.5276308466865, 43.7064842807216], [-79.5275354158363, 43.7064554454082], [-79.5274397361028, 43.7064270966168], [-79.5273438082244, 43.7063993054866], [-79.5264103482671, 43.706118693785], [-79.5260724712245, 43.7060456453702], [-79.5254657355694, 43.7058801405408], [-79.5243636674725, 43.7061472323069], [-79.5231158218591, 43.7064518519749], [-79.5231644464414, 43.7065404235189], [-79.5237238580763, 43.7075593069468], [-79.5232057131607, 43.7076925148423], [-79.5223408971303, 43.7078840275405], [-79.5222383082559, 43.7076945343924], [-79.5208478142857, 43.7080484838695], [-79.5205143477431, 43.7072774503281], [-79.5202918755942, 43.7068960073564], [-79.5191708496714, 43.7071451307308], [-79.5173436825154, 43.7075196956918], [-79.5172037659444, 43.7075636522326], [-79.5169039776117, 43.7076423046957], [-79.5157487835761, 43.7079173232145], [-79.514608217443, 43.7081790342178], [-79.5134717093914, 43.7084386625914], [-79.512331918661, 43.7087062097921], [-79.5115338098938, 43.7088877853728], [-79.5114741392758, 43.7089000421063], [-79.5114339357818, 43.708901369625], [-79.509296609534, 43.7094268147198], [-79.5090182656869, 43.7094817534715], [-79.5089297197465, 43.709499249628], [-79.5077789418254, 43.7097521081779], [-79.5063084011897, 43.710104283191], [-79.5062000641852, 43.7101448753739], [-79.5057915573749, 43.7102097692105], [-79.5055699085042, 43.7092539895581], [-79.5053484151557, 43.7084232097331], [-79.5051182254637, 43.7075597820766], [-79.5050607467658, 43.7073755645327], [-79.5048355532758, 43.7066539605582], [-79.5046011624133, 43.7058375910197], [-79.5044088267386, 43.7051676784174], [-79.5042521910976, 43.7044819942693], [-79.5038417173735, 43.7028866579761], [-79.5036452351902, 43.7022876739606], [-79.5034584651009, 43.7015806653234], [-79.5032511779046, 43.700856671062], [-79.5028972449976, 43.6995619268566], [-79.5048237418529, 43.699100077999], [-79.5055461257449, 43.6989419194428], [-79.5059465264914, 43.698854245013], [-79.5064149618173, 43.6987516683253], [-79.5075349908019, 43.6985063869375], [-79.5082497424692, 43.6983498592221], [-79.5053580742793, 43.6969252892429], [-79.5049469298586, 43.6970188671855], [-79.5048897139224, 43.697031894546], [-79.5023828482466, 43.69760230471], [-79.5021960912128, 43.6967716789749], [-79.5041543046669, 43.6963611654215], [-79.502960182223, 43.6957456766671], [-79.5031359039546, 43.6955834501982], [-79.5033527393874, 43.695485374978], [-79.5036572083995, 43.6953513455458], [-79.5063829584253, 43.6947190384263], [-79.5056187693982, 43.6940616146959], [-79.5072544706941, 43.6936953589254], [-79.5090335765275, 43.6932814429967], [-79.5090822292309, 43.6932753896645], [-79.5091401623186, 43.6932756556305], [-79.5091739464632, 43.6932969042565], [-79.5091929803872, 43.6933262566071], [-79.5094944884937, 43.6940029490805], [-79.5111291391032, 43.6936536683786], [-79.5115540958232, 43.6935647922307], [-79.5132923831753, 43.6933925710708], [-79.5129309162344, 43.6939804864235], [-79.5128194351742, 43.6942477926276], [-79.5127692264385, 43.6945235079597], [-79.5127453595506, 43.6948274843097], [-79.5126486698406, 43.695179994453], [-79.5124498571734, 43.6954931078806], [-79.5122391425135, 43.6957905334595], [-79.5120317889884, 43.6960941691312], [-79.5119030993059, 43.6963965273561], [-79.5119255391076, 43.6965063675704], [-79.5119679445705, 43.6967026633852], [-79.512248896159, 43.6969583245255], [-79.5126572520821, 43.697117107762], [-79.5131071522194, 43.6972414276101], [-79.5135389161056, 43.6972567604209], [-79.5139063884123, 43.6972062099904], [-79.5143021204405, 43.6970991898761], [-79.5144593268432, 43.6970785212911], [-79.5145782617701, 43.6970632759784], [-79.5146585758134, 43.6970523285374], [-79.5146597552708, 43.6970522565297], [-79.5150526024839, 43.6970276769663], [-79.5154807228205, 43.6969667807369], [-79.5156993836441, 43.6969265960367], [-79.5158808138725, 43.696893256562], [-79.516342435735, 43.696809273208], [-79.5167847175712, 43.6968217653288], [-79.517197849218, 43.6968513810012], [-79.5176097686481, 43.696932375225], [-79.5180069094614, 43.6969582996606], [-79.5188190944298, 43.6971304085407], [-79.5191492849892, 43.697286976875], [-79.5194895377986, 43.6974792497137], [-79.5197569870039, 43.6977299706487], [-79.5200440280614, 43.6979794545303], [-79.5203184392543, 43.6982581573122], [-79.5206942908482, 43.6987604343092], [-79.5207999871072, 43.6989913879098], [-79.5209428772932, 43.6992888182713], [-79.5209441196319, 43.6992927519233], [-79.5210458280916, 43.6995384857024], [-79.5211828639928, 43.699725524867], [-79.5214368955181, 43.6998777524864], [-79.5218092861139, 43.7000519204462], [-79.5221020056958, 43.7001712301219], [-79.5221398543838, 43.7001940770244], [-79.5223561522107, 43.7002872698263], [-79.5228238352443, 43.7004692105449], [-79.5233317597842, 43.7006936542528], [-79.5238589741188, 43.7008697457123], [-79.5244458862774, 43.7010561009992], [-79.5249746149683, 43.7012464626457], [-79.5255805278449, 43.701428902066], [-79.5260952722595, 43.7016592001276], [-79.5266524580893, 43.7018970831447], [-79.5271802275424, 43.7020752021915], [-79.5272170443822, 43.702087147564], [-79.5277390109319, 43.7022390717969], [-79.5282587422306, 43.702329326352], [-79.5285732127027, 43.7024237977278], [-79.5287829032025, 43.7025696738011], [-79.5290351688709, 43.7029045920337], [-79.5291741184543, 43.7032621150148], [-79.5294093717218, 43.7035579717644], [-79.52971842926, 43.7038329351508], [-79.5300996781594, 43.704035363915], [-79.5303859737467, 43.7043098364275], [-79.5307444150733, 43.7045932897122], [-79.5311605971194, 43.7047912137222], [-79.5317135863204, 43.7049080784805], [-79.5319415954287, 43.7049395192764], [-79.5321940397483, 43.7049754539439], [-79.5327097737068, 43.705006802214], [-79.5331739300782, 43.7050156698537], [-79.5336608831656, 43.7049435171375], [-79.5341327145982, 43.7048353529058], [-79.5345831827271, 43.70469119725], [-79.5350184166016, 43.7045550830378], [-79.5354404145692, 43.7044891985717], [-79.5357859957793, 43.7045137539909], [-79.5359644937979, 43.7045979496732], [-79.5360240997568, 43.7047849414956], [-79.5359534309438, 43.7050007244103], [-79.535727048135, 43.7053316287787], [-79.5356035587143, 43.7056990363999], [-79.5355444705616, 43.7060951198254], [-79.535508924752, 43.7062886673227], [-79.5355000587065, 43.7063831831445], [-79.5354460373094, 43.7067882659107], [-79.5354511176093, 43.7068602752793], [-79.5354709734554, 43.7071609022469], [-79.5355595696226, 43.7075610894292], [-79.5356621527882, 43.707902601268], [-79.5358400355926, 43.7081248774538], [-79.534023237803, 43.7085574756517], [-79.5323017408466, 43.7089754626427], [-79.5323029324812, 43.7091148563901], [-79.5325526190967, 43.7099637046122], [-79.5323504443589, 43.710451764969], [-79.5308679593766, 43.7106877652893]]]]}"
76,Beechborough-Greenbrook,112,6963,60,67,62,62,47,67,47,57,71,903.0704,1014.229,940.1061,928.2827,691.7869,974.262,679.6818,824.1758,1019.675,10,7,9,9,11,13,15,18,21,150.5117,105.9643,136.467,134.7507,161.9076,189.0359,216.9197,260.2661,260.2661,1,5,1,,1,1,,,,15.05117,75.68877,15.163,,14.71887,14.54122,,,,20,15,11,16,25,11,7,7,13,301.0235,227.0663,166.793,239.5568,367.9717,159.9535,101.2292,101.2146,186.7011,,,,,,,,2,,,,,,,,,28.91845,,16,11,13,9,13,12,4,13,2,240.8188,197.119,134.7507,191.3453,174.4947,57.84526,187.9699,28.72325,166.5153,1,4,1,1,,5,1,5,2,15.05117,60.55101,15.163,14.9723,,72.70612,14.46132,72.29613,28.72325,9,17,8,17,12,7,21,13,9,135.4606,257.3418,121.304,254.5291,176.6264,101.7886,303.6876,187.9699,129.2546,2,5,4,2,,2,2,,2,30.10235,75.68877,60.65201,29.9446,,29.08245,28.92263,,28.72325,"{'type': 'MultiPolygon', 'coordinates': [[[[-79.4867753000588, 43.68752370446], [-79.4870785690231, 43.6874714059466], [-79.4889864586835, 43.688411602255], [-79.4900266922922, 43.6889203976059], [-79.4930571111042, 43.6904098152785], [-79.4979874141508, 43.6928304390891], [-79.4976474406097, 43.6929935184562], [-79.4938440087716, 43.6938063282668], [-79.4898141788708, 43.6946387228494], [-79.4877389835993, 43.6950651712598], [-79.4873380381118, 43.6951453024163], [-79.4865552169628, 43.6952772528496], [-79.4854658659521, 43.6954765706754], [-79.4835180417995, 43.6959141652765], [-79.4804391703417, 43.6966172202732], [-79.4755573254471, 43.6976979114263], [-79.4746066436102, 43.6978741840259], [-79.4688056344484, 43.6992747703054], [-79.4671056677532, 43.6996820612191], [-79.4665523438251, 43.6977805494702], [-79.4665485791048, 43.6977676315697], [-79.4661057698651, 43.6961649662015], [-79.4660416383982, 43.6959319035681], [-79.4659794804826, 43.6956985981673], [-79.4659165781207, 43.6954652575203], [-79.4658527961117, 43.6952321229146], [-79.4657884309648, 43.6949990515669], [-79.4657231721275, 43.6947661050348], [-79.4656570471073, 43.6945332755828], [-79.4656037711082, 43.694347832952], [-79.4655901888286, 43.6943005091702], [-79.465522588069, 43.6940680217641], [-79.4655024067298, 43.6939980754448], [-79.4654812206742, 43.6939283092128], [-79.4654593153301, 43.6938587223984], [-79.4654366537363, 43.6937892073592], [-79.4654131101951, 43.6937198272343], [-79.465388711726, 43.6936506904323], [-79.4653634438799, 43.6935816337891], [-79.4653374327514, 43.6935126761046], [-79.4653106760257, 43.6934440055277], [-79.4652830515845, 43.6933753989232], [-79.465254558722, 43.693307078676], [-79.4652253213236, 43.6932388582689], [-79.4651953394856, 43.6931708799634], [-79.4651644898058, 43.6931030196493], [-79.4651327832455, 43.693035382818], [-79.4651003080865, 43.6929679625512], [-79.4650671007172, 43.6929006945092], [-79.4650330130448, 43.6928337414726], [-79.4649891261503, 43.69276358109], [-79.4649626405799, 43.6927003118711], [-79.4649262076277, 43.6926339521655], [-79.4648890306236, 43.6925677715337], [-79.4648511097082, 43.692501861816], [-79.4648123189094, 43.6924362483312], [-79.4647729088216, 43.692370787682], [-79.4647324818165, 43.6923056960206], [-79.4646239079372, 43.6921641978641], [-79.4648665097899, 43.6920878882035], [-79.4650770589877, 43.692029840411], [-79.465383053319, 43.6919487950792], [-79.4657560479881, 43.6918866453244], [-79.466653147784, 43.6917980954616], [-79.4674889403683, 43.6917286932688], [-79.4676992822481, 43.6917246843442], [-79.4678678311121, 43.6917214905215], [-79.4683746266654, 43.6916290362467], [-79.4687865449756, 43.6915643756522], [-79.4694383586515, 43.6914355815496], [-79.4697245620711, 43.69137050605], [-79.4704046967073, 43.6912339902901], [-79.4715184560022, 43.6909863595354], [-79.4727467377972, 43.6906926315741], [-79.4739151166099, 43.6904296705652], [-79.4750659527584, 43.6901739393956], [-79.4761023313379, 43.6899272994685], [-79.4771847352492, 43.6896781759971], [-79.4789014694751, 43.6893050232037], [-79.4810420179731, 43.6888198232348], [-79.4828816146524, 43.6883769527217], [-79.4837295310739, 43.6881835842201], [-79.4865980244665, 43.6875574660673], [-79.4867753000588, 43.68752370446]]]]}"
77,Rockcliffe-Smythe,111,23327,134,136,142,113,132,148,126,139,175,580.7151,591.9735,619.168,489.3893,565.6011,630.2163,537.4739,596.7714,750.2036,48,41,34,50,53,38,62,47,61,208.0173,178.4626,148.2515,216.544,227.0974,161.8123,264.4713,201.786,201.786,11,13,9,12,6,5,1,11,7,47.67064,56.5857,39.24305,51.97055,25.70914,21.29109,4.265666,47.22652,47.22652,37,38,38,37,24,43,37,35,33,160.3467,165.4044,165.6929,160.2425,102.8366,183.1034,157.8296,150.2662,141.467,,2,,,,1,2,1,,,9,,,,4.258218,8.531331,4.29332,,39,37,61,47,19,9,14,16,19,169.0141,265.9807,203.5513,81.41229,38.32397,59.71932,68.69312,81.45068,161.0516,2,6,3,1,4,6,5,12,7,8.667389,26.11648,13.08101,4.330879,17.13943,25.54931,21.32833,51.51984,30.00814,51,54,42,58,75,72,66,42,51,221.0184,235.0483,183.1342,251.191,321.3643,306.5917,281.5339,180.3194,218.6308,7,3,4,10,15,9,4,5,12,30.33586,13.05824,17.44135,43.30879,64.27286,38.32397,17.06266,21.4666,51.44254,"{'type': 'MultiPolygon', 'coordinates': [[[[-79.4751566054671, 43.6811610302849], [-79.4746850990151, 43.6808599768658], [-79.4742623886342, 43.6805648465171], [-79.4738396710815, 43.6802933064258], [-79.473384424153, 43.6799686594256], [-79.4727747628838, 43.6794964591289], [-79.4724228889345, 43.6792277575761], [-79.4726386713225, 43.6792212118934], [-79.473454159574, 43.6790235817789], [-79.4738288285242, 43.6793879787409], [-79.4744194588681, 43.6792479707421], [-79.4760050421008, 43.6788756874604], [-79.475841635708, 43.6784866067008], [-79.4758341263997, 43.6783780765736], [-79.4747095384327, 43.6775096104906], [-79.4737146425077, 43.676735273011], [-79.473659498491, 43.6766613053628], [-79.4736254513683, 43.6765574402872], [-79.473659646494, 43.6762953387314], [-79.4738808358614, 43.6756888530393], [-79.473860446524, 43.6756630151711], [-79.4737749962046, 43.6755547360755], [-79.4735036483657, 43.6752108502779], [-79.4741951486784, 43.6749903858846], [-79.4750461752939, 43.674801187078], [-79.4783691256545, 43.6740866185646], [-79.4782451172256, 43.6737961582076], [-79.4785870386391, 43.6737153276986], [-79.478842826527, 43.6736510252452], [-79.4785720491644, 43.6730094682938], [-79.4807812950233, 43.6725163717797], [-79.4804008751293, 43.6715749666277], [-79.4802636194942, 43.6712414260079], [-79.4800789629417, 43.6707791575168], [-79.4803186883123, 43.6707224633584], [-79.4812027967366, 43.6705309922889], [-79.4817197417217, 43.6704150580483], [-79.4823865450719, 43.6702665141426], [-79.4833854658412, 43.6700436919358], [-79.4839435125344, 43.6699218759736], [-79.4835673194051, 43.6690021832298], [-79.4833340513304, 43.6684795592218], [-79.4830919774239, 43.6679371659406], [-79.4828825193965, 43.6674366157467], [-79.4828360137921, 43.6673254783937], [-79.4827621603743, 43.6671489870113], [-79.482720388581, 43.6670491646079], [-79.4826315540811, 43.6668368188523], [-79.482644673302, 43.6668358306331], [-79.4827807031113, 43.6668278574767], [-79.4852724082039, 43.6666746431862], [-79.486336383928, 43.6666143129517], [-79.4881793750955, 43.6665098061501], [-79.4914462127975, 43.6662997265315], [-79.499236708192, 43.6658703114173], [-79.4992863068505, 43.6658658106883], [-79.4993575933096, 43.6658568010402], [-79.4994292637412, 43.6658522920319], [-79.4995009344506, 43.665843290941], [-79.4995725924586, 43.6658387816797], [-79.4996446597652, 43.6658342723442], [-79.4997163423508, 43.6658297714187], [-79.499788397239, 43.6658252618296], [-79.4998604518934, 43.6658207611958], [-79.4999325323217, 43.6658207528961], [-79.5000049834197, 43.665820752117], [-79.5000770512271, 43.6658207525644], [-79.5001491184829, 43.6658162429099], [-79.500221197469, 43.6658162425126], [-79.5056268035961, 43.6654829196083], [-79.5059673817452, 43.6654558983644], [-79.506233214532, 43.6654243705579], [-79.5065431912467, 43.6654018412376], [-79.5068578260663, 43.6653478051842], [-79.5071685557925, 43.6653072807191], [-79.5073959969539, 43.6652667508471], [-79.5076226575451, 43.6652307302833], [-79.5077139038873, 43.665208643989], [-79.5077900220623, 43.6651902128651], [-79.508147254434, 43.6650956653716], [-79.5084122714241, 43.6650146337373], [-79.5085583575291, 43.6649741084962], [-79.5087846266158, 43.6649020802435], [-79.5090771392541, 43.6647850309878], [-79.5093812883423, 43.6646409761043], [-79.5096850398222, 43.6644879185289], [-79.5099845355291, 43.6643348613802], [-79.5101263317622, 43.6642448261019], [-79.5103808652659, 43.6640872803714], [-79.510684998749, 43.6638892137184], [-79.5109286878962, 43.6637091453526], [-79.5111483500616, 43.6635560749766], [-79.511354091483, 43.6633625079012], [-79.5115400355122, 43.6631959464125], [-79.5117213531415, 43.663024883647], [-79.5122149107975, 43.6626422396637], [-79.5124075647659, 43.6629302619583], [-79.5125870633521, 43.663330801883], [-79.5126972134884, 43.6637178470943], [-79.5128065845729, 43.6641138940389], [-79.5128722036796, 43.6645279483921], [-79.5129587432053, 43.6649465004151], [-79.5130518524801, 43.6653515419417], [-79.5130841691367, 43.6657655994913], [-79.5130788635562, 43.6661751698014], [-79.5129898521524, 43.6665532448567], [-79.5128008591421, 43.6668683223466], [-79.512532409809, 43.667151903426], [-79.5121670610506, 43.6673634923555], [-79.5117901098603, 43.6676020847576], [-79.5114612043266, 43.6679036815409], [-79.5112772702738, 43.668286265051], [-79.5113471303804, 43.6686643146575], [-79.5114898589793, 43.6690648595939], [-79.5115135203832, 43.6691323673883], [-79.51163570689, 43.6694834068075], [-79.5117416142484, 43.669901957729], [-79.5118072516616, 43.6703520262848], [-79.5118460688566, 43.6706175620431], [-79.511872467594, 43.6707930853968], [-79.5119690826551, 43.6712341309864], [-79.5120935899197, 43.67168418423], [-79.5122525854831, 43.6721252249909], [-79.5123581015917, 43.6725887723888], [-79.5124349630635, 43.6730658252712], [-79.5124428465336, 43.67352488369], [-79.5124207738368, 43.6735923956199], [-79.5123042108367, 43.6739434604491], [-79.5120508533472, 43.6743305443084], [-79.5116595140892, 43.6746591332899], [-79.5112239924232, 43.6749742139878], [-79.510730690989, 43.6752353001431], [-79.5102195665445, 43.6755188884137], [-79.5098634185039, 43.6756944452755], [-79.5097010424992, 43.6757754625926], [-79.5092476501426, 43.6760455398569], [-79.5088376351815, 43.6763966147262], [-79.5085233850379, 43.6767611921913], [-79.5082788992157, 43.6771707605712], [-79.5080793837903, 43.6776073301352], [-79.5078969305785, 43.6780439068886], [-79.5076881423725, 43.6784625008517], [-79.5074630671394, 43.6788810950883], [-79.5074437118763, 43.6789171018088], [-79.5072457387439, 43.6792771759091], [-79.5071709611153, 43.6793581830222], [-79.5069399927843, 43.6796057336569], [-79.5065601893784, 43.6798442997449], [-79.5061191584044, 43.6800198771925], [-79.5057657171212, 43.6802449552615], [-79.5055316708217, 43.6805735336074], [-79.5054697011643, 43.6809290703005], [-79.5055457153656, 43.6813025850379], [-79.5056360663532, 43.6816536046233], [-79.5057055038503, 43.68196862062], [-79.5059726052582, 43.6822341270962], [-79.5064086854139, 43.6823510942078], [-79.5069207188583, 43.68240952741], [-79.5074517265717, 43.682440953215], [-79.507947859447, 43.682404870338], [-79.5084234288891, 43.6823732952769], [-79.5084505672755, 43.6823732929164], [-79.5088951692286, 43.6824497435093], [-79.5092525949615, 43.6826387245946], [-79.5095406673226, 43.6829222248862], [-79.5097810672755, 43.6832282490643], [-79.510014471639, 43.6835252721926], [-79.5101203620624, 43.6838313156374], [-79.5101964277321, 43.6840291128655], [-79.5102363227927, 43.6841328586546], [-79.508087470114, 43.6845306186792], [-79.5079002427449, 43.6845652684978], [-79.5076971491358, 43.6845923042515], [-79.5074890081657, 43.6846238413875], [-79.5072308810993, 43.6846553798195], [-79.5069708045306, 43.6846734170151], [-79.5067328038841, 43.6846779499514], [-79.5065072195304, 43.6846734625112], [-79.5062440140949, 43.6846644842854], [-79.5060013602675, 43.6846464947377], [-79.5058021190181, 43.6846240112068], [-79.5055218580732, 43.6846150235168], [-79.5053005140405, 43.6845835388339], [-79.5051024372304, 43.6845475608145], [-79.5048531705891, 43.6844980822515], [-79.5046500462179, 43.6844531019765], [-79.5045686400893, 43.6844306111891], [-79.504221710193, 43.6843901455755], [-79.5040867933815, 43.6843496531429], [-79.503986782378, 43.6843181612526], [-79.5038445233714, 43.6842776696634], [-79.503699163261, 43.6842326677762], [-79.5035084434834, 43.684178674745], [-79.5033595875902, 43.6841516839008], [-79.5032130630941, 43.6841246936845], [-79.5030459998967, 43.6841022036015], [-79.5028983227833, 43.6840797133221], [-79.5027351162202, 43.6840527227527], [-79.5025920912796, 43.6840437249925], [-79.502437022386, 43.6840392359341], [-79.5023354757454, 43.6840392477071], [-79.502216091228, 43.6840302486434], [-79.5020850737094, 43.6840212590515], [-79.5017978572958, 43.6839942686784], [-79.5016327432396, 43.6840122825566], [-79.5014854396476, 43.6840122942055], [-79.5013106248031, 43.684012305046], [-79.5011032758852, 43.6840303189305], [-79.5009044244145, 43.6840483322546], [-79.5007009451277, 43.684075355913], [-79.5005125863351, 43.6841023696126], [-79.5003575555875, 43.6841248826215], [-79.4988263604316, 43.6844849922933], [-79.4987724826807, 43.6843166128205], [-79.4977435317259, 43.6811029856195], [-79.4974074003848, 43.681120476711], [-79.4971613018498, 43.6811283380383], [-79.4971135264513, 43.6811300111687], [-79.496811341624, 43.6811405790477], [-79.4965126299203, 43.6811567823202], [-79.4964149681988, 43.6811717215378], [-79.4959126070449, 43.6812867956522], [-79.49578490396, 43.6813241277415], [-79.4956628555287, 43.6813745672189], [-79.4955874542403, 43.6814144216192], [-79.4954618963334, 43.6814644374205], [-79.4950757473834, 43.6817076906023], [-79.4946319234269, 43.6817975042097], [-79.4937383628222, 43.6820095837829], [-79.4917353410446, 43.6824694678222], [-79.4908742323994, 43.6826801596529], [-79.4902560100349, 43.6828178370805], [-79.4893415575787, 43.6830274146487], [-79.4890874895503, 43.6830897607542], [-79.4883027156788, 43.6832435961132], [-79.4870732901154, 43.6835161584225], [-79.4861409891267, 43.6837381388605], [-79.4840030029011, 43.684237990494], [-79.4834165869145, 43.6848344059536], [-79.4834029226802, 43.6848602646855], [-79.4834123068078, 43.6848821029261], [-79.4830136997053, 43.6852453098799], [-79.4828893328916, 43.6853586274466], [-79.4807086574578, 43.684260219228], [-79.4797078762584, 43.6837538841449], [-79.4779612885319, 43.6828728635105], [-79.4775060271348, 43.6826072360338], [-79.4771899119597, 43.682432017517], [-79.4770344975341, 43.682341594331], [-79.4765792519813, 43.6820582572636], [-79.4761158656351, 43.6817631165061], [-79.4760667621918, 43.6817316919348], [-79.4755874558847, 43.6814384625477], [-79.4751566054671, 43.6811610302849]]]]}"
78,Keelesdale-Eglinton West,110,11928,71,63,55,61,78,60,84,75,105,623.135,551.4706,478.7188,526.0888,662.7581,504.838,705.8823,632.2178,880.2817,18,14,16,29,23,33,23,24,29,157.9779,122.549,139.2636,250.1078,195.4287,277.6609,193.2773,202.3097,202.3097,3,4,3,6,3,2,5,2,3,26.32965,35.014,26.11193,51.74644,25.4907,16.82793,42.01681,16.85914,16.85914,23,20,14,14,31,18,23,27,17,201.8606,175.07,121.8557,120.7417,263.4039,151.4514,193.2773,227.5984,142.5218,1,,,1,,1,,3,,8.776549061,,,9,,8.413967,,25.28871,,35,20,28,24,20,11,11,7,11,307.1792,243.7114,206.9858,169.938,92.55364,92.43697,59.007,92.21999,175.07,2,5,1,3,5,,2,2,,17.5531,43.76751,8.703978,25.87322,42.48449,,16.80672,16.85914,,18,17,12,22,21,29,31,34,18,157.9779,148.8095,104.4477,189.737,178.4349,244.0051,260.5042,286.6054,150.9054,1,2,,4,3,9,4,1,,8.776549,17.507,,34.49763,25.4907,75.72571,33.61345,8.429571,,"{'type': 'MultiPolygon', 'coordinates': [[[[-79.4620997164886, 43.6857261521058], [-79.4620280882399, 43.685209048509], [-79.4619706412845, 43.685217553864], [-79.4618370151303, 43.6846909774116], [-79.4618231005419, 43.6846279639245], [-79.4618083929567, 43.6845649586698], [-79.4617929254352, 43.6845064451121], [-79.4617770785895, 43.6844389387969], [-79.4617600648619, 43.684375924103], [-79.4617418800947, 43.6843174180814], [-79.4617233029269, 43.6842544120494], [-79.4617043538286, 43.6841913965055], [-79.461684222509, 43.6841328903827], [-79.4616633380164, 43.6840698739899], [-79.4616416716886, 43.6840068668769], [-79.4616188248677, 43.6839483502987], [-79.4615960048085, 43.6838853420514], [-79.4615720197697, 43.6838223343233], [-79.4615472500245, 43.6837638170542], [-79.461521699693, 43.6837053090794], [-79.4614953699175, 43.6836423003817], [-79.4614682690802, 43.6835837823251], [-79.4614404022204, 43.683520772729], [-79.4614117504037, 43.6834622634902], [-79.4613823420373, 43.6834037458588], [-79.4613525131641, 43.6833452270598], [-79.4613215541057, 43.6832867074421], [-79.4613017960541, 43.6832475006368], [-79.4612898056888, 43.683223687864], [-79.4612576783539, 43.6831696688333], [-79.461224750191, 43.6831066486581], [-79.4611906797642, 43.6830481285271], [-79.4611562201318, 43.6829941095757], [-79.4611209836074, 43.6829355890278], [-79.4610849655407, 43.6828770678486], [-79.4607513471757, 43.6823755087722], [-79.4604431873817, 43.6819100432812], [-79.4605062404267, 43.6818962488054], [-79.4611438094199, 43.6817566762681], [-79.461110985565, 43.6816701987942], [-79.4616595462649, 43.6815510808644], [-79.4627094248934, 43.6813232898571], [-79.4637880606082, 43.6810910424701], [-79.4648684985018, 43.6808586326099], [-79.4654801941435, 43.6807283539095], [-79.4653321533968, 43.6803650968331], [-79.4660127528286, 43.6802102992114], [-79.4660906697789, 43.6802046596725], [-79.4666814043548, 43.6800794540717], [-79.4683353110657, 43.6797289002506], [-79.4703882028422, 43.6792940658376], [-79.4704808580994, 43.6792767444646], [-79.4705693661031, 43.6794993151238], [-79.4717823556077, 43.6792440915382], [-79.4724228889345, 43.6792277575761], [-79.4727747628838, 43.6794964591289], [-79.473384424153, 43.6799686594256], [-79.4738396710815, 43.6802933064258], [-79.4742623886342, 43.6805648465171], [-79.4746850990151, 43.6808599768658], [-79.4751566054671, 43.6811610302849], [-79.4755874558847, 43.6814384625477], [-79.4760667621918, 43.6817316919348], [-79.4761158656351, 43.6817631165061], [-79.4765792519813, 43.6820582572636], [-79.4770344975341, 43.682341594331], [-79.4771899119597, 43.682432017517], [-79.4775060271348, 43.6826072360338], [-79.4779612885319, 43.6828728635105], [-79.4797078762584, 43.6837538841449], [-79.4807086574578, 43.684260219228], [-79.4828893328916, 43.6853586274466], [-79.4870785690231, 43.6874714059466], [-79.4867753000588, 43.68752370446], [-79.4865980244665, 43.6875574660673], [-79.4837295310739, 43.6881835842201], [-79.4828816146524, 43.6883769527217], [-79.4810420179731, 43.6888198232348], [-79.4789014694751, 43.6893050232037], [-79.4771847352492, 43.6896781759971], [-79.4761023313379, 43.6899272994685], [-79.4750659527584, 43.6901739393956], [-79.4739151166099, 43.6904296705652], [-79.4727467377972, 43.6906926315741], [-79.4715184560022, 43.6909863595354], [-79.4704046967073, 43.6912339902901], [-79.4697245620711, 43.69137050605], [-79.4694383586515, 43.6914355815496], [-79.4687865449756, 43.6915643756522], [-79.4683746266654, 43.6916290362467], [-79.4678678311121, 43.6917214905215], [-79.4676992822481, 43.6917246843442], [-79.4674889403683, 43.6917286932688], [-79.466653147784, 43.6917980954616], [-79.4657560479881, 43.6918866453244], [-79.465383053319, 43.6919487950792], [-79.4650770589877, 43.692029840411], [-79.4648665097899, 43.6920878882035], [-79.4646239079372, 43.6921641978641], [-79.4644151889335, 43.6918117957969], [-79.4643524399978, 43.691712753082], [-79.4642900861755, 43.6916182193647], [-79.4642284894368, 43.6915236867824], [-79.4641680592795, 43.6914291545369], [-79.4641080127377, 43.6913346220116], [-79.4640487637202, 43.6912355892452], [-79.4639902686059, 43.691141056798], [-79.4639325586124, 43.6910420239453], [-79.4638752302206, 43.6909474927126], [-79.4638190703774, 43.690848460828], [-79.4637636780505, 43.6907539294504], [-79.463708672536, 43.6906548977195], [-79.4636548459768, 43.6905558665035], [-79.4636014032441, 43.6904568260149], [-79.4635487401726, 43.6903622952047], [-79.4634968361528, 43.690263264547], [-79.4634457172633, 43.6901597334929], [-79.4633953615727, 43.6900651949151], [-79.4633458032018, 43.6899661642103], [-79.4632970018598, 43.6898671346583], [-79.4632489687527, 43.68976810461], [-79.4632017334074, 43.6896645653359], [-79.463155264004, 43.6895655364648], [-79.4631262195433, 43.6894935166539], [-79.4630968031497, 43.6894214873311], [-79.4630681546211, 43.6893494683267], [-79.4630398953426, 43.6892729481227], [-79.4630127855706, 43.6892009281882], [-79.4629864825897, 43.6891289001893], [-79.4629605392638, 43.6890568815226], [-79.4629357623411, 43.6889848632307], [-79.4629117692193, 43.6889083445461], [-79.4628885436351, 43.6888363173952], [-79.4628661016192, 43.6887597988531], [-79.4628444256388, 43.6886877817298], [-79.4628235562227, 43.6886157646459], [-79.4628034333896, 43.6885392466707], [-79.4627844748739, 43.6884672300708], [-79.4627659154979, 43.688390713309], [-79.4627485194426, 43.6883186880059], [-79.4627314987277, 43.6882421712251], [-79.4627156410717, 43.6881701558046], [-79.4627005796021, 43.6880936401619], [-79.4625352131501, 43.6874420712972], [-79.4624805838567, 43.6872268591821], [-79.462234337378, 43.6862565537848], [-79.4620997164886, 43.6857261521058]]]]}"
79,Palmerston-Little Italy,80,14657,84,80,69,83,83,95,60,78,84,583.4144,557.7634,481.4066,574.3945,567.832,645.2051,408.0245,533.0782,573.105,14,16,14,15,20,13,16,11,24,97.23573,111.5527,97.67669,103.8062,136.827,88.29122,108.8065,75.1777,75.1777,47,52,54,52,65,48,65,28,32,326.4342,362.5462,376.753,359.8616,444.6877,325.9984,442.0265,191.3614,191.3614,54,44,40,37,46,51,48,32,36,375.0521,306.7699,279.0763,256.0554,314.7021,346.3733,326.4196,218.6987,245.6164,,,,,,,,1,1,,,,,,,,6.834336,6.822679,29,16,30,14,21,10,9,9,13,201.4169,209.3072,96.88581,143.6683,67.91633,61.20367,61.50902,88.69482,111.5527,1,,,1,,,,,,6.945409,,,6.920415,,,,,,42,112,45,84,80,65,51,22,42,291.7072,780.8687,313.9608,581.3149,547.3079,441.4561,346.8208,150.3554,286.5525,6,1,6,7,11,12,4,,7,41.67245,6.972042,41.86144,48.44291,75.25484,81.4996,27.20163,,47.75875,"{'type': 'MultiPolygon', 'coordinates': [[[[-79.4126198093168, 43.6554710949333], [-79.4138816219298, 43.6552217063832], [-79.4150608944595, 43.6549799479098], [-79.4151822591251, 43.6549588313101], [-79.4152973621783, 43.6549463057059], [-79.4154383115485, 43.6549363641077], [-79.415558587886, 43.6549478044902], [-79.4156122766637, 43.6549604906717], [-79.4167364539321, 43.655123879733], [-79.4170832097267, 43.6551794901642], [-79.4179099254065, 43.6552543025077], [-79.4180258297424, 43.655263117263], [-79.4180950161402, 43.6552668121228], [-79.4181879808873, 43.6552604248584], [-79.4182527566559, 43.6552615059728], [-79.4183322845769, 43.6552545148398], [-79.4185910367883, 43.6552431509191], [-79.4187705598886, 43.6552104774108], [-79.418876282752, 43.6551952505082], [-79.4190353332563, 43.6551657220275], [-79.4197178873733, 43.6550479884166], [-79.4202771349428, 43.6549195073676], [-79.4214922343831, 43.6546648807062], [-79.4227083179831, 43.6544088374637], [-79.4239629104805, 43.654131042076], [-79.4251898173498, 43.6538773203684], [-79.4264072966003, 43.6536089341696], [-79.4274404711401, 43.6561802281884], [-79.4285643246923, 43.6589741004433], [-79.4292844582671, 43.660768670144], [-79.4294412537159, 43.6611593444024], [-79.428208537073, 43.6614450717084], [-79.4280573184406, 43.6614891097452], [-79.4268616236685, 43.6617451416791], [-79.4256627285012, 43.6619934988002], [-79.4246485993388, 43.6622071476088], [-79.4244362768433, 43.6622586662296], [-79.4232718420585, 43.6625185246462], [-79.4220632197366, 43.6627868829044], [-79.420918184496, 43.6630340654597], [-79.4202522198705, 43.663179829358], [-79.4189382869702, 43.6634673986463], [-79.4188737181833, 43.6634815301241], [-79.4184197912836, 43.6635933367849], [-79.4172213327043, 43.6638426493182], [-79.4161171306353, 43.6640772116025], [-79.4159952304897, 43.6640968711925], [-79.4148618324173, 43.6643486822555], [-79.4136530244154, 43.6646255564682], [-79.4124405858401, 43.6648935940509], [-79.4118470796597, 43.665005447864], [-79.4118162489729, 43.6650091323883], [-79.4112162375035, 43.6651243265924], [-79.4107197784947, 43.6638388095166], [-79.4102529373656, 43.6626777205568], [-79.409772515871, 43.6615233888235], [-79.4094398559475, 43.6607142196256], [-79.4090923022853, 43.6598147546022], [-79.4084717801576, 43.6582977836024], [-79.4077261813609, 43.6564905413244], [-79.4083577353481, 43.6563619069781], [-79.4089632058747, 43.6562385676554], [-79.410165393288, 43.6559797040871], [-79.4114114797968, 43.6557229768196], [-79.4126198093168, 43.6554710949333]]]]}"
80,University,79,7449,134,155,124,160,125,129,74,92,110,1903.95,2213.653,1774.724,2258.292,1734.906,1759.411,1003.118,1243.243,1476.708,9,7,13,7,10,12,6,6,16,127.8772,99.97144,186.0598,98.80029,138.7925,163.6661,81.33388,81.08108,81.08108,106,110,136,145,140,75,69,61,116,1506.11,1570.98,1946.472,2046.577,1943.095,1022.913,935.3395,824.3243,824.3243,73,60,51,64,74,91,59,32,38,1037.226,856.898,729.927,903.3169,1027.065,1241.135,799.7831,432.4324,510.1356,,,,1,,1,,,,,,,14,,13.63884,,,,48,24,34,23,20,16,9,12,14,682.012,486.618,324.6295,277.585,218.2215,122.0008,162.1622,187.9447,342.7592,,,,1,1,,,1,,,,,14.11433,13.87925,,,13.51351,,79,72,60,114,73,59,58,23,79,1122.478,1028.278,858.7377,1609.033,1013.185,804.6918,786.2275,310.8108,1060.545,7,10,6,6,18,7,6,5,12,99.46008,142.8163,85.87376,84.68596,249.8265,95.4719,81.33388,67.56757,161.0954,"{'type': 'MultiPolygon', 'coordinates': [[[[-79.3996323593638, 43.6579935089851], [-79.3997607330251, 43.6579768072015], [-79.3998389753269, 43.6579778118038], [-79.4000516623392, 43.6579570967416], [-79.4001844389435, 43.6579766112103], [-79.4002831551714, 43.6579752297594], [-79.4008140340064, 43.6578668561632], [-79.4010370958741, 43.6578249596443], [-79.4018492377647, 43.6576614298743], [-79.4028300502329, 43.6574671813139], [-79.4032035512858, 43.6573914727122], [-79.4038143953593, 43.6572703265141], [-79.4040796720123, 43.6572173509076], [-79.4045334691716, 43.6571265657241], [-79.4052315922531, 43.65698786806], [-79.405835485886, 43.6568667680113], [-79.4065231468038, 43.656730530329], [-79.4077261813609, 43.6564905413244], [-79.4084717801576, 43.6582977836024], [-79.4090923022853, 43.6598147546022], [-79.4094398559475, 43.6607142196256], [-79.409772515871, 43.6615233888235], [-79.4102529373656, 43.6626777205568], [-79.4107197784947, 43.6638388095166], [-79.4112162375035, 43.6651243265924], [-79.4105974529814, 43.6652629691559], [-79.4099959084162, 43.6653977604589], [-79.4093221916471, 43.6655336968925], [-79.4086840864271, 43.6656851679863], [-79.4074763502105, 43.6659231732233], [-79.4066762373438, 43.6660870580207], [-79.4062773627028, 43.6661735410404], [-79.4053580472027, 43.6663674550293], [-79.4045218879649, 43.6665323397836], [-79.4038739791642, 43.6666658716423], [-79.4027104187793, 43.6669140261816], [-79.4015421964145, 43.6671704457226], [-79.3998397171416, 43.667525455778], [-79.3983678177985, 43.6678402113722], [-79.397384031846, 43.6680418084223], [-79.3958789869032, 43.6683413718567], [-79.3941446527664, 43.6687288434932], [-79.3935294397751, 43.667273656649], [-79.3931539750309, 43.6663810937706], [-79.3931719908959, 43.6662561356795], [-79.3931720712291, 43.6662108680584], [-79.3931721317861, 43.6661699211156], [-79.3931811256846, 43.6661182167996], [-79.3931960691518, 43.6660686607201], [-79.3932139453499, 43.6660148042061], [-79.3932496767982, 43.6659545016468], [-79.3932823948663, 43.6659157452873], [-79.3933240425764, 43.6658683653985], [-79.393356760536, 43.6658360719929], [-79.3933934397397, 43.665800442508], [-79.3933955373136, 43.6657993195007], [-79.3934199764869, 43.6657858403273], [-79.39344403115, 43.6657723611455], [-79.393467683727, 43.6657543797739], [-79.3934905724951, 43.6657408994992], [-79.3935130656193, 43.6657274181603], [-79.3935348080861, 43.6657094360352], [-79.3935561353177, 43.6656959536053], [-79.3935770852296, 43.6656779702356], [-79.3935972661318, 43.6656599868571], [-79.3936170637872, 43.6656420025899], [-79.3936356871372, 43.6656285181541], [-79.3936539291873, 43.6656060316892], [-79.3936714074684, 43.6655880454246], [-79.3936888609421, 43.6655700588087], [-79.3937047767017, 43.6655520613814], [-79.3937203158671, 43.6655295819347], [-79.3937354623709, 43.6655115934994], [-79.3937494514136, 43.6654891030659], [-79.3937630487981, 43.6654711126623], [-79.3937758650213, 43.6654531130788], [-79.3937879191985, 43.665430620657], [-79.3937969777849, 43.6654125547527], [-79.393799193214, 43.6654081280736], [-79.393809673454, 43.6653856342372], [-79.3938213359382, 43.6653676427435], [-79.3938322254562, 43.6653451492546], [-79.3938335698656, 43.6653420366033], [-79.3938419615003, 43.66532265486], [-79.3938513006422, 43.6653001602887], [-79.3938598584101, 43.6652776646393], [-79.3938676484192, 43.6652551690038], [-79.3938746570559, 43.6652326722905], [-79.3938805234065, 43.6652101739293], [-79.3938856108426, 43.6651876754257], [-79.3938903001409, 43.6651651767287], [-79.3938942164737, 43.6651381760378], [-79.3938969585398, 43.6651156751853], [-79.3938989452758, 43.6650931736216], [-79.3939005422798, 43.6650661709481], [-79.3939005817661, 43.6650436681294], [-79.3939006071523, 43.6650298331387], [-79.3939006222759, 43.6650211734284], [-79.3938991116736, 43.6649986596297], [-79.3938972173377, 43.664976163848], [-79.3938945530389, 43.6649536581458], [-79.3938907241255, 43.6649311513827], [-79.3938861138526, 43.6649086435426], [-79.3938811150947, 43.6648816346098], [-79.3938753389738, 43.664859125691], [-79.3938684106407, 43.6648366158852], [-79.3938607009278, 43.6648141059021], [-79.3935915003966, 43.6640877894621], [-79.3932123075018, 43.6630774221843], [-79.3931092152743, 43.662773674844], [-79.3929524112957, 43.6624831713411], [-79.392912613075, 43.6624326816099], [-79.3924966006871, 43.6619049923089], [-79.3924084940366, 43.6617307786308], [-79.3923012626957, 43.6614914490324], [-79.392281441426, 43.6614545973508], [-79.3922179721483, 43.6613365028128], [-79.3921372231256, 43.6612228651523], [-79.3920522219806, 43.6611304941871], [-79.3919267477163, 43.6610124310566], [-79.3918160356246, 43.6609316471783], [-79.3917431019278, 43.6608784163678], [-79.3916962716378, 43.660851367878], [-79.391648275614, 43.6608243182697], [-79.3916002713092, 43.6608017605585], [-79.3915515300134, 43.660774710325], [-79.3915023610098, 43.6607521604909], [-79.3914527942035, 43.6607296005346], [-79.3914024792377, 43.6607025487967], [-79.3913521569741, 43.6606799979718], [-79.3913010448555, 43.6606619469484], [-79.391219358025, 43.6606303729667], [-79.3911997552958, 43.6606234503541], [-79.3911676415239, 43.660617586946], [-79.3911426882158, 43.6606077968985], [-79.3911175184515, 43.6605942707911], [-79.3910931338231, 43.6605852459645], [-79.3910687243832, 43.6605762216839], [-79.3910451099172, 43.6605671977855], [-79.3910214891646, 43.6605536736563], [-79.3909986548037, 43.6605446499266], [-79.3909762258995, 43.660531126361], [-79.3909541554122, 43.6605176033354], [-79.3909324830135, 43.6605040814085], [-79.3909115907369, 43.6604905587564], [-79.3908910704894, 43.660477037737], [-79.3908713440004, 43.6604635161852], [-79.3908520105571, 43.6604454955246], [-79.3908334361942, 43.6604319757822], [-79.390815631985, 43.6604184569767], [-79.3907978351679, 43.6604004372346], [-79.390781216526, 43.6603824187729], [-79.3907649737323, 43.6603689012367], [-79.3907495208995, 43.6603508829792], [-79.3907344190688, 43.6603373670985], [-79.3907201195976, 43.6603193506715], [-79.3907069846608, 43.6603013353346], [-79.3906938459416, 43.6602788198053], [-79.3906789910501, 43.660265996191], [-79.3906426464186, 43.6601860296755], [-79.3906335828866, 43.6601660737035], [-79.3904978403915, 43.6598674230903], [-79.3925940980186, 43.659405158747], [-79.3934877630039, 43.6592085231475], [-79.3940690518875, 43.659086582404], [-79.3946140134864, 43.6589774406368], [-79.3946849327156, 43.658962707063], [-79.3952979289997, 43.6588353340039], [-79.3959058485774, 43.6587090064746], [-79.3962157600669, 43.6586493662996], [-79.3970395186635, 43.6584930829428], [-79.3982013501731, 43.6582692151615], [-79.3990555749153, 43.6581046446965], [-79.3996323593638, 43.6579935089851]]]]}"
81,Kensington-Chinatown,78,20595,327,372,370,420,436,381,394,381,380,1764.801,2029.681,2033.973,2251.045,2271.07,1935.287,1969.606,1884.087,1845.108,24,28,30,30,23,43,57,25,35,129.5267,152.7717,164.9167,160.7889,119.8041,218.4182,284.943,123.6277,123.6277,92,104,128,144,142,119,99,107,89,496.519,567.4378,703.6447,771.7869,739.6604,604.4598,494.901,529.1267,529.1267,103,99,80,106,240,278,174,97,104,555.8854,540.1572,439.7779,568.1209,1250.13,1412.099,869.826,479.6756,504.9769,,1,5,,3,,1,2,1,,5,27,,15.62663,,4.999,9.890219,4.855547,79,54,67,91,79,47,43,25,42,426.3587,368.314,487.7264,411.5012,238.7362,214.957,123.6277,203.933,294.6312,2,4,9,9,7,4,6,9,5,10.79389,21.82453,49.47501,48.23668,36.46213,20.31798,29.994,44.50599,24.27774,540,510,530,431,285,350,191,91,540,2914.351,2782.628,2913.529,2310.001,1484.53,1777.823,954.809,450.0049,2621.996,19,36,20,27,27,36,26,21,21,102.542,196.4208,109.9445,144.71,140.6396,182.8618,129.974,103.8473,101.9665,"{'type': 'MultiPolygon', 'coordinates': [[[[-79.3899392358379, 43.6585993349728], [-79.389651126626, 43.6579284474356], [-79.3894926129435, 43.6575381492089], [-79.3893311162783, 43.6571405200579], [-79.3889750481905, 43.6563660583332], [-79.3889710728927, 43.6563565311111], [-79.3886916384781, 43.6556861810066], [-79.3886024073722, 43.6554741122734], [-79.3883240924803, 43.6548126908163], [-79.3883177584772, 43.6547987688246], [-79.387941749827, 43.6539751817373], [-79.3875852560259, 43.6531164716696], [-79.3875547970794, 43.6530431437607], [-79.3872484485372, 43.6523227779465], [-79.3869995225772, 43.6517645020575], [-79.3866318706247, 43.6508614275645], [-79.3875195699723, 43.6506815030548], [-79.3886465275184, 43.6504298663366], [-79.3894799115389, 43.6502406016363], [-79.3897586020481, 43.650204532443], [-79.3902585747309, 43.6500903545973], [-79.3902938573739, 43.6500822870558], [-79.3905076396892, 43.6500386731193], [-79.3907098766475, 43.6499974064937], [-79.3911403348075, 43.6499063367159], [-79.3921592153382, 43.6496897301729], [-79.3934518402915, 43.6494150683965], [-79.3937055424924, 43.6493597481201], [-79.3963848531271, 43.6487741043426], [-79.3974181808513, 43.6485465904243], [-79.3981812566026, 43.6483822686256], [-79.3984218478531, 43.6483343974969], [-79.3996799267953, 43.6480761335071], [-79.4001495049092, 43.6479844790143], [-79.4006002846662, 43.647896487012], [-79.4009411122855, 43.6478220715061], [-79.4014169545634, 43.6477181659008], [-79.4020050657495, 43.6476218985789], [-79.4040137438791, 43.6471968746489], [-79.4041928692373, 43.647684827442], [-79.4043307645049, 43.648034798493], [-79.4043434822029, 43.6480665212123], [-79.4045926272961, 43.6486880485932], [-79.4046054929803, 43.6487201398048], [-79.4046528428949, 43.6488399790589], [-79.4047057808611, 43.6489772215909], [-79.4050132960982, 43.6497628375714], [-79.4052512450864, 43.6503707264794], [-79.4054575276265, 43.6508976836192], [-79.4055028910597, 43.65101356907], [-79.405607926646, 43.6512761437652], [-79.4056559735835, 43.6513959832797], [-79.4060256048221, 43.6523202682597], [-79.4068389034247, 43.6542957326323], [-79.4075421027444, 43.6560351314466], [-79.4077261813609, 43.6564905413244], [-79.4065231468038, 43.656730530329], [-79.405835485886, 43.6568667680113], [-79.4052315922531, 43.65698786806], [-79.4045334691716, 43.6571265657241], [-79.4040796720123, 43.6572173509076], [-79.4038143953593, 43.6572703265141], [-79.4032035512858, 43.6573914727122], [-79.4028300502329, 43.6574671813139], [-79.4018492377647, 43.6576614298743], [-79.4010370958741, 43.6578249596443], [-79.4008140340064, 43.6578668561632], [-79.4002831551714, 43.6579752297594], [-79.4001844389435, 43.6579766112103], [-79.4000516623392, 43.6579570967416], [-79.3998389753269, 43.6579778118038], [-79.3997607330251, 43.6579768072015], [-79.3996323593638, 43.6579935089851], [-79.3990555749153, 43.6581046446965], [-79.3982013501731, 43.6582692151615], [-79.3970395186635, 43.6584930829428], [-79.3962157600669, 43.6586493662996], [-79.3959058485774, 43.6587090064746], [-79.3952979289997, 43.6588353340039], [-79.3946849327156, 43.658962707063], [-79.3946140134864, 43.6589774406368], [-79.3940690518875, 43.659086582404], [-79.3934877630039, 43.6592085231475], [-79.3925940980186, 43.659405158747], [-79.3904978403915, 43.6598674230903], [-79.3903102952924, 43.6594548288143], [-79.3899871515899, 43.6587098006117], [-79.3899392358379, 43.6585993349728]]]]}"
82,North St.James Town,74,20298,153,158,136,160,167,228,232,261,220,808.7535,831.4914,711.3343,824.0626,846.5984,1140.799,1152.738,1297.41,1083.851,22,11,16,14,9,20,27,20,14,116.2914,57.88865,83.68639,72.10548,45.62506,100.07,134.1548,99.4184,99.4184,44,59,61,66,40,54,50,27,36,232.5827,310.4936,319.0544,339.9258,202.7781,270.1891,248.4349,134.2148,134.2148,71,72,52,48,71,70,61,45,37,375.304,378.9075,271.9807,247.2188,359.9311,350.2452,303.0905,223.6914,182.284,2,2,,,,,,,1,10.57194207,11,,,,,,,4.926594,35,30,21,34,30,34,35,16,23,185.009,109.8384,175.1133,152.0835,170.1191,173.9044,79.53472,113.3117,157.8781,1,,2,1,6,2,1,3,4,5.285971,,10.4608,5.150392,30.41671,10.007,4.968697,14.91276,19.70638,93,89,153,53,87,99,76,37,93,491.5953,468.3718,800.251,272.9707,441.0423,495.3467,377.621,183.924,458.1732,6,3,8,8,3,15,9,3,5,31.71583,15.78781,41.84319,41.20313,15.20835,75.05254,44.71827,14.91276,24.63297,"{'type': 'MultiPolygon', 'coordinates': [[[[-79.375718381439, 43.6665314862582], [-79.3758561336948, 43.6664948561746], [-79.3760376444734, 43.6664637107343], [-79.3761625703341, 43.6664468514796], [-79.3763142261911, 43.6664381944208], [-79.3765041189404, 43.6664374995464], [-79.3766660169213, 43.6664408699204], [-79.3768032773063, 43.6664559147911], [-79.3769896823565, 43.6664812204544], [-79.3771921836731, 43.6665243749457], [-79.3772706080022, 43.6665146478923], [-79.377316008372, 43.6665125625664], [-79.377418531466, 43.6664936623011], [-79.3783502760621, 43.6662938920069], [-79.3784050576672, 43.666454011643], [-79.3787052933179, 43.6671327707309], [-79.3790490191465, 43.6679428495095], [-79.3794552740372, 43.6689024964296], [-79.3799089585468, 43.6699825583021], [-79.3805696153298, 43.6716194038557], [-79.3794713072668, 43.6718343012832], [-79.3794184918557, 43.6718461361304], [-79.3790715806068, 43.6719239013041], [-79.3768575201473, 43.6723671299312], [-79.3764589637059, 43.6724567131006], [-79.3763201836194, 43.6724745661183], [-79.376165924043, 43.6724879014777], [-79.376053917902, 43.6724877703383], [-79.375955693101, 43.6724792749703], [-79.3758958320474, 43.6724740880139], [-79.3748581707544, 43.6723421225868], [-79.3736083481968, 43.6722149808192], [-79.3731810110661, 43.6721604819308], [-79.3714616985785, 43.6718974874027], [-79.3714477689711, 43.6718929706515], [-79.3714206088616, 43.6718825344017], [-79.3713814484938, 43.6718700417228], [-79.3713300222559, 43.6718521970076], [-79.3712712745862, 43.6718307886432], [-79.3712223363436, 43.6718040628198], [-79.3711758509306, 43.6717720020354], [-79.3711293677892, 43.6717452697464], [-79.3710731048505, 43.6716989659184], [-79.3710241993587, 43.6716562271186], [-79.3709752937741, 43.6716028115238], [-79.3709460102226, 43.6715529926383], [-79.3708982608229, 43.6714921977235], [-79.3708966904056, 43.6714841754105], [-79.3708735427854, 43.6714123278023], [-79.3704103916244, 43.6702669336955], [-79.3698348290302, 43.6688662665478], [-79.3697620410831, 43.6686818898443], [-79.3697027695409, 43.6685317522075], [-79.3695651742707, 43.6681832261464], [-79.3697550275424, 43.6681747562994], [-79.3701016305155, 43.6680979369613], [-79.3709172933885, 43.667917169028], [-79.3722114712969, 43.6676435240007], [-79.373781143437, 43.6673039193933], [-79.3746871479966, 43.6671030978556], [-79.3748613350595, 43.6669873146585], [-79.3750049372228, 43.6668809951527], [-79.3751714792255, 43.6667741606573], [-79.3753512272771, 43.6666786541374], [-79.3755351439169, 43.6666001923771], [-79.375718381439, 43.6665314862582]]]]}"
83,Moss Park,73,21776,360,401,471,449,556,642,756,637,548,2052.803,2195.576,2476.862,2297.145,2760.812,3103.248,3582.769,2980.535,2516.532,26,21,16,21,51,43,41,50,57,148.258,114.9803,84.13967,107.4389,253.24,207.85,194.3036,233.951,233.951,100,103,117,140,135,108,107,95,90,570.223,563.9509,615.2714,716.2591,670.3411,522.0417,507.085,444.5068,444.5068,153,97,129,133,137,232,202,154,134,872.4411,531.0994,678.3761,680.4461,680.2721,1121.423,957.3006,720.569,615.3564,1,1,2,3,4,3,2,1,3,5.702229572,5,11,15,19.86196,14.50116,9.478224,4.679019,13.77664,123,136,124,99,160,140,136,88,65,701.3743,652.0825,506.4975,794.4784,676.7208,644.5192,411.7537,298.4937,744.6343,3,4,5,7,9,2,4,3,10,17.10669,21.90101,26.29365,35.81295,44.68941,9.66744,18.95645,14.03706,45.92212,183,172,140,172,247,220,167,127,183,1043.508,941.7433,736.2221,879.9755,1226.476,1063.418,791.4317,594.2355,840.3747,7,13,12,20,36,25,15,16,16,39.91561,71.17828,63.10476,102.3227,178.7576,120.843,71.08668,74.86431,73.47539,"{'type': 'MultiPolygon', 'coordinates': [[[[-79.3646248550647, 43.6560158391598], [-79.3644657801703, 43.6556243169807], [-79.363445587351, 43.6558395047014], [-79.3632273887112, 43.6558886788798], [-79.3622675778836, 43.6561031091406], [-79.3614688212078, 43.6562791106035], [-79.3610176620717, 43.6563781450587], [-79.3605170079007, 43.6564880718884], [-79.3601926729585, 43.6565667251457], [-79.3595873046287, 43.6567135153538], [-79.358927586246, 43.6568418454999], [-79.3577636089329, 43.6571058713975], [-79.3565342003896, 43.6573837009284], [-79.3555249778624, 43.6576170228786], [-79.3554727016814, 43.6576299727314], [-79.3549659877337, 43.6577456558004], [-79.354877813158, 43.6577659409156], [-79.3547861403605, 43.6577870318705], [-79.3546630798695, 43.6578115479328], [-79.354558166976, 43.6578325498287], [-79.3545494960443, 43.6578343572155], [-79.354328103262, 43.6578805763224], [-79.3542858988545, 43.657798933718], [-79.3542083189132, 43.6576728157472], [-79.3541128719004, 43.6575736798202], [-79.3539887669951, 43.6574610043108], [-79.3538774149432, 43.6573663472291], [-79.353758345454, 43.657253687272], [-79.3536500931218, 43.6571590350009], [-79.353537200919, 43.6570553839376], [-79.3534219596588, 43.6569697228708], [-79.353379936578, 43.6569371833593], [-79.3533113566579, 43.6568840681933], [-79.3532054129918, 43.6567939281896], [-79.3531048548309, 43.6567172868702], [-79.3530055182315, 43.656622645414], [-79.3529430147261, 43.6565744166605], [-79.3529003465227, 43.6565414976144], [-79.3527974578381, 43.6564603619145], [-79.3526923197881, 43.6563657130977], [-79.3526103614018, 43.6562935964725], [-79.3525187194393, 43.6562214671465], [-79.35242399953, 43.6561358316799], [-79.3523373924803, 43.6560637180691], [-79.352252333819, 43.6559870968677], [-79.3521545383503, 43.6558969572124], [-79.3520690861238, 43.6558293457783], [-79.3519813247915, 43.6557527205163], [-79.3517450178143, 43.6555742592652], [-79.352082208798, 43.6555134062436], [-79.3521983767117, 43.655492430232], [-79.3523975356983, 43.6554554216866], [-79.3526854600832, 43.6557229086333], [-79.3530784570744, 43.656082352109], [-79.3532442907873, 43.6561529011353], [-79.3534809674394, 43.6563606416021], [-79.3540192900964, 43.6560845742154], [-79.3542180247585, 43.6559826447517], [-79.3545756854629, 43.6557464189449], [-79.3548204416073, 43.6555814828156], [-79.3545092789526, 43.6552760313389], [-79.3546482731234, 43.6549193226015], [-79.3550455927659, 43.6548246111317], [-79.3552360200731, 43.6547821497541], [-79.3565323047412, 43.6544982790301], [-79.3569800417598, 43.6544072958353], [-79.3571354844705, 43.6543895418752], [-79.3572726916354, 43.6543876155148], [-79.3573785103508, 43.6544054983674], [-79.3575114576785, 43.6544903222842], [-79.3578363889133, 43.6542974223534], [-79.358536449319, 43.6539146799072], [-79.3592858328577, 43.6534981131734], [-79.3600745195907, 43.6530326129397], [-79.3601491155443, 43.6529833948616], [-79.3602830229091, 43.6528950928222], [-79.360314919565, 43.6528740419924], [-79.3603687436603, 43.6528385609932], [-79.3605160689414, 43.6527319401043], [-79.3605957409551, 43.6526529151701], [-79.360710091618, 43.652497331496], [-79.3608495057536, 43.6522779671318], [-79.3609032068291, 43.6522199915137], [-79.3610003029909, 43.6521110045637], [-79.3611115966854, 43.6520328550386], [-79.3612688204247, 43.651922445814], [-79.3627436446562, 43.6515771520251], [-79.364033515062, 43.6512821075323], [-79.3656243977894, 43.650927444926], [-79.3666960071886, 43.6506898214858], [-79.3678956978278, 43.6504033144935], [-79.3690772576963, 43.6501087630773], [-79.3702225765105, 43.6498527468581], [-79.3702809207301, 43.649837933716], [-79.3703187772648, 43.6498276787893], [-79.3703597844109, 43.6498162847648], [-79.370416543806, 43.6498003270702], [-79.3714682175207, 43.6494587784539], [-79.3719171296998, 43.6504725384346], [-79.3721434515083, 43.6509819806791], [-79.3722768240352, 43.6513229847044], [-79.3723685909511, 43.6515362026319], [-79.3727192984665, 43.652357175731], [-79.3728350534801, 43.6527130565088], [-79.3729862324917, 43.6530558339026], [-79.3732577577405, 43.6537376555448], [-79.3733983216301, 43.6540840574737], [-79.3739202597083, 43.6553703692969], [-79.3742619142748, 43.6562668851084], [-79.3744329974832, 43.6567157904554], [-79.3745701502471, 43.6570756706022], [-79.3759028134689, 43.6604479682934], [-79.3760545624161, 43.6608144430418], [-79.3765142753067, 43.6619245269641], [-79.3765552374249, 43.6620234329344], [-79.376570437734, 43.6620601568581], [-79.3765827009172, 43.6620897575122], [-79.3767201720047, 43.6624274474826], [-79.3759173589035, 43.6625962449166], [-79.3753027801758, 43.6627254568198], [-79.374352505977, 43.6629252179746], [-79.373154202125, 43.6631796678209], [-79.3730650114915, 43.663198606414], [-79.3722695799536, 43.6633738228658], [-79.3721676477368, 43.6633962843688], [-79.3715213558756, 43.6635215693762], [-79.3705236828251, 43.6637312819672], [-79.3693104958093, 43.6640008866144], [-79.3679850811256, 43.6642944908257], [-79.3678419227103, 43.6639415539744], [-79.3678346213726, 43.6639236058348], [-79.3677935797883, 43.6638221673653], [-79.3675470638511, 43.6632149126948], [-79.3673703097838, 43.6627775846513], [-79.3672558447033, 43.6624943506694], [-79.3671946430946, 43.6623429216816], [-79.3670387665113, 43.6619589592605], [-79.3667965756542, 43.6613655873511], [-79.3666686321226, 43.6610521646094], [-79.366536163319, 43.6607275743566], [-79.3665284682091, 43.6607087165085], [-79.3663131568124, 43.6601761796554], [-79.3662902216569, 43.6601194803516], [-79.3661977299254, 43.659889846933], [-79.3660193768631, 43.6594496160952], [-79.3658434780348, 43.6590162467819], [-79.3655042645233, 43.6581806218554], [-79.3650053869592, 43.6569524206906], [-79.3646248550647, 43.6560158391598]]]]}"
84,Regent Park,72,13714,103,104,122,122,139,172,144,179,127,938.6677,943.1396,1099.793,1052.995,1148.76,1367.684,1109.399,1346.979,926.061,9,14,3,10,9,23,11,9,11,82.0195,126.9611,27.04408,86.31107,74.38017,182.888,84.74577,67.72519,67.72519,30,27,39,37,45,45,30,14,15,273.3983,244.8535,351.5731,319.351,371.9008,357.8244,231.1248,105.3503,105.3503,33,30,25,29,27,65,28,32,25,300.7382,272.0595,225.3674,250.3021,223.1405,516.8575,215.7165,240.8007,182.2955,1,,1,4,2,1,1,1,,9.113278046,,9,35,16.52892,7.951654,7.70416,7.525021,,22,18,18,18,30,17,13,16,11,200.4921,162.2645,155.3599,247.9339,135.1781,100.1541,120.4003,80.21001,163.2357,6,4,8,9,10,6,7,2,3,54.67967,36.2746,72.11755,77.67996,82.64463,47.70992,53.92912,15.05004,21.87546,57,59,45,39,70,59,42,22,57,519.4568,535.0504,405.6612,336.6132,578.5124,469.1476,323.5747,165.5505,415.6337,8,5,2,2,4,6,4,6,5,72.90623,45.34325,18.02939,17.26221,33.05785,47.70992,30.81664,45.15012,36.45909,"{'type': 'MultiPolygon', 'coordinates': [[[[-79.363445587351, 43.6558395047014], [-79.3644657801703, 43.6556243169807], [-79.3646248550647, 43.6560158391598], [-79.3650053869592, 43.6569524206906], [-79.3655042645233, 43.6581806218554], [-79.3658434780348, 43.6590162467819], [-79.3660193768631, 43.6594496160952], [-79.3661977299254, 43.659889846933], [-79.3662902216569, 43.6601194803516], [-79.3663131568124, 43.6601761796554], [-79.3665284682091, 43.6607087165085], [-79.366536163319, 43.6607275743566], [-79.3666686321226, 43.6610521646094], [-79.3667965756542, 43.6613655873511], [-79.3670387665113, 43.6619589592605], [-79.3660483710996, 43.6621788490611], [-79.3659815700835, 43.6621937578712], [-79.3640412125363, 43.6625963198809], [-79.3631880783254, 43.6628005236769], [-79.362337411402, 43.6629801416705], [-79.3615015276415, 43.6631671251422], [-79.3609204554535, 43.6633000714108], [-79.3608987442555, 43.6633050497892], [-79.3603306467515, 43.6634350205842], [-79.3597660112579, 43.6635624271148], [-79.3596383678956, 43.6635912279902], [-79.3592481817046, 43.6637160468186], [-79.3589263901306, 43.6638082827609], [-79.356873022391, 43.6643840125333], [-79.3567148655517, 43.6644316477816], [-79.3565327837019, 43.6644871736842], [-79.3564936607554, 43.6644990958133], [-79.356306821813, 43.6645422662699], [-79.3562702351463, 43.6644263096162], [-79.3562333123073, 43.66430022597], [-79.3562029416556, 43.664187653212], [-79.3561594592352, 43.6640570704959], [-79.3561306724987, 43.6639355067294], [-79.3560895709252, 43.6638049537269], [-79.3560499623365, 43.6636879135742], [-79.3560007252394, 43.6635528496187], [-79.3559626999039, 43.6634268004306], [-79.3559173773183, 43.6632782482334], [-79.355883616499, 43.6631476954044], [-79.3558583874356, 43.6630579024525], [-79.3558406224982, 43.6629946369219], [-79.3558084120216, 43.6628640946647], [-79.3557630870621, 43.6627110233195], [-79.3557208203455, 43.6625759586674], [-79.355667337692, 43.6624228779517], [-79.3556165154397, 43.6622877936992], [-79.3556145098421, 43.6622812109267], [-79.3555726833938, 43.6621437160999], [-79.3555253799509, 43.6619996443528], [-79.3554830872768, 43.6618600700886], [-79.3554534613697, 43.6617429788625], [-79.3554477746026, 43.6617205044109], [-79.3554178828406, 43.6615854466321], [-79.3553814159566, 43.6614413785916], [-79.3553430068802, 43.6613063098637], [-79.3552972513223, 43.6611532384046], [-79.3552592134279, 43.6610181695824], [-79.3552227593575, 43.6608900078973], [-79.3552131077885, 43.6608560873756], [-79.3551735212656, 43.6607210169395], [-79.3550793011556, 43.6604283541547], [-79.3550354715961, 43.6602842772461], [-79.3550285902689, 43.6602634566925], [-79.35498929946, 43.6601446973451], [-79.3549450755606, 43.6600051292597], [-79.3549004540083, 43.6598655518286], [-79.3548515587955, 43.6597349707492], [-79.354807754217, 43.6595863831593], [-79.3547724105041, 43.6594558188485], [-79.3547355416997, 43.6593207522424], [-79.3547335939757, 43.6593106497714], [-79.3547121901518, 43.6591992041539], [-79.354679993629, 43.6590596335246], [-79.3546489052328, 43.6589335747396], [-79.3546062468217, 43.6587985003594], [-79.3545635300633, 43.6586769192226], [-79.3545220116956, 43.6585418459136], [-79.3544847257068, 43.6584157797744], [-79.3544540573488, 43.6582852205344], [-79.3544284002326, 43.6581591696491], [-79.3543988515908, 43.6580376132772], [-79.3543487603687, 43.6579205322396], [-79.354328103262, 43.6578805763224], [-79.3545494960443, 43.6578343572155], [-79.354558166976, 43.6578325498287], [-79.3546630798695, 43.6578115479328], [-79.3547861403605, 43.6577870318705], [-79.354877813158, 43.6577659409156], [-79.3549659877337, 43.6577456558004], [-79.3554727016814, 43.6576299727314], [-79.3555249778624, 43.6576170228786], [-79.3565342003896, 43.6573837009284], [-79.3577636089329, 43.6571058713975], [-79.358927586246, 43.6568418454999], [-79.3595873046287, 43.6567135153538], [-79.3601926729585, 43.6565667251457], [-79.3605170079007, 43.6564880718884], [-79.3610176620717, 43.6563781450587], [-79.3614688212078, 43.6562791106035], [-79.3622675778836, 43.6561031091406], [-79.3632273887112, 43.6558886788798], [-79.363445587351, 43.6558395047014]]]]}"
85,Cabbagetown-South St.James Town,71,11858,86,105,127,100,116,146,140,125,136,740.996,913.8381,1113.547,867.9802,993.8314,1236.869,1183.132,1059.143,1146.905,8,7,9,8,19,23,15,5,18,68.92986,60.92254,78.91276,69.43842,162.7827,194.8492,126.7641,42.3657,42.3657,64,73,67,49,86,61,48,38,38,551.4389,635.3351,587.4617,425.3103,736.806,516.774,405.6452,321.9793,321.9793,72,68,52,58,41,110,70,68,68,620.3688,591.819,455.9404,503.4285,351.268,931.8875,591.566,576.1735,573.4525,2,,,,,,1,1,,17.23246597,,,,,,8.450942,8.47314,,9,13,24,42,33,18,19,15,23,77.5461,210.434,364.5517,282.7279,152.4907,160.5679,127.0971,193.9619,113.1419,1,1,,1,1,2,,,,8.616233,8.70322,,8.679802,8.567512,16.94341,,,,70,116,109,104,109,74,55,51,70,603.1363,1009.574,955.7212,902.6994,933.8588,626.9061,464.8018,432.1302,590.3188,4,5,7,7,6,3,3,7,9,34.46493,43.5161,61.37659,60.75861,51.40507,25.41511,25.35283,59.31198,75.89812,"{'type': 'MultiPolygon', 'coordinates': [[[[-79.360459981888, 43.6718982235053], [-79.3604055311263, 43.6718171450417], [-79.3603479477376, 43.6717450641759], [-79.3602818747185, 43.6716594619347], [-79.3602282043825, 43.671573883651], [-79.3601815151264, 43.6714883145743], [-79.3601332864639, 43.6713982421696], [-79.3600935769521, 43.6713081803443], [-79.3600546390638, 43.671222628803], [-79.3600091342521, 43.6711235582615], [-79.3599667329875, 43.6710290017528], [-79.3599262785213, 43.6709344290473], [-79.359880006334, 43.6708353573418], [-79.3598406820529, 43.6707452964482], [-79.3597982706078, 43.6706552308488], [-79.359756241117, 43.6705606651854], [-79.3597169186424, 43.6704751043986], [-79.3597140779387, 43.6704704653568], [-79.3596617230206, 43.6703850236239], [-79.3595968632202, 43.6702859380043], [-79.3595160426519, 43.6702138283831], [-79.3594235984392, 43.6701327028503], [-79.359332699249, 43.6700650808964], [-79.3592367312204, 43.6700064538784], [-79.3591283634553, 43.6699478117115], [-79.3590297138511, 43.6698801799763], [-79.3589461709535, 43.6698170680292], [-79.3588525315808, 43.669749442358], [-79.358748857784, 43.669677303829], [-79.358646283682, 43.669623168904], [-79.3585448782831, 43.6695735363944], [-79.3584659727762, 43.6695104294764], [-79.3583924891343, 43.6694518293839], [-79.3583166737729, 43.669393226361], [-79.3582334809155, 43.6693346154442], [-79.3581912587804, 43.6693022387621], [-79.358145299404, 43.6692669955671], [-79.3580621082199, 43.6692128846764], [-79.3579742795423, 43.6691587674178], [-79.3578883919683, 43.6690911505885], [-79.3578091029691, 43.6690235510813], [-79.3577561766604, 43.6689559747072], [-79.3577489501332, 43.6689386023625], [-79.3576893423013, 43.668870378905], [-79.357612010027, 43.668798272136], [-79.3575602500261, 43.6687306980247], [-79.3575112138472, 43.6686541258654], [-79.3575054650237, 43.6686414261355], [-79.357468421514, 43.6685595582772], [-79.3574306539619, 43.6684739983218], [-79.3573878368079, 43.6683794402486], [-79.3573493326409, 43.6682803773952], [-79.3573239550748, 43.6681993335503], [-79.3571867391926, 43.667705609993], [-79.3565805680087, 43.6655250067855], [-79.3565347420024, 43.6653989302832], [-79.3565008975759, 43.6652818525558], [-79.356466280657, 43.6651557724499], [-79.3564332154072, 43.6650341949688], [-79.3564024809773, 43.6649126113808], [-79.3563779241122, 43.6647955447294], [-79.3563510716621, 43.6646739746365], [-79.3563071783212, 43.6645433824743], [-79.356306821813, 43.6645422662699], [-79.3564936607554, 43.6644990958133], [-79.3565327837019, 43.6644871736842], [-79.3567148655517, 43.6644316477816], [-79.356873022391, 43.6643840125333], [-79.3589263901306, 43.6638082827609], [-79.3592481817046, 43.6637160468186], [-79.3596383678956, 43.6635912279902], [-79.3597660112579, 43.6635624271148], [-79.3603306467515, 43.6634350205842], [-79.3608987442555, 43.6633050497892], [-79.3609204554535, 43.6633000714108], [-79.3615015276415, 43.6631671251422], [-79.362337411402, 43.6629801416705], [-79.3631880783254, 43.6628005236769], [-79.3640412125363, 43.6625963198809], [-79.3659815700835, 43.6621937578712], [-79.3660483710996, 43.6621788490611], [-79.3670387665113, 43.6619589592605], [-79.3671946430946, 43.6623429216816], [-79.3672558447033, 43.6624943506694], [-79.3673703097838, 43.6627775846513], [-79.3675470638511, 43.6632149126948], [-79.3677935797883, 43.6638221673653], [-79.3678346213726, 43.6639236058348], [-79.3678419227103, 43.6639415539744], [-79.3679850811256, 43.6642944908257], [-79.3693104958093, 43.6640008866144], [-79.3705236828251, 43.6637312819672], [-79.3715213558756, 43.6635215693762], [-79.3721676477368, 43.6633962843688], [-79.3722695799536, 43.6633738228658], [-79.3730650114915, 43.663198606414], [-79.374352505977, 43.6629252179746], [-79.3767201720047, 43.6624274474826], [-79.377217731896, 43.6636077342332], [-79.3778994280833, 43.6652247178013], [-79.3783502760621, 43.6662938920069], [-79.377418531466, 43.6664936623011], [-79.377316008372, 43.6665125625664], [-79.3772706080022, 43.6665146478923], [-79.3771921836731, 43.6665243749457], [-79.3769896823565, 43.6664812204544], [-79.3768032773063, 43.6664559147911], [-79.3766660169213, 43.6664408699204], [-79.3765041189404, 43.6664374995464], [-79.3763142261911, 43.6664381944208], [-79.3761625703341, 43.6664468514796], [-79.3760376444734, 43.6664637107343], [-79.3758561336948, 43.6664948561746], [-79.375718381439, 43.6665314862582], [-79.3755351439169, 43.6666001923771], [-79.3753512272771, 43.6666786541374], [-79.3751714792255, 43.6667741606573], [-79.3750049372228, 43.6668809951527], [-79.3748613350595, 43.6669873146585], [-79.3746871479966, 43.6671030978556], [-79.373781143437, 43.6673039193933], [-79.3722114712969, 43.6676435240007], [-79.3709172933885, 43.667917169028], [-79.3701016305155, 43.6680979369613], [-79.3697550275424, 43.6681747562994], [-79.3695651742707, 43.6681832261464], [-79.3697027695409, 43.6685317522075], [-79.3697620410831, 43.6686818898443], [-79.3698348290302, 43.6688662665478], [-79.3704103916244, 43.6702669336955], [-79.3708735427854, 43.6714123278023], [-79.3708966904056, 43.6714841754105], [-79.3708982608229, 43.6714921977235], [-79.3709460102226, 43.6715529926383], [-79.3709752937741, 43.6716028115238], [-79.3710241993587, 43.6716562271186], [-79.3710731048505, 43.6716989659184], [-79.3711293677892, 43.6717452697464], [-79.3711758509306, 43.6717720020354], [-79.3712223363436, 43.6718040628198], [-79.3712712745862, 43.6718307886432], [-79.3713300222559, 43.6718521970076], [-79.3713814484938, 43.6718700417228], [-79.3714206088616, 43.6718825344017], [-79.3714477689711, 43.6718929706515], [-79.3714616985785, 43.6718974874027], [-79.3714233416763, 43.6718974351105], [-79.3713853703074, 43.6718973919011], [-79.3713481555629, 43.6718973504581], [-79.3713101740871, 43.6719018081072], [-79.3712729705247, 43.6719017658987], [-79.3712353836665, 43.6719017236176], [-79.3711981735125, 43.6719106833457], [-79.3711609711858, 43.6719106411183], [-79.3711237463138, 43.6719151004854], [-79.3710865361603, 43.6719240592767], [-79.3710497082112, 43.6719285188748], [-79.3710132772175, 43.6719329778167], [-79.370976823662, 43.6719419383531], [-79.3709403926311, 43.6719463981715], [-79.3709047331733, 43.6719553501961], [-79.3708690610619, 43.6719643110331], [-79.3708333889401, 43.6719732718587], [-79.3707984858571, 43.6719822337324], [-79.3707635726152, 43.671995696478], [-79.3707290788456, 43.6720046587635], [-79.3707003788029, 43.6720181281342], [-79.369988040377, 43.6725349234366], [-79.3699199262139, 43.6725843356582], [-79.3688368048669, 43.6733392273923], [-79.3682073348512, 43.673784077528], [-79.367373339068, 43.6743772275343], [-79.3672755382774, 43.6744401231959], [-79.3671894127348, 43.6744895303461], [-79.367094755143, 43.6745389280681], [-79.3670020417338, 43.6745838263561], [-79.3668810518108, 43.6746286923463], [-79.3667845081471, 43.6746555928466], [-79.3667391181838, 43.6746780435345], [-79.3663161312542, 43.6747765637637], [-79.3647428638284, 43.6750762669896], [-79.3644585569507, 43.6751310719046], [-79.3643256410249, 43.6751566853405], [-79.3642555045678, 43.6751702118787], [-79.3633940170507, 43.6753312270665], [-79.3631054362656, 43.6749303411132], [-79.3630299735398, 43.6748807528561], [-79.3629886586803, 43.6748176941382], [-79.3629523975187, 43.6747411389968], [-79.3629142215499, 43.6746555804751], [-79.3628895828578, 43.6745835406651], [-79.362883578794, 43.6745025217466], [-79.362883000468, 43.6744080072487], [-79.3629057012015, 43.6743180121204], [-79.3629322470229, 43.6742280306497], [-79.3629456542826, 43.6741290317873], [-79.3629679340267, 43.6740390459182], [-79.3629921290393, 43.6739625635426], [-79.3630117074144, 43.6738770742064], [-79.3630305341938, 43.6737780728248], [-79.3630462203621, 43.6736970800746], [-79.3630476402839, 43.6736455398583], [-79.3630483414721, 43.6736205714173], [-79.3630585628526, 43.6735485816704], [-79.3630599024452, 43.6734720726213], [-79.3630457201039, 43.6734045458735], [-79.3630137147866, 43.6733324968976], [-79.3629542120003, 43.6732514130223], [-79.3628667697035, 43.6731973095832], [-79.3628597391072, 43.6731917291212], [-79.3627928803572, 43.6731387119345], [-79.362694562539, 43.6730845858142], [-79.3625787996693, 43.6730349483835], [-79.3624494292347, 43.673007789351], [-79.3623309140547, 43.6729851525996], [-79.3622417947661, 43.6729760439108], [-79.3621724944131, 43.672944455653], [-79.3620998795025, 43.6729309283957], [-79.3620508414545, 43.672921805155], [-79.3619591116787, 43.6728721874144], [-79.3618557194259, 43.6728360567678], [-79.3617620453052, 43.6727909372343], [-79.3616695329446, 43.6727368169205], [-79.3615696458393, 43.6726916900941], [-79.3614682613362, 43.6726240572901], [-79.361368812196, 43.6725609360648], [-79.3612627778106, 43.6724932976305], [-79.3611726095024, 43.6724391799126], [-79.361074305156, 43.6723805524628], [-79.3609756478924, 43.6723084212901], [-79.3608800592247, 43.6722497966055], [-79.3607933853119, 43.6721866816355], [-79.3607781359992, 43.6721742590802], [-79.36070479857, 43.6721145542156], [-79.3606169714517, 43.6720514378753], [-79.3605287805696, 43.6719793195981], [-79.360459981888, 43.6718982235053]]]]}"
86,South Riverdale,70,29760,212,203,232,240,299,256,218,230,303,775.7043,734.0445,827.1829,844.0303,1033.636,872.7967,738.7076,779.3704,1018.145,20,23,27,38,41,38,37,48,77,73.17966,83.1676,96.26698,133.6381,141.7361,129.5558,125.377,162.6512,162.6512,70,90,129,114,135,72,112,94,52,256.1288,325.4384,459.9422,400.9144,466.692,245.4741,379.5195,318.5253,318.5253,88,98,150,93,91,132,143,135,103,321.9905,354.3663,534.8165,327.0617,314.585,450.0358,484.5651,457.4565,346.1021,1,,3,5,2,,,2,1,3.658982803,,11,18,6.913956,,,6.777134,3.360215,60,43,49,66,39,36,35,30,48,219.539,174.7067,232.1083,134.8221,122.737,118.5998,101.657,161.2903,155.4873,2,,7,9,4,6,3,2,6,7.317966,,24.95811,31.65113,13.82791,20.45617,10.1657,6.777134,20.16129,214,150,150,122,165,156,137,124,214,783.0223,542.3974,534.8165,429.0487,570.4014,531.8605,464.2337,420.1823,719.086,17,17,22,26,24,21,22,21,21,62.20271,61.47171,78.43976,91.43661,82.96747,71.5966,74.54848,71.1599,70.56451,"{'type': 'MultiPolygon', 'coordinates': [[[[-79.328493317521, 43.659335205657], [-79.3284396435923, 43.6592440767186], [-79.3281884416088, 43.6593000744006], [-79.3242429673188, 43.6601794851394], [-79.3219588130093, 43.6607050220689], [-79.3195386117587, 43.6612197222998], [-79.3172529748838, 43.6617418602999], [-79.3172324902911, 43.6617465080898], [-79.3149397626689, 43.662267003343], [-79.3149718178356, 43.6623669794195], [-79.3149123361177, 43.6623801690913], [-79.3148713591023, 43.6622825284981], [-79.3112994532095, 43.6630592192136], [-79.3097560419507, 43.6634053637966], [-79.3086616249343, 43.6636508669422], [-79.3076358670527, 43.6638809659442], [-79.3075207233557, 43.6639092975845], [-79.3072477225548, 43.6639764737084], [-79.3067944337019, 43.6641291906643], [-79.3064033913989, 43.6642767002869], [-79.3063135241127, 43.66431060862], [-79.3062279215852, 43.6643673787462], [-79.3059727916589, 43.6645366124331], [-79.3056904538842, 43.664748672357], [-79.3054635961859, 43.6649319144654], [-79.3052560549764, 43.6651419490148], [-79.3049744190882, 43.6655570156641], [-79.3049004493647, 43.6656660301881], [-79.3046469587651, 43.6656632486156], [-79.3044636236629, 43.6656612336652], [-79.3044423461248, 43.6655845779286], [-79.3042262210311, 43.6648059072306], [-79.3042043683442, 43.664727189127], [-79.3042029092612, 43.6647219209313], [-79.3039933833888, 43.6639443497488], [-79.3040548437835, 43.6638768010624], [-79.3041969739045, 43.6637594426063], [-79.3043290690923, 43.6636126770527], [-79.3043495448132, 43.6635465522392], [-79.3044002424615, 43.6635246030498], [-79.3046335272218, 43.6633927010876], [-79.3050093326141, 43.6630258537195], [-79.3053041424976, 43.6626588673608], [-79.3055787605433, 43.6622697743959], [-79.3058737301814, 43.6618512994295], [-79.3060877771659, 43.661410633533], [-79.3063119144514, 43.6609773549439], [-79.3064038352185, 43.660727588823], [-79.3064244712712, 43.6606026671843], [-79.3064145314423, 43.6605438534432], [-79.3063843793292, 43.6604776514224], [-79.3062746800106, 43.6603838963672], [-79.306102152192, 43.6604150370788], [-79.3058940801089, 43.6604146836534], [-79.3056775631008, 43.66039181295], [-79.3054704475259, 43.660332951458], [-79.3052910037461, 43.6602291304086], [-79.305135973041, 43.6601253416021], [-79.3050217096065, 43.6599946189401], [-79.3049725115475, 43.6598685069036], [-79.3050148360589, 43.6597200568695], [-79.30508443947, 43.6596057686662], [-79.305131371788, 43.6595776559709], [-79.3051861156573, 43.6595414016648], [-79.3052362871632, 43.6595084433665], [-79.305259199236, 43.659458912571], [-79.3052775724334, 43.6594093729864], [-79.3053185892846, 43.6593929252271], [-79.3053686544578, 43.6593930103576], [-79.3054597044193, 43.6593865586292], [-79.3055598866499, 43.6593702029295], [-79.3056145756072, 43.6593471715705], [-79.3056374329587, 43.6593141664703], [-79.305696823691, 43.6592481789376], [-79.3057425616583, 43.6591788655269], [-79.3058431375334, 43.6590402447954], [-79.305916303347, 43.6589313175561], [-79.3060032490491, 43.6587860757718], [-79.3060855597274, 43.658667253673], [-79.3061222814892, 43.6585714962787], [-79.3061224612792, 43.6585153103498], [-79.3061226530924, 43.6584558300858], [-79.306118294732, 43.6583963499072], [-79.3060775972263, 43.6583136665785], [-79.3060324028872, 43.6582144494167], [-79.3060280546574, 43.6581516577624], [-79.3060011989031, 43.6580095253933], [-79.3059741082209, 43.6579367849961], [-79.3059378456141, 43.6578937600338], [-79.305842275752, 43.6578144220761], [-79.3058053022569, 43.6577770571649], [-79.3056531387423, 43.6576237668819], [-79.3054939678069, 43.6574794744953], [-79.3053383048398, 43.6573351789804], [-79.3051954865162, 43.6571684110179], [-79.3050650224907, 43.6570151563233], [-79.3049963358087, 43.6569009293204], [-79.3049924547349, 43.6568398660826], [-79.3049925733785, 43.6568030780577], [-79.3050046690252, 43.6567511791143], [-79.3050167515204, 43.6566992619663], [-79.3050318210812, 43.6566473585064], [-79.3050736792599, 43.6566041602197], [-79.3051543374972, 43.6565437187026], [-79.3052289679969, 43.6565027369261], [-79.3053065795061, 43.6564639206166], [-79.3053930409637, 43.6564489363555], [-79.3054913380451, 43.6564620836195], [-79.3055926549775, 43.6564687459713], [-79.305696889346, 43.6564862327129], [-79.3058190268743, 43.6564994198107], [-79.3059262548996, 43.6565190720334], [-79.3060721999261, 43.656538807333], [-79.3061794054057, 43.656569278927], [-79.3062746517821, 43.6566018907732], [-79.3063758951654, 43.6566280311996], [-79.3064533621517, 43.6566303317142], [-79.3065367852547, 43.6566348021299], [-79.3066530496097, 43.6566241797256], [-79.3067901869235, 43.6566071018594], [-79.3068945380137, 43.6565921285079], [-79.3070198178499, 43.6565534004779], [-79.307121268636, 43.6565146227562], [-79.3072078059969, 43.6564758284271], [-79.3072824699581, 43.6564240258581], [-79.3073745546097, 43.65634827257], [-79.3074363075289, 43.6563096169966], [-79.3074900285833, 43.6562859077035], [-79.3075824804805, 43.6562622641479], [-79.3076959331391, 43.6561997061677], [-79.3077766156878, 43.6561306041333], [-79.3078304889753, 43.6560549752462], [-79.3078933703116, 43.6559577128672], [-79.3079622633387, 43.6558453121237], [-79.3080162454875, 43.655739384949], [-79.3080551943121, 43.6556745413113], [-79.3081239624081, 43.6556010974407], [-79.3082107919441, 43.6554735771735], [-79.3082946470146, 43.6553417404717], [-79.3083276529187, 43.65527039711], [-79.3083428370477, 43.6551817050951], [-79.3083939195671, 43.6550476526479], [-79.3084239232289, 43.6549849544466], [-79.3084300451581, 43.654930866096], [-79.3084301763318, 43.6548897572829], [-79.3083898167699, 43.6548290113514], [-79.3084171676284, 43.6547620780804], [-79.308417476863, 43.6546647202432], [-79.3084028714933, 43.6545716489749], [-79.308358600437, 43.6544352666698], [-79.3083498814824, 43.6543660140179], [-79.3083709318226, 43.6543076303017], [-79.3083978648299, 43.6542708961188], [-79.308445695875, 43.6542233766907], [-79.3084934997191, 43.6541845086559], [-79.3085590979171, 43.6541716379245], [-79.3086276301412, 43.6541717527386], [-79.3086603458969, 43.6541912774076], [-79.3086959957427, 43.6542281167092], [-79.3087167306496, 43.6542649306543], [-79.30874035869, 43.6543320485096], [-79.3087639645747, 43.6544056560192], [-79.30878171842, 43.6544446344839], [-79.3088352015277, 43.654498813483], [-79.308873772156, 43.6545529671682], [-79.3089301660517, 43.654620130454], [-79.30897166196, 43.6546937766452], [-79.3090724793455, 43.6548497225349], [-79.3092075247018, 43.6550146095622], [-79.3092356415036, 43.6550536233219], [-79.3092638076283, 43.6550893342855], [-79.3092905066926, 43.6551185515588], [-79.3093186993601, 43.6551456299941], [-79.3093334665043, 43.6551802288223], [-79.3093542040675, 43.6552126866158], [-79.3093764566904, 43.6552364960952], [-79.309404677917, 43.6552549150128], [-79.3094373547905, 43.6552755013381], [-79.3094715351531, 43.6552950105227], [-79.3095206099831, 43.6553091432173], [-79.3095562721007, 43.655326494459], [-79.3095934110353, 43.6553514091723], [-79.3096498452289, 43.6553904067983], [-79.3097122644427, 43.6554186126464], [-79.3097970326036, 43.6554403753912], [-79.3098669687285, 43.6554480527659], [-79.3099622077343, 43.6554514510914], [-79.3100902313076, 43.655449504133], [-79.3102293304654, 43.6554306161509], [-79.3102518443803, 43.6554108596141], [-79.3102652899691, 43.6553968305082], [-79.3102728308374, 43.6553644290437], [-79.3102773898087, 43.6553341741301], [-79.3102819517959, 43.6553028387968], [-79.310296957261, 43.6552617995417], [-79.3103164000146, 43.6552294182809], [-79.310328385316, 43.6552067454736], [-79.3103686198186, 43.6551895207883], [-79.3104118152468, 43.6551809331547], [-79.310466901802, 43.6551756240358], [-79.3105130872441, 43.655165969491], [-79.3105830280138, 43.6551682549805], [-79.3106529759702, 43.6551716110931], [-79.3107035482938, 43.6551824970129], [-79.3107392119292, 43.6551998479083], [-79.3107912748594, 43.6552096735579], [-79.3108656397772, 43.6552281682013], [-79.3109533555098, 43.6552585669456], [-79.3110413843586, 43.6553002710031], [-79.3111219384303, 43.6553690760146], [-79.3111530799037, 43.655409110921], [-79.3111871860299, 43.6554523923046], [-79.3112094076102, 43.6554826909553], [-79.3112226865179, 43.6555216263184], [-79.3112329519915, 43.6555691878727], [-79.311232918283, 43.6555799902134], [-79.3112416577042, 43.6556437694891], [-79.3112519691078, 43.6556762007224], [-79.3112532664584, 43.6557410486299], [-79.3112516873164, 43.6557702194301], [-79.3112336978074, 43.655810182869], [-79.3112171932859, 43.655854460392], [-79.3111917616307, 43.6558954915536], [-79.3111633675515, 43.6559321786845], [-79.3111305201703, 43.6559656369385], [-79.3110887614009, 43.6559904206182], [-79.3110321358624, 43.6560119385591], [-79.3109755129901, 43.6560323868521], [-79.3108995174888, 43.6560592737744], [-79.3108414314732, 43.6560721488331], [-79.3108340293819, 43.6560602452613], [-79.310822176647, 43.656040773884], [-79.3107760770372, 43.6560266470098], [-79.3107195529438, 43.6560157514787], [-79.3106381689236, 43.656021503936], [-79.310576591449, 43.6560403670405], [-79.3105185084048, 43.6560521615149], [-79.310449996145, 43.6560650100921], [-79.3103904177203, 43.6560789622292], [-79.3103234043897, 43.6560918220868], [-79.3102504166719, 43.6561046628984], [-79.3102191310633, 43.6561143413624], [-79.3101579944104, 43.6561509924921], [-79.3100865562859, 43.6561476248442], [-79.3099987613684, 43.6561420776353], [-79.3099317962921, 43.6561354860261], [-79.3098544393361, 43.6561223857608], [-79.309778584658, 43.6561082082899], [-79.3097027248989, 43.6560918706663], [-79.30964324264, 43.6560755609443], [-79.3095674017936, 43.656049492133], [-79.3094793798744, 43.6560136377585], [-79.3094116072356, 43.655988104172], [-79.3094151343663, 43.6559667955795], [-79.3093443497191, 43.6559528783018], [-79.3093080743073, 43.655952817949], [-79.3092545525683, 43.6559452029999], [-79.3091595852336, 43.6559262224121], [-79.3090905282697, 43.6559148201077], [-79.3090318130248, 43.6559109593556], [-79.3088798015084, 43.6559119568032], [-79.3087743975041, 43.6559193054235], [-79.308722528778, 43.6559342684699], [-79.3086602943648, 43.6559492149418], [-79.3085911455624, 43.6559666602607], [-79.3085410032998, 43.6559803756303], [-79.3084994779637, 43.6560016214968], [-79.3084613870906, 43.6560266439828], [-79.3084250278711, 43.6560529301192], [-79.3083903838028, 43.6560854840113], [-79.3083591788067, 43.6561205459541], [-79.3083138146751, 43.6561754598048], [-79.3083359299557, 43.6562192614322], [-79.3083134898616, 43.6562581275822], [-79.3082955076858, 43.6562948402655], [-79.3082536141751, 43.6563617761039], [-79.3082028014279, 43.6564297774017], [-79.3081535030512, 43.656485889883], [-79.3080997583194, 43.6565365855189], [-79.3080579530236, 43.6565754188273], [-79.3080027512691, 43.6566163902813], [-79.3079445712003, 43.6566584457953], [-79.3078849166816, 43.656696169298], [-79.3078252788593, 43.6567284834951], [-79.3077271797526, 43.6567812728638], [-79.3076479781932, 43.656813382803], [-79.3076033176676, 43.6568302753635], [-79.3075395086869, 43.6568525360517], [-79.3074831535266, 43.6568701827691], [-79.3074257417105, 43.6568847407902], [-79.3073598409977, 43.6568985094671], [-79.3073035023096, 43.6569107558223], [-79.3072365465909, 43.6569206704545], [-79.3071791573315, 43.6569282876072], [-79.3071260284882, 43.6569335899214], [-79.3070686538985, 43.6569365801504], [-79.3070004733458, 43.6569028356741], [-79.3069608108556, 43.6569151641353], [-79.3069337337758, 43.6569151186459], [-79.3069105612018, 43.6569038455535], [-79.3068796115875, 43.6569051977034], [-79.3068679620193, 43.6569192197003], [-79.3068523996885, 43.6569472774732], [-79.3068368195973, 43.6569809524911], [-79.30682890293, 43.6570371075437], [-79.3068306304057, 43.6571017043423], [-79.3068420492996, 43.657159295659], [-79.3068612515047, 43.6572028500169], [-79.3068824346494, 43.6572351824925], [-79.3069325946959, 43.6572745855084], [-79.3070001445119, 43.6573154301299], [-79.3070792930765, 43.6573618938689], [-79.3071603488844, 43.6574167945122], [-79.3072317346065, 43.6574716797165], [-79.3073436061083, 43.6575673541735], [-79.3074265827782, 43.6576264707739], [-79.3075018460523, 43.6576785626143], [-79.3075993103659, 43.6577279281745], [-79.3076903186976, 43.6577532756874], [-79.3079343223971, 43.6577851995589], [-79.3081620068759, 43.6578260976709], [-79.3083772480157, 43.657884967428], [-79.3085928037149, 43.6579663492901], [-79.3088021742328, 43.6580432201177], [-79.3089998739158, 43.6581335731274], [-79.3091914744262, 43.6581924021733], [-79.3093916463257, 43.6582422520928], [-79.3095674767518, 43.6582695587925], [-79.3096040039701, 43.6582336046402], [-79.3095452140055, 43.658197501115], [-79.3095448870595, 43.6581794984587], [-79.3095670821113, 43.6581435294984], [-79.3096079727332, 43.6580760876522], [-79.3097242039439, 43.6580807817088], [-79.3099940008393, 43.6581667528964], [-79.3101992366232, 43.6583291264222], [-79.310347004644, 43.6584058839671], [-79.310408327182, 43.6583699801204], [-79.3105702266707, 43.6582622320712], [-79.3109265094196, 43.6579432558916], [-79.3110939891357, 43.6575339538444], [-79.311173391548, 43.6572910307235], [-79.311206787936, 43.6572685823995], [-79.311187906321, 43.6572325454293], [-79.3111538706094, 43.6572099856894], [-79.3102542430242, 43.6569564400559], [-79.3102310391489, 43.6569429000006], [-79.3102684314281, 43.6568799522269], [-79.310338409545, 43.6568035572524], [-79.3104208734485, 43.656695668533], [-79.3105676107788, 43.6566058985004], [-79.3107523677289, 43.6566242072202], [-79.3108594855933, 43.6566873940738], [-79.3109521980833, 43.6567775694949], [-79.3110840962685, 43.6568497985051], [-79.3112602555128, 43.6568860951168], [-79.3114484969496, 43.656904408282], [-79.3116421409889, 43.6569317318867], [-79.3118176589016, 43.6569275196823], [-79.3119587824045, 43.6568962386755], [-79.3120640042913, 43.6568244005518], [-79.312175000484, 43.6567615740426], [-79.3122974848344, 43.656743772536], [-79.3124438015778, 43.6567845094022], [-79.312569884599, 43.6568612364965], [-79.3126477598747, 43.6569873833959], [-79.3126241918426, 43.6570908688794], [-79.3125237158945, 43.6571357110786], [-79.312391025884, 43.657194010963], [-79.3122498454356, 43.6572432867836], [-79.3121891525939, 43.657324208544], [-79.3121257444399, 43.6574096173098], [-79.312026319533, 43.6574904747394], [-79.3119680576809, 43.6575353853169], [-79.3118838890726, 43.6575667522353], [-79.3117444823479, 43.6575440191173], [-79.3116766990751, 43.6577869621182], [-79.3116991770691, 43.6577869988663], [-79.311809464982, 43.6578321870115], [-79.3118470184772, 43.6579672783781], [-79.311771371794, 43.6581201944885], [-79.3117242120021, 43.6582146308178], [-79.3117036431585, 43.6583496171891], [-79.3117201937573, 43.6583856592494], [-79.3117765114994, 43.6584712643853], [-79.3118098717731, 43.6585793353426], [-79.3119320322742, 43.6585435316348], [-79.3120421611189, 43.6587597536647], [-79.3119436297817, 43.6588000978178], [-79.3119811522861, 43.6588181618709], [-79.3120505360906, 43.6588092752521], [-79.3121534354175, 43.6588589513017], [-79.3118732147187, 43.6590160237409], [-79.3119802957012, 43.6590927111729], [-79.3121904605325, 43.6589175208157], [-79.3124049911159, 43.6590798979893], [-79.3121480029464, 43.6592415090699], [-79.3122345663535, 43.6593136623147], [-79.3124707085556, 43.6591295126873], [-79.3126612697571, 43.6592738473441], [-79.312444234306, 43.6594175217299], [-79.3124255529519, 43.6594444951505], [-79.3124654219234, 43.6594580620503], [-79.3124951122918, 43.6595031182036], [-79.3125720024762, 43.6594447353392], [-79.3126522777323, 43.6594223638239], [-79.3127066949072, 43.6594899624194], [-79.3127564600634, 43.6595665555924], [-79.3128490088072, 43.6595802095149], [-79.3129746870921, 43.6596614266904], [-79.3131234737932, 43.6597876980003], [-79.3132482470789, 43.6599094107835], [-79.3132679279575, 43.6599319471041], [-79.3136355753233, 43.6602025869292], [-79.3137639299775, 43.6602973106988], [-79.313865184507, 43.6603829790719], [-79.3139052446652, 43.6604550553708], [-79.3138542751899, 43.6605269825131], [-79.3138975725609, 43.6605585576944], [-79.313990191698, 43.6605542085137], [-79.3140373270753, 43.6606037921603], [-79.3140519197557, 43.6606443222242], [-79.3140908962579, 43.6606938926283], [-79.3141601016606, 43.6607435127823], [-79.3142629931891, 43.6607976788338], [-79.3143623561099, 43.6608698508859], [-79.3144106036313, 43.660932938562], [-79.3144113594327, 43.6609374408348], [-79.3141317781114, 43.6611350248444], [-79.3140393946984, 43.6610628637228], [-79.3139939693518, 43.6610897939912], [-79.3140785747716, 43.6611754443352], [-79.3140405258586, 43.6612023871008], [-79.3139038550437, 43.6611661677821], [-79.3137908371046, 43.6612514964424], [-79.3137508003141, 43.6612919371769], [-79.3136771764074, 43.6612918178212], [-79.3135570422042, 43.6613006227917], [-79.3134069931784, 43.6613319910043], [-79.3133206920173, 43.6614217643242], [-79.3132839708853, 43.6615207194824], [-79.3133612827826, 43.6616588722451], [-79.3135239596963, 43.6616296217777], [-79.3136742806741, 43.6616068597128], [-79.3139408519389, 43.6615880942075], [-79.3141967412417, 43.6616236879671], [-79.3142601597392, 43.6616120621817], [-79.314352660109, 43.6616304493019], [-79.3143702945811, 43.6617665146031], [-79.3144186915835, 43.6617891420352], [-79.3144709599229, 43.6617666785], [-79.3145393120305, 43.6617676893096], [-79.3146381289645, 43.6617884356291], [-79.3147312540811, 43.6618740904758], [-79.3147759376494, 43.6619596755944], [-79.3147765822306, 43.6619598651768], [-79.3147855813326, 43.6619725897759], [-79.3147994527406, 43.661989724281], [-79.3148108612769, 43.6619931086908], [-79.3148258568395, 43.6619954646303], [-79.314852999733, 43.6619908461244], [-79.3149278036652, 43.6619744852546], [-79.3171157975349, 43.6614832033329], [-79.317081052841, 43.6609572804667], [-79.317267891961, 43.6609236705531], [-79.3176033560878, 43.6608976975652], [-79.3176748675788, 43.6608951919815], [-79.3176846178421, 43.6609015535803], [-79.3177743617314, 43.6609995418972], [-79.3178117979442, 43.661034706495], [-79.3178292793818, 43.6610392172401], [-79.317878525075, 43.6610849055834], [-79.317928637159, 43.6610737697924], [-79.3178714644038, 43.6609227708934], [-79.3178729717943, 43.6609164903791], [-79.3178861238417, 43.6609175285286], [-79.3179896361675, 43.6609395574843], [-79.3180518892093, 43.660923292556], [-79.3180593385257, 43.6608993330735], [-79.318051467494, 43.6608904276622], [-79.3176756687656, 43.6608353794281], [-79.3175947470409, 43.6608338279985], [-79.31726227162, 43.6608146735039], [-79.3170700726099, 43.6607966159619], [-79.3162613445999, 43.6600803774677], [-79.3160505632808, 43.6598955828492], [-79.3158120672929, 43.6597410870721], [-79.3156173415075, 43.6595936367761], [-79.3153440063105, 43.6594313243866], [-79.3151880513509, 43.6593286826561], [-79.3150757970838, 43.6592600092233], [-79.3147757061708, 43.659110704137], [-79.3145415231348, 43.6590073310994], [-79.3143435928106, 43.6589156913218], [-79.3141220283254, 43.6587610662826], [-79.3139151163362, 43.6586277530429], [-79.3137051210519, 43.6585013917329], [-79.3135095005138, 43.6583615517968], [-79.3133220291325, 43.6582172245212], [-79.3131434312698, 43.6580819129268], [-79.3131384875688, 43.6579288724221], [-79.3133201311064, 43.6578211444763], [-79.3135200418766, 43.657699934214], [-79.3137195267456, 43.6575832327515], [-79.3139549122834, 43.6575160974475], [-79.3141999270419, 43.657462478041], [-79.3144309909082, 43.6574133370532], [-79.3146701178768, 43.6573867125189], [-79.3147528288262, 43.6573815899227], [-79.3147879652719, 43.6573976145118], [-79.3148138895957, 43.6573976474437], [-79.3148282898912, 43.6573955737077], [-79.3148800876621, 43.6574040195941], [-79.3149060056598, 43.6574019734194], [-79.3149578413882, 43.6574020579413], [-79.3149837148451, 43.6574146387705], [-79.3150211047812, 43.657427247134], [-79.3150441088297, 43.6574377345622], [-79.3150729150053, 43.6574356931166], [-79.3150959509281, 43.6574357302188], [-79.3151160974436, 43.6574357625333], [-79.3151506182113, 43.6574462693695], [-79.3151764983147, 43.6574567523526], [-79.3151937620072, 43.6574630628654], [-79.3152081367726, 43.6574693514944], [-79.3152282317415, 43.6574902945043], [-79.315262752586, 43.6575008004074], [-79.3152857428301, 43.6575154644761], [-79.3152914380176, 43.6575342953795], [-79.3157202962086, 43.6575914264126], [-79.3157318459543, 43.6575809945821], [-79.3157433770534, 43.6575768183606], [-79.3157577705712, 43.6575768504115], [-79.3157750347938, 43.657578975848], [-79.315792304138, 43.6575831803497], [-79.3158009529154, 43.6575810964607], [-79.3158758950105, 43.6575540421956], [-79.3159162387818, 43.6575415595081], [-79.3159738465867, 43.6575353782023], [-79.3159968621698, 43.6575416896164], [-79.3160198790226, 43.6575480001441], [-79.3160688124864, 43.6575564411011], [-79.3161033477514, 43.6575585850737], [-79.3161321285507, 43.6575649057765], [-79.3161522367296, 43.6575816620217], [-79.3161579449971, 43.6575963080786], [-79.3161607699969, 43.6576130365646], [-79.3167519722065, 43.6573066529556], [-79.316723254617, 43.6572794317676], [-79.3166973683042, 43.6572710280354], [-79.3166714945381, 43.6572584475891], [-79.3166427772594, 43.6572312173814], [-79.3166055072222, 43.6571788961655], [-79.3165567578877, 43.6571098225206], [-79.3165137544916, 43.657047040763], [-79.3164678299937, 43.656998882353], [-79.3164218749532, 43.6569611823645], [-79.3163788208996, 43.6569193022826], [-79.3163134329918, 43.6568424246618], [-79.3162811112846, 43.6567979240666], [-79.3162374935669, 43.6567251046461], [-79.3162064126705, 43.6566477509971], [-79.3161254684807, 43.6564930316383], [-79.3160443850434, 43.6563837688868], [-79.3159885406097, 43.6562108983182], [-79.3160012827433, 43.6561427152207], [-79.3160076682859, 43.6561018057065], [-79.3160453990273, 43.6560518463871], [-79.3161143353799, 43.6560337649518], [-79.316233525906, 43.6559612076921], [-79.3163777398319, 43.6559068646242], [-79.3166037179134, 43.6557299001254], [-79.3168296385039, 43.6555756735932], [-79.3169364417123, 43.6554621663357], [-79.3169805275502, 43.6553803968889], [-79.317294491054, 43.6551080954094], [-79.3175142165543, 43.6549265737959], [-79.317702719273, 43.6547177281951], [-79.3180107200901, 43.6543362820655], [-79.3181114509313, 43.6541591250899], [-79.3182405331991, 43.6538791180504], [-79.318338431999, 43.6536456972144], [-79.3184078428464, 43.6534730267035], [-79.318584092669, 43.6531686735064], [-79.3187163390805, 43.6529233629321], [-79.3188485860159, 43.6526735052456], [-79.3189618866158, 43.6524781752765], [-79.3190939827369, 43.6522783207757], [-79.31918836335, 43.6521284348517], [-79.3193206085393, 43.6518740133925], [-79.3194591644304, 43.6516059833732], [-79.3195680764889, 43.651289306943], [-79.3196296471484, 43.6511333746839], [-79.3196739431345, 43.6509788550117], [-79.3197310878541, 43.6507152144853], [-79.3198006829728, 43.6504743395869], [-79.3198261584913, 43.6503334280123], [-79.3198832596338, 43.6500834420184], [-79.319990740095, 43.6497380486988], [-79.3200602919635, 43.6495153661993], [-79.3201044657546, 43.6493972111805], [-79.3201046961565, 43.6493199171813], [-79.3201112680276, 43.6492153500119], [-79.3201242359002, 43.6490653172361], [-79.3201453733718, 43.6489528426653], [-79.3201689516862, 43.6489192959449], [-79.3201818584266, 43.6488936796442], [-79.3201819342323, 43.6488680530205], [-79.3201789522347, 43.648795812493], [-79.320208691426, 43.6485046022954], [-79.3202185663063, 43.6484230741588], [-79.3201834078322, 43.6483740786954], [-79.3201514940382, 43.648318112391], [-79.3201002468189, 43.6482854106326], [-79.3200393591067, 43.6482596874037], [-79.3200073281282, 43.6482386642901], [-79.3199946239966, 43.6481967067401], [-79.3199947772372, 43.6481454445076], [-79.3199949372101, 43.6480918503689], [-79.3199758385569, 43.6480405572323], [-79.3199471788169, 43.6479659538545], [-79.3199505152961, 43.6479240223162], [-79.3199667571258, 43.6478564744762], [-79.3199862861186, 43.6477633048954], [-79.3199864702434, 43.6476354588139], [-79.3200318627023, 43.6473827181963], [-79.3200687812327, 43.64697438388], [-79.3200516282626, 43.6467409969487], [-79.3200253180607, 43.6465853760753], [-79.3199543323629, 43.6464426555842], [-79.3198923176159, 43.6462805059977], [-79.3198617325337, 43.6462613841052], [-79.3198171428632, 43.6462081873097], [-79.319788727078, 43.646172632792], [-79.3197786332894, 43.6461445138323], [-79.3197787177288, 43.6461164031538], [-79.319799198808, 43.6460779722706], [-79.319813550279, 43.6460498840648], [-79.3198299841265, 43.6460010950331], [-79.3198546437705, 43.6459330838911], [-79.3198833433561, 43.6458739541392], [-79.3199405253397, 43.645823744563], [-79.3200024010564, 43.6457584288134], [-79.3201271589114, 43.6456930505364], [-79.3202328850494, 43.6456667798755], [-79.3203428602004, 43.6455499348801], [-79.3203956127481, 43.6453969940962], [-79.3204483525978, 43.6452440539976], [-79.3205073277731, 43.6450866135233], [-79.3205449960074, 43.6449246478832], [-79.3205840094163, 43.6448230568289], [-79.3206649534094, 43.6446222279376], [-79.3207564394721, 43.6443861578124], [-79.3208428197202, 43.6442119187958], [-79.3209155575224, 43.6440025532004], [-79.3210148755383, 43.6436742036376], [-79.3211540169575, 43.6431792827381], [-79.3212533049898, 43.6428604558913], [-79.3212996847733, 43.6426938953662], [-79.3213002639046, 43.6424986923928], [-79.3212743327756, 43.6423986645683], [-79.3212089187388, 43.6423461924383], [-79.3211566031584, 43.6423032641264], [-79.3210454014179, 43.642222158595], [-79.3207704737243, 43.6420836561262], [-79.3206788729618, 43.6420263717029], [-79.3206397589848, 43.6419501408756], [-79.320639999218, 43.6418692093554], [-79.3206426187549, 43.6417844924473], [-79.3206732576265, 43.6417097665027], [-79.3207587813736, 43.6416099221193], [-79.3208639479011, 43.6415148619171], [-79.3209756288599, 43.6414341054608], [-79.3210808638374, 43.641320006437], [-79.3211467029456, 43.6412201219795], [-79.3212060387306, 43.6411107220818], [-79.3212984855866, 43.6408823395071], [-79.3213316781243, 43.6407443193223], [-79.3213777314633, 43.6406872601238], [-79.3214437519364, 43.6405302439612], [-79.3215229276715, 43.6403542111651], [-79.3216485644196, 43.6399878169722], [-79.3217342402697, 43.639830840766], [-79.3217870880405, 43.6396928596501], [-79.321833646071, 43.639469158235], [-79.321893177, 43.6392883320335], [-79.3220050315053, 43.6390248196731], [-79.3220657950117, 43.6389216682399], [-79.3220534728143, 43.6387589319418], [-79.3219706559221, 43.6386239712531], [-79.3219070116716, 43.6384983382353], [-79.3217985243445, 43.6383772986674], [-79.321709286865, 43.6382516354617], [-79.3216008403356, 43.6381212790723], [-79.3215563802809, 43.6380049846072], [-79.3215759221595, 43.6378887801255], [-79.3216082655747, 43.6377772493827], [-79.3216468272231, 43.6377215188438], [-79.3217109229175, 43.6376983683945], [-79.3218263142992, 43.6376381124768], [-79.3219417333118, 43.6375732036345], [-79.3221021061684, 43.6374525740928], [-79.3222240415317, 43.637350480906], [-79.3223462092662, 43.6371646934877], [-79.3224361569738, 43.6370532607618], [-79.3225134395314, 43.6368953080154], [-79.3226104942296, 43.6365374734942], [-79.3227203495879, 43.6361842944682], [-79.3228365148516, 43.6358636921752], [-79.3229552876166, 43.6357097451369], [-79.3230132810033, 43.6354803088354], [-79.3230679672775, 43.635283911495], [-79.3231181235207, 43.6350940601169], [-79.3231501667461, 43.6349271063796], [-79.323168608355, 43.6347830498643], [-79.3231643760702, 43.6346880695629], [-79.3231421719129, 43.6345766977841], [-79.3231154339296, 43.6344685945199], [-79.3230435811777, 43.6343702332766], [-79.3229356715024, 43.6342652805558], [-79.3228366878242, 43.6341930807524], [-79.3226792067079, 43.6340880512885], [-79.3225171831275, 43.6339895583927], [-79.3223280641716, 43.6339008437273], [-79.3220173322121, 43.633782478878], [-79.3214579387261, 43.6335997245905], [-79.3211723995916, 43.6334753562921], [-79.3210158607527, 43.6333880310363], [-79.3209237647516, 43.6333476956191], [-79.3208870293429, 43.6332940445909], [-79.3208595877193, 43.6332203163425], [-79.3209335613865, 43.6331534525359], [-79.3210352281417, 43.6330799265585], [-79.3211829500233, 43.6330265632747], [-79.3213675134394, 43.6329866606321], [-79.3215336454146, 43.6329433806516], [-79.3217183368842, 43.6328599373544], [-79.3218107222705, 43.6328064962469], [-79.3218938877229, 43.6327530313326], [-79.3219403586087, 43.6326325301601], [-79.3219961471767, 43.6324785497049], [-79.3220521795701, 43.6322374897553], [-79.3221178795252, 43.6318490652623], [-79.3221929442736, 43.6314070780068], [-79.3222683360252, 43.630857912991], [-79.3223618894101, 43.6304025515454], [-79.3223719775504, 43.630107816327], [-79.3223173448044, 43.6298665848556], [-79.3222071330236, 43.629708996771], [-79.3220137060174, 43.6296316622651], [-79.3217741547719, 43.6295509066444], [-79.3214422867212, 43.6295101973373], [-79.3211933812244, 43.6294830195144], [-79.321101318064, 43.6294292904953], [-79.3210923168153, 43.6293555909468], [-79.3211385817052, 43.6292953807669], [-79.3212125235423, 43.6292418933663], [-79.3212955736136, 43.6292219324931], [-79.3214800494241, 43.6292155237731], [-79.3216368434511, 43.629209062089], [-79.3218305341724, 43.6291959703705], [-79.3220335367466, 43.6291560951606], [-79.3221165991114, 43.6291361239657], [-79.322283103906, 43.6289622241417], [-79.3223480489264, 43.6288283575037], [-79.3223760050041, 43.6287279187103], [-79.322413416007, 43.6285471111539], [-79.3224787541596, 43.6282792684467], [-79.3226668141665, 43.6270403202595], [-79.3227046768975, 43.6267054451693], [-79.3226776757341, 43.6264776596277], [-79.3225767498363, 43.6263033347755], [-79.3224663182649, 43.6262227810991], [-79.3223557599118, 43.6261891241271], [-79.3222451832097, 43.6261621458801], [-79.3221069746455, 43.6261217485022], [-79.321968700132, 43.6261081393262], [-79.3218304011566, 43.6260945206197], [-79.3216736560835, 43.6260875791813], [-79.3215722590483, 43.6260740266617], [-79.3215170103281, 43.6260471435361], [-79.3214618213478, 43.626000169033], [-79.3214251031343, 43.6259465264768], [-79.3214252408655, 43.6258996289257], [-79.3214438390558, 43.6258460730977], [-79.3215085635135, 43.6257858916419], [-79.3215916213384, 43.6257659216449], [-79.3217115547327, 43.6257460167984], [-79.3218314297014, 43.6257462040976], [-79.322043620538, 43.6257130402054], [-79.3222373330431, 43.6256932329747], [-79.3224310530081, 43.6256667365186], [-79.3225510702822, 43.6256267316873], [-79.3226250135755, 43.6255665642513], [-79.3227637985731, 43.6254060138452], [-79.3228193618147, 43.6253257175105], [-79.3228659297051, 43.6251650246631], [-79.3229495956789, 43.6249374008498], [-79.3230149081707, 43.6246762544054], [-79.3230804233003, 43.6243414228524], [-79.3231459823071, 43.6239999028784], [-79.3231559938341, 43.6237252764003], [-79.3231661551468, 43.6234037534122], [-79.323127171702, 43.6230829283631], [-79.3229279147902, 43.6228842468735], [-79.3227438042823, 43.6227767817969], [-79.3225411588028, 43.6227027820516], [-79.322375340594, 43.622648938471], [-79.3221356703892, 43.6226217695223], [-79.3219051604181, 43.6226147133616], [-79.3218315157494, 43.6225744073462], [-79.3217856674089, 43.6224872559971], [-79.3217951830184, 43.6223867886624], [-79.3218231352327, 43.6222863579441], [-79.3219523141321, 43.6222597618119], [-79.3222196976963, 43.6222668756874], [-79.3225608762576, 43.6222674052391], [-79.3229425603651, 43.6222932105946], [-79.3231831937891, 43.6222283224278], [-79.3233682909018, 43.6221508545156], [-79.323486947031, 43.6220650113639], [-79.3237088230473, 43.6218970546007], [-79.3238484883725, 43.6216691285528], [-79.3240650452056, 43.6208555733117], [-79.3242593074843, 43.6188845633956], [-79.3242313756887, 43.618366939716], [-79.3241127787905, 43.61814172154], [-79.3239127372031, 43.617961385523], [-79.3237202468691, 43.6178643147443], [-79.323619897182, 43.6177977652044], [-79.3235378242423, 43.6177139080138], [-79.3234968631685, 43.6176420672159], [-79.3234888157422, 43.6175762637417], [-79.3234973005944, 43.6174925454664], [-79.3234974930875, 43.6174267548154], [-79.3235388792215, 43.6173490637764], [-79.3236542674511, 43.6173013904919], [-79.323786134026, 43.6172537426767], [-79.3239425418913, 43.617253983629], [-79.3240577338129, 43.6172780863435], [-79.3241893261325, 43.6173201545474], [-79.3243208974269, 43.6173741849055], [-79.3244359839751, 43.617434176237], [-79.3244934173933"
87,Blake-Jones,69,8172,77,71,65,64,67,73,58,51,59,962.5,892.5204,819.3622,799.9,827.3648,893.4035,708.7865,626.4587,721.9775,6,5,5,8,10,8,7,5,9,75,62.85355,63.02786,99.9875,123.4873,97.90723,85.5432,61.41751,61.41751,12,15,12,16,6,18,20,20,6,150,188.5607,151.2669,199.975,74.09237,220.2913,244.4091,245.6701,245.6701,20,28,23,17,27,18,27,27,24,250,351.9799,289.9282,212.4734,333.4156,220.2913,329.9523,331.6546,293.6858,,,1,,,,,,1,,,13,,,,,,12.23691,12,13,13,16,15,10,5,13,11,150,163.8724,199.975,185.2309,122.384,61.10228,159.6855,134.606,163.4192,1,1,4,2,2,2,2,1,2,12.5,12.57071,50.42229,24.99688,24.69746,24.47681,24.44091,12.2835,24.47381,32,21,21,17,13,23,26,13,32,400,263.9849,264.717,212.4734,160.5335,281.4833,317.7319,159.6855,391.581,2,2,,2,1,4,5,2,1,25,25.14142,,24.99688,12.34873,48.95362,61.10228,24.56701,12.23691,"{'type': 'MultiPolygon', 'coordinates': [[[[-79.3407309833244, 43.6692802359703], [-79.3408249107046, 43.6692217141647], [-79.3410231162285, 43.669744202177], [-79.3411136950698, 43.669953707725], [-79.3411161604736, 43.6699593997326], [-79.3412739206583, 43.6702981320928], [-79.3416975075962, 43.671277523753], [-79.3420523393385, 43.6721309716295], [-79.3423958265499, 43.6729775791988], [-79.342696297301, 43.6736846063395], [-79.3429975075376, 43.6744051266011], [-79.3433114409445, 43.675157167424], [-79.3436141814954, 43.6758866984328], [-79.3439114379458, 43.6766432155432], [-79.3442344422906, 43.6774218203237], [-79.3445222955622, 43.6781517956746], [-79.3448460193368, 43.6789605628411], [-79.3443683663448, 43.6790558940677], [-79.3430879289429, 43.6793114105019], [-79.3417818821109, 43.6795759319596], [-79.3406119771364, 43.6797993131218], [-79.3401811736137, 43.6798832158226], [-79.3394388142905, 43.6800226502464], [-79.337822254348, 43.6803217499803], [-79.3373186951687, 43.6804305083559], [-79.3353701356509, 43.6808533730345], [-79.3348642267075, 43.680956608405], [-79.3323859473562, 43.6814927291739], [-79.3319833102687, 43.6804971685899], [-79.3318490018213, 43.6801504116652], [-79.3316386841894, 43.6796775149562], [-79.3315737790627, 43.6794613883018], [-79.3312714256769, 43.6787723236924], [-79.3309639124521, 43.677997737333], [-79.3303987821236, 43.6766758400892], [-79.3302746393411, 43.6763854442223], [-79.3296801842339, 43.6749713438948], [-79.3296709345136, 43.6749488269475], [-79.3333152133601, 43.6735182982662], [-79.3335014314495, 43.6734465503775], [-79.3336872899086, 43.6733703004195], [-79.3338723527811, 43.6732940493627], [-79.3340574285817, 43.6732178071968], [-79.3342417103135, 43.6731415540553], [-79.334309461307, 43.6731135230921], [-79.3344260039843, 43.6730653007888], [-79.3346095278666, 43.6729890558137], [-79.3347926672166, 43.6729083084179], [-79.3349757944945, 43.6728320615738], [-79.3351585359495, 43.672751313193], [-79.3353405326691, 43.672670563574], [-79.335522106785, 43.6725943139335], [-79.3357033089551, 43.6725135530608], [-79.3358837301642, 43.672432800335], [-79.3360641620542, 43.6723520474781], [-79.3361728056289, 43.6722981953133], [-79.3362810768756, 43.6722443430263], [-79.3363889510212, 43.672190489357], [-79.3364964528657, 43.6721366346677], [-79.3366031742922, 43.6720827793217], [-79.336709509756, 43.6720289236599], [-79.3367784922723, 43.6719938537324], [-79.3368154605229, 43.6719750668017], [-79.3369210030098, 43.6719212093051], [-79.3370258000747, 43.6718628506438], [-79.337130201271, 43.6718044906272], [-79.3372342164943, 43.6717461303007], [-79.3373374513198, 43.6716877684288], [-79.3374406857066, 43.6716339074804], [-79.3375427529354, 43.6715755437415], [-79.3375699314409, 43.6715588128901], [-79.3376448462302, 43.6715126792655], [-79.337746157637, 43.6714543151533], [-79.3378470719444, 43.6713959496766], [-79.3379472283841, 43.6713330819676], [-79.3380469773258, 43.6712747236742], [-79.3381463657881, 43.6712118464209], [-79.3382449597168, 43.6711489854387], [-79.3383431578307, 43.6710906160383], [-79.3384405980482, 43.6710277444129], [-79.3385376535606, 43.6709648716123], [-79.3386343368677, 43.6708974985953], [-79.338730214832, 43.6708346247172], [-79.3387360412395, 43.6708307981421], [-79.3388257328942, 43.6707717500281], [-79.3389200836693, 43.6707043734735], [-79.3390377348099, 43.670619035167], [-79.3391550125004, 43.6705336877087], [-79.339271112854, 43.6704438373006], [-79.3393112703099, 43.6704142345551], [-79.3393868391572, 43.6703584967686], [-79.3395021822051, 43.6702686450218], [-79.3396167433915, 43.670183293627], [-79.3397309319721, 43.6700934491827], [-79.3398447235395, 43.6700035952535], [-79.3399573363847, 43.669918240419], [-79.3400695765806, 43.6698283934395], [-79.3401070198542, 43.6697983179011], [-79.3401814197954, 43.6697385360803], [-79.3402925184583, 43.6696441775753], [-79.3404031838707, 43.6695588201227], [-79.3405127190342, 43.6694644585029], [-79.3406218457813, 43.6693745972741], [-79.3407309833244, 43.6692802359703]]]]}"
88,North Riverdale,68,12090,49,65,51,66,55,73,35,54,75,400.6541,536.6135,423.6584,545.0942,451.1155,595.7238,286.8382,445.7652,620.3474,12,10,7,10,11,21,14,15,31,98.11938,82.55593,58.14919,82.59003,90.2231,171.3726,114.7353,123.8237,123.8237,27,25,30,27,49,38,36,17,21,220.7686,206.3898,249.2108,222.9931,401.9029,310.1028,295.0336,140.3335,140.3335,43,51,41,28,34,43,34,32,29,351.5945,421.0352,340.5881,231.2521,278.8714,350.9058,278.6429,264.1572,239.8677,,,1,1,,,,1,,,,8,8,,,,8.254911,,20,34,31,24,18,22,15,5,9,163.5323,257.5179,198.216,147.6378,179.5332,122.9307,41.27456,74.44169,280.6902,,,2,,,1,,1,,,,16.61406,,,8.160601,,8.254911,,61,45,52,40,32,56,37,33,61,498.7735,371.5017,431.9655,330.3601,262.4672,456.9936,303.229,272.4121,504.5492,3,2,6,5,5,5,2,1,3,24.52984,16.51119,49.84217,41.29501,41.0105,40.803,16.39075,8.254911,24.8139,"{'type': 'MultiPolygon', 'coordinates': [[[[-79.3559671218285, 43.6646111305611], [-79.356306821813, 43.6645422662699], [-79.3563071783212, 43.6645433824743], [-79.3563510716621, 43.6646739746365], [-79.3563779241122, 43.6647955447294], [-79.3564024809773, 43.6649126113808], [-79.3564332154072, 43.6650341949688], [-79.356466280657, 43.6651557724499], [-79.3565008975759, 43.6652818525558], [-79.3565347420024, 43.6653989302832], [-79.3565805680087, 43.6655250067855], [-79.3571867391926, 43.667705609993], [-79.3573239550748, 43.6681993335503], [-79.3573493326409, 43.6682803773952], [-79.3573878368079, 43.6683794402486], [-79.3574306539619, 43.6684739983218], [-79.357468421514, 43.6685595582772], [-79.3575054650237, 43.6686414261355], [-79.3575112138472, 43.6686541258654], [-79.3575602500261, 43.6687306980247], [-79.357612010027, 43.668798272136], [-79.3576893423013, 43.668870378905], [-79.3577489501332, 43.6689386023625], [-79.3577561766604, 43.6689559747072], [-79.3578091029691, 43.6690235510813], [-79.3578883919683, 43.6690911505885], [-79.3579742795423, 43.6691587674178], [-79.3580621082199, 43.6692128846764], [-79.358145299404, 43.6692669955671], [-79.3581912587804, 43.6693022387621], [-79.3582334809155, 43.6693346154442], [-79.3583166737729, 43.669393226361], [-79.3583924891343, 43.6694518293839], [-79.3584659727762, 43.6695104294764], [-79.3585448782831, 43.6695735363944], [-79.358646283682, 43.669623168904], [-79.358748857784, 43.669677303829], [-79.3588525315808, 43.669749442358], [-79.3589461709535, 43.6698170680292], [-79.3590297138511, 43.6698801799763], [-79.3591283634553, 43.6699478117115], [-79.3592367312204, 43.6700064538784], [-79.359332699249, 43.6700650808964], [-79.3594235984392, 43.6701327028503], [-79.3595160426519, 43.6702138283831], [-79.3595968632202, 43.6702859380043], [-79.3596617230206, 43.6703850236239], [-79.3597140779387, 43.6704704653568], [-79.3597169186424, 43.6704751043986], [-79.359756241117, 43.6705606651854], [-79.3597982706078, 43.6706552308488], [-79.3598406820529, 43.6707452964482], [-79.359880006334, 43.6708353573418], [-79.3599262785213, 43.6709344290473], [-79.3599667329875, 43.6710290017528], [-79.3600091342521, 43.6711235582615], [-79.3600546390638, 43.671222628803], [-79.3600935769521, 43.6713081803443], [-79.3601332864639, 43.6713982421696], [-79.3601815151264, 43.6714883145743], [-79.3602282043825, 43.671573883651], [-79.3602818747185, 43.6716594619347], [-79.3603479477376, 43.6717450641759], [-79.3604055311263, 43.6718171450417], [-79.360459981888, 43.6718982235053], [-79.3605287805696, 43.6719793195981], [-79.3606169714517, 43.6720514378753], [-79.36070479857, 43.6721145542156], [-79.3607781359992, 43.6721742590802], [-79.3607933853119, 43.6721866816355], [-79.3608800592247, 43.6722497966055], [-79.3609756478924, 43.6723084212901], [-79.361074305156, 43.6723805524628], [-79.3611726095024, 43.6724391799126], [-79.3612627778106, 43.6724932976305], [-79.361368812196, 43.6725609360648], [-79.3614682613362, 43.6726240572901], [-79.3615696458393, 43.6726916900941], [-79.3616695329446, 43.6727368169205], [-79.3617620453052, 43.6727909372343], [-79.3618557194259, 43.6728360567678], [-79.3619591116787, 43.6728721874144], [-79.3620508414545, 43.672921805155], [-79.3620998795025, 43.6729309283957], [-79.3621724944131, 43.672944455653], [-79.3622417947661, 43.6729760439108], [-79.3623309140547, 43.6729851525996], [-79.3624494292347, 43.673007789351], [-79.3625787996693, 43.6730349483835], [-79.362694562539, 43.6730845858142], [-79.3627928803572, 43.6731387119345], [-79.3628597391072, 43.6731917291212], [-79.3628667697035, 43.6731973095832], [-79.3629542120003, 43.6732514130223], [-79.3630137147866, 43.6733324968976], [-79.3630457201039, 43.6734045458735], [-79.3630599024452, 43.6734720726213], [-79.3630585628526, 43.6735485816704], [-79.3630483414721, 43.6736205714173], [-79.3630476402839, 43.6736455398583], [-79.3630462203621, 43.6736970800746], [-79.3630305341938, 43.6737780728248], [-79.3630117074144, 43.6738770742064], [-79.3629921290393, 43.6739625635426], [-79.3629679340267, 43.6740390459182], [-79.3629456542826, 43.6741290317873], [-79.3629322470229, 43.6742280306497], [-79.3629057012015, 43.6743180121204], [-79.362883000468, 43.6744080072487], [-79.362883578794, 43.6745025217466], [-79.3628895828578, 43.6745835406651], [-79.3629142215499, 43.6746555804751], [-79.3629523975187, 43.6747411389968], [-79.3629886586803, 43.6748176941382], [-79.3630299735398, 43.6748807528561], [-79.3631054362656, 43.6749303411132], [-79.3633940170507, 43.6753312270665], [-79.3627104868044, 43.6754723325803], [-79.362071447245, 43.6756042250626], [-79.3618252172425, 43.675644433676], [-79.3617278975513, 43.6756623275249], [-79.3616301894502, 43.6756757110971], [-79.3614929254173, 43.6756980481219], [-79.3614733326131, 43.6757026959117], [-79.3604512633133, 43.6759125516236], [-79.3594246952031, 43.6761077842715], [-79.3588757950386, 43.6762109195947], [-79.356373939813, 43.6766953512649], [-79.3550633376349, 43.6769526473389], [-79.3540605584093, 43.6771533522146], [-79.3532613289274, 43.6773122639649], [-79.3527923953358, 43.6773975610777], [-79.351968917008, 43.6775655061546], [-79.3507538740265, 43.677802695266], [-79.3497347523747, 43.6779997939197], [-79.3496266885626, 43.6780211112186], [-79.3485129720379, 43.6782408568616], [-79.3484869515652, 43.6782459893777], [-79.3483134937057, 43.6782804594808], [-79.3473484139566, 43.6784690754206], [-79.3462698703347, 43.6786781529423], [-79.3461200788454, 43.678710329459], [-79.3448460193368, 43.6789605628411], [-79.3445222955622, 43.6781517956746], [-79.3442344422906, 43.6774218203237], [-79.3439114379458, 43.6766432155432], [-79.3436141814954, 43.6758866984328], [-79.3433114409445, 43.675157167424], [-79.3429975075376, 43.6744051266011], [-79.342696297301, 43.6736846063395], [-79.3423958265499, 43.6729775791988], [-79.3420523393385, 43.6721309716295], [-79.3416975075962, 43.671277523753], [-79.3412739206583, 43.6702981320928], [-79.3411161604736, 43.6699593997326], [-79.3411136950698, 43.669953707725], [-79.3410231162285, 43.669744202177], [-79.3408249107046, 43.6692217141647], [-79.3408843398629, 43.6691724336116], [-79.3409732915165, 43.6690960460301], [-79.341061844753, 43.6690151569704], [-79.3411496300304, 43.6689387676239], [-79.3412366460064, 43.6688578768205], [-79.3413228680298, 43.6687814844563], [-79.3413912354474, 43.6687185700741], [-79.3414592194489, 43.668655655488], [-79.3415264453945, 43.668588238737], [-79.3415936338221, 43.6685253314316], [-79.3416596935621, 43.6684579129833], [-79.3417253451975, 43.6683949941027], [-79.3417902263163, 43.6683275746814], [-79.3418547241662, 43.6682646542898], [-79.3419180558501, 43.6681972321211], [-79.3419810150575, 43.6681298180182], [-79.3420431929792, 43.6680623934452], [-79.3421049738286, 43.6679949693797], [-79.342165997971, 43.6679275433064], [-79.3422262405619, 43.6678601166669], [-79.3422857028685, 43.6677926885804], [-79.3423125894392, 43.6677626608596], [-79.3427816969167, 43.6676448592381], [-79.3437768451373, 43.6674237638879], [-79.3451987765071, 43.6671035854363], [-79.3470378218093, 43.6666875084837], [-79.3485448847787, 43.6663654672903], [-79.3494614750822, 43.6661596380001], [-79.3521441355544, 43.6655676825154], [-79.3524745414827, 43.6654950184562], [-79.3526273181682, 43.6654952066803], [-79.352780127742, 43.6654912903137], [-79.3533140363789, 43.6653422481618], [-79.35352921666, 43.6652821792104], [-79.3538953502506, 43.6651810135181], [-79.353981386406, 43.6651572427196], [-79.3539966227993, 43.6651530052598], [-79.354342556846, 43.665056682095], [-79.3544396984253, 43.6650296394963], [-79.3547354151155, 43.664947293544], [-79.3551562274453, 43.6648301259722], [-79.3551823595681, 43.6648227146457], [-79.3552966366804, 43.6647903013316], [-79.3557778295053, 43.6646534139917], [-79.3559671218285, 43.6646111305611]]]]}"
89,Playter Estates-Danforth,67,7770,48,38,68,66,51,74,71,53,93,622.4874,492.8664,880.0311,849.6395,651.5906,941.4758,905.035,681.4091,1196.911,2,7,7,4,8,9,6,6,17,25.93697,90.79118,90.59143,51.49331,102.2103,114.5038,76.48183,77.14066,77.14066,20,8,15,15,11,11,32,26,27,259.3697,103.7614,194.1245,193.0999,140.5392,139.9491,407.9031,334.2762,334.2762,36,40,24,15,23,35,50,41,32,466.8655,518.8068,310.5992,193.0999,293.8546,445.2926,637.3486,527.1278,411.8404,,,,,2,,,,,,,,,25.55257,,,,,13,11,10,6,6,10,7,12,13,168.5903,129.4163,77.23996,76.65772,127.2265,89.22881,154.2813,167.3102,142.6719,,,,2,1,2,1,1,1,,,,25.74665,12.77629,25.44529,12.74697,12.85678,12.87001,27,21,9,24,20,66,30,33,27,350.1491,272.3735,116.4747,308.9598,255.5257,839.6946,382.4092,424.2736,347.4904,,2,3,1,2,6,7,1,4,,25.94034,38.8249,12.87333,25.55257,76.33588,89.22881,12.85678,51.48005,"{'type': 'MultiPolygon', 'coordinates': [[[[-79.3481265825533, 43.6825959357567], [-79.348041093865, 43.6823970198926], [-79.3475139708877, 43.6824957277992], [-79.3473834129045, 43.6825207306843], [-79.3462767957239, 43.6827324705525], [-79.3461292376003, 43.6823576466019], [-79.346077715349, 43.6821925836505], [-79.3454462809218, 43.680450112023], [-79.3451591965631, 43.6796877806725], [-79.3450293227754, 43.6793862134477], [-79.3450241334136, 43.6793741631896], [-79.3448460193368, 43.6789605628411], [-79.3461200788454, 43.678710329459], [-79.3462698703347, 43.6786781529423], [-79.3473484139566, 43.6784690754206], [-79.3483134937057, 43.6782804594808], [-79.3484869515652, 43.6782459893777], [-79.3485129720379, 43.6782408568616], [-79.3496266885626, 43.6780211112186], [-79.3497347523747, 43.6779997939197], [-79.3507538740265, 43.677802695266], [-79.351968917008, 43.6775655061546], [-79.3527923953358, 43.6773975610777], [-79.3532613289274, 43.6773122639649], [-79.3540605584093, 43.6771533522146], [-79.3550633376349, 43.6769526473389], [-79.356373939813, 43.6766953512649], [-79.3588757950386, 43.6762109195947], [-79.3594246952031, 43.6761077842715], [-79.3604512633133, 43.6759125516236], [-79.3609978225871, 43.6758003325786], [-79.3614733326131, 43.6757026959117], [-79.3614929254173, 43.6756980481219], [-79.3616301894502, 43.6756757110971], [-79.3617278975513, 43.6756623275249], [-79.3618252172425, 43.675644433676], [-79.362071447245, 43.6756042250626], [-79.3627104868044, 43.6754723325803], [-79.3633940170507, 43.6753312270665], [-79.3634721229152, 43.6754078320645], [-79.3637637842556, 43.675655698449], [-79.3640332580279, 43.6759485529245], [-79.36433453049, 43.6762369349811], [-79.3646894142892, 43.6764668714046], [-79.3649597271236, 43.67673721255], [-79.3648350815074, 43.6770161060632], [-79.3644466161216, 43.6772406790921], [-79.3641100612153, 43.6774878165085], [-79.3638411888401, 43.6777980322884], [-79.363598339736, 43.6780722832356], [-79.3636021652759, 43.6784368415679], [-79.3637346795419, 43.6788060535297], [-79.3640518271601, 43.6790944645336], [-79.3641878662609, 43.6792115440472], [-79.3635940996021, 43.6793309149262], [-79.3626963169006, 43.6795114231705], [-79.3624420245922, 43.679561713507], [-79.362282816496, 43.6795923158679], [-79.3616963675478, 43.6797086069769], [-79.3623459023789, 43.6812714792487], [-79.3623869529194, 43.6817014759419], [-79.3620445647132, 43.6817519120178], [-79.3619702000138, 43.6818854463226], [-79.3617703758568, 43.6817443162867], [-79.3614221877671, 43.6817061253964], [-79.361294175262, 43.6816739973113], [-79.3606356042759, 43.6816993453492], [-79.3603294787996, 43.6816597439643], [-79.3581308779375, 43.6817011516402], [-79.357579279147, 43.6817115373695], [-79.3575210419612, 43.6819495406859], [-79.3573656560961, 43.6819706443338], [-79.3572192745508, 43.6824519048903], [-79.3551944221281, 43.6828440840594], [-79.3528092746443, 43.6833032723657], [-79.3514439839286, 43.683567332853], [-79.3494018453641, 43.6839625461204], [-79.3487553454652, 43.6840886736128], [-79.3485907221998, 43.683695701292], [-79.3484067138104, 43.6832589753386], [-79.3482329776853, 43.6828466376613], [-79.3481265825533, 43.6825959357567]]]]}"
90,Danforth,66,10117,83,89,74,78,101,83,60,83,115,840.251,901.0833,747.022,781.0153,1000.396,816.6076,590.6093,821.9449,1136.701,8,4,5,4,11,8,7,22,22,80.98805,40.49813,50.47446,40.05207,108.954,78.70917,68.90442,217.8649,217.8649,10,11,26,10,23,28,39,65,31,101.2351,111.3699,262.4672,100.1302,227.813,275.4821,383.8961,643.6918,643.6918,39,40,41,29,30,40,40,51,57,394.8168,404.9813,413.8906,290.3775,297.1474,393.5458,393.7395,505.0505,563.4081,1,1,1,1,1,,1,,,10.12350678,10,10,10,9.904913,,9.843489,,,14,19,19,29,33,20,16,12,22,141.7291,191.8029,290.3775,326.8621,196.7729,157.4958,118.8354,217.4558,192.3661,,1,1,1,1,1,1,,2,,10.12453,10.09489,10.01302,9.904913,9.838646,9.843489,,19.76871,39,60,18,15,29,58,59,50,39,394.8168,607.4719,181.7081,150.1953,287.2425,570.6415,580.7658,495.1476,385.4898,2,4,4,3,5,4,2,5,3,20.24701,40.49813,40.37957,30.03905,49.52456,39.35458,19.68698,49.51476,29.65306,"{'type': 'MultiPolygon', 'coordinates': [[[[-79.3136159957335, 43.6863894597078], [-79.3135756970083, 43.6863010642353], [-79.3130942937362, 43.6864068272576], [-79.3129642189605, 43.6861095438755], [-79.3127821708386, 43.6856934042501], [-79.3140900387287, 43.6854133834943], [-79.3152749805441, 43.6851593699783], [-79.3162299582626, 43.6849548607207], [-79.3171800787347, 43.6847466091784], [-79.3176728395484, 43.6846355811755], [-79.3182247778084, 43.6845319191141], [-79.3192438219869, 43.6842952707843], [-79.3202076990479, 43.6840923708288], [-79.3208947089681, 43.6839528939597], [-79.3211931106494, 43.6838738981303], [-79.3236423806216, 43.6833745838239], [-79.3247716105431, 43.6831255437165], [-79.3255732784537, 43.6829565733544], [-79.3262088788639, 43.6828205501791], [-79.3271739341553, 43.682596908764], [-79.3282719585926, 43.6823679140129], [-79.3293359046962, 43.6821560048743], [-79.3297847920939, 43.6820701898198], [-79.3299435647977, 43.6820345563856], [-79.3313524712399, 43.6817183482336], [-79.3323859473562, 43.6814927291739], [-79.3348642267075, 43.680956608405], [-79.3353701356509, 43.6808533730345], [-79.3373186951687, 43.6804305083559], [-79.337822254348, 43.6803217499803], [-79.3394388142905, 43.6800226502464], [-79.3401811736137, 43.6798832158226], [-79.3406119771364, 43.6797993131218], [-79.3417818821109, 43.6795759319596], [-79.3430879289429, 43.6793114105019], [-79.3443683663448, 43.6790558940677], [-79.3448460193368, 43.6789605628411], [-79.3450241334136, 43.6793741631896], [-79.3450293227754, 43.6793862134477], [-79.3451591965631, 43.6796877806725], [-79.3454462809218, 43.680450112023], [-79.346077715349, 43.6821925836505], [-79.3461292376003, 43.6823576466019], [-79.3462767957239, 43.6827324705525], [-79.3454508689577, 43.6828905628657], [-79.344462053705, 43.6830792669991], [-79.3439029690943, 43.6831873030568], [-79.3431687959499, 43.6833291582072], [-79.3425738816746, 43.6834431969533], [-79.3425513461132, 43.6834475142842], [-79.3419982742027, 43.6835535330159], [-79.3413983295627, 43.6836686487369], [-79.3408112271307, 43.6837813024307], [-79.3388548639308, 43.6841551851949], [-79.3388059852362, 43.684042501237], [-79.337659236234, 43.684285651135], [-79.3367546726974, 43.6844769815907], [-79.3358730294757, 43.6846715333708], [-79.334932009816, 43.6848732212125], [-79.3339074453939, 43.6850927371861], [-79.3313654270254, 43.6856392471209], [-79.3287073283801, 43.6862187773287], [-79.3251265697615, 43.6869808333709], [-79.3223942094095, 43.6875698514713], [-79.3191746709872, 43.6882599473329], [-79.3167576094133, 43.6887814413602], [-79.3148463933964, 43.6891927187518], [-79.3146661529077, 43.6887905639781], [-79.3143257039578, 43.6880052508369], [-79.3139755113552, 43.6872007569591], [-79.3136159957335, 43.6863894597078]]]]}"
91,Greenwood-Coxwell,65,15292,112,143,101,78,121,129,119,113,117,755.3278,964.1966,678.7634,519.4459,797.1014,841.8168,776.9653,741.5185,765.106,17,17,13,13,17,29,30,18,24,114.648,114.6248,87.36559,86.57432,111.9895,189.2456,195.8736,118.118,118.118,16,25,37,27,26,39,56,60,33,107.904,168.5658,248.6559,179.8082,171.278,254.5027,365.6307,393.7266,393.7266,48,34,62,33,38,48,41,38,35,323.7119,229.2495,416.6667,219.7656,250.3294,313.2341,267.6939,249.3602,228.8778,2,,,,1,,,,1,13.48799568,,,,6.587615,,,,6.539367,16,18,14,25,20,11,23,15,34,107.904,94.08602,166.4891,131.7523,71.78282,150.1698,98.43166,222.3385,121.3674,2,1,1,1,,5,2,2,1,13.488,6.742634,6.72043,6.659563,,32.62856,13.05824,13.12422,6.539367,52,64,59,36,65,100,100,59,52,350.6879,431.5286,396.5054,239.7443,428.195,652.5711,652.912,387.1645,340.0471,5,7,7,8,6,5,4,6,7,33.71999,47.19844,47.04301,53.2765,39.52569,32.62856,26.11648,39.37266,45.77557,"{'type': 'MultiPolygon', 'coordinates': [[[[-79.316920902733, 43.6671702337513], [-79.3166056419371, 43.6663686458557], [-79.314854088582, 43.6667483610883], [-79.3148903263382, 43.6663071385813], [-79.3148984496111, 43.6662702462296], [-79.3149120678884, 43.6662084735245], [-79.3149538308096, 43.6657886022285], [-79.3154678658063, 43.6656818765659], [-79.3155368153481, 43.6656633725372], [-79.3156369800771, 43.6656390960826], [-79.3162186815046, 43.6655024739261], [-79.3176538328099, 43.6651865122152], [-79.3177831011464, 43.6651570763213], [-79.3179263974888, 43.6651138196538], [-79.3180686336416, 43.6650600649155], [-79.3181775178368, 43.6649932957135], [-79.318290473217, 43.6649125078901], [-79.3183928697283, 43.6648340262364], [-79.318486968649, 43.6647394540632], [-79.3185902749758, 43.6646512434456], [-79.3186427330937, 43.6645991815325], [-79.3190809837703, 43.6642551336203], [-79.3193971939017, 43.6639819117421], [-79.3197532595019, 43.6637811230409], [-79.3198605054042, 43.6637421635491], [-79.3199370906275, 43.663723155949], [-79.3199813273407, 43.6637121813958], [-79.320204266662, 43.6636706130675], [-79.3205787973613, 43.6635964272071], [-79.3216699586464, 43.6633490674488], [-79.323559766573, 43.6629276049641], [-79.3252733658863, 43.6625255272595], [-79.326638267643, 43.6622188051832], [-79.32948015996, 43.6615544778126], [-79.3297378928908, 43.6621212987369], [-79.3299926362786, 43.6627210952047], [-79.3300313338987, 43.6628087541314], [-79.3302274287472, 43.6632478339603], [-79.3290010423795, 43.6635385670716], [-79.327914902671, 43.6638080668009], [-79.327883126187, 43.6638159493392], [-79.3273527481908, 43.6639186741326], [-79.3262193577253, 43.6641825139914], [-79.3259902113662, 43.6642316816283], [-79.3253112208118, 43.6644061901974], [-79.3254743692587, 43.6647885463332], [-79.3255937110429, 43.6650682016755], [-79.3260242700875, 43.6661039668788], [-79.3261104330771, 43.666320121249], [-79.3266418536269, 43.6676080825199], [-79.3274116423544, 43.6694590032104], [-79.3277079605089, 43.6701885673667], [-79.3278548433376, 43.6705322434414], [-79.3280255765427, 43.6709316554282], [-79.3281749788394, 43.6712888097605], [-79.328186174756, 43.6713155781162], [-79.3281971862031, 43.671341887277], [-79.3284193477467, 43.6718729218791], [-79.3287576347827, 43.6727015783032], [-79.3290747649656, 43.6734806939671], [-79.3292393504121, 43.6738890782544], [-79.3292598915963, 43.673940038692], [-79.3293210794468, 43.6740931612164], [-79.3296709345136, 43.6749488269475], [-79.3296801842339, 43.6749713438948], [-79.3302746393411, 43.6763854442223], [-79.3303987821236, 43.6766758400892], [-79.3309639124521, 43.677997737333], [-79.3312714256769, 43.6787723236924], [-79.3315737790627, 43.6794613883018], [-79.3316386841894, 43.6796775149562], [-79.3318490018213, 43.6801504116652], [-79.3319833102687, 43.6804971685899], [-79.3323859473562, 43.6814927291739], [-79.3313524712399, 43.6817183482336], [-79.3299435647977, 43.6820345563856], [-79.3297847920939, 43.6820701898198], [-79.3293359046962, 43.6821560048743], [-79.3282719585926, 43.6823679140129], [-79.3271739341553, 43.682596908764], [-79.3262088788639, 43.6828205501791], [-79.3255732784537, 43.6829565733544], [-79.3247716105431, 43.6831255437165], [-79.3243765477301, 43.6832126819977], [-79.3239471284557, 43.6833073815539], [-79.3236423806216, 43.6833745838239], [-79.323426962677, 43.6828658117771], [-79.3234207796845, 43.6828512294019], [-79.3230261561435, 43.6819191998208], [-79.3227390210126, 43.6812301454587], [-79.3224620034015, 43.6805231033087], [-79.3221500500049, 43.679834008947], [-79.3218443988153, 43.679117928983], [-79.3214688896246, 43.6781767048892], [-79.3214571553565, 43.6781478193012], [-79.3208047636268, 43.6765419356869], [-79.3205156875079, 43.6758511170563], [-79.3203042071225, 43.6753457386758], [-79.3202068720309, 43.6750737993104], [-79.3193130846362, 43.672916618165], [-79.3183895299774, 43.6707414248486], [-79.3180580071355, 43.6699128201261], [-79.3176556146956, 43.6688990432733], [-79.3175807667448, 43.6687104362404], [-79.3172471408738, 43.6679403247908], [-79.316920902733, 43.6671702337513]]]]}"
92,Woodbine Corridor,64,13232,91,75,84,80,96,102,71,78,110,724.58,591.8561,654.7155,617.3792,732.6566,771.0916,536.3753,591.7609,831.318,7,10,10,5,12,8,11,13,19,55.73692,78.91414,77.94232,38.5862,91.58208,60.47778,83.1004,98.62681,98.62681,5,14,30,18,21,24,32,19,14,39.81209,110.4798,233.827,138.9103,160.2686,181.4333,241.7466,144.1469,144.1469,32,25,52,30,24,33,34,31,24,254.7974,197.2854,405.3001,231.5172,183.1642,249.4708,256.8558,235.187,181.3785,,3,,,,,1,1,1,,24,,,,,7.554582,7.586678,7.557436,13,16,9,19,27,12,6,8,8,103.5114,70.14809,146.6276,206.0597,90.71666,45.32749,60.69342,60.45949,126.2626,,2,1,,,2,,,1,,15.78283,7.794232,,,15.11944,,,7.557436,41,38,29,39,80,68,54,34,41,326.4591,299.8737,226.0327,300.9724,610.5472,514.0611,407.9474,257.9471,309.8549,2,3,6,3,7,3,4,2,5,15.92484,23.67424,46.76539,23.15172,53.42288,22.67916,30.21833,15.17336,37.78718,"{'type': 'MultiPolygon', 'coordinates': [[[[-79.314854088582, 43.6667483610883], [-79.3166056419371, 43.6663686458557], [-79.316920902733, 43.6671702337513], [-79.3172471408738, 43.6679403247908], [-79.3175807667448, 43.6687104362404], [-79.3176556146956, 43.6688990432733], [-79.3180580071355, 43.6699128201261], [-79.3183895299774, 43.6707414248486], [-79.3193130846362, 43.672916618165], [-79.3202068720309, 43.6750737993104], [-79.3203042071225, 43.6753457386758], [-79.3205156875079, 43.6758511170563], [-79.3208047636268, 43.6765419356869], [-79.3212258568701, 43.6775785026738], [-79.3213599127754, 43.6779084843763], [-79.3214571553565, 43.6781478193012], [-79.3214688896246, 43.6781767048892], [-79.3218443988153, 43.679117928983], [-79.3221500500049, 43.679834008947], [-79.3224620034015, 43.6805231033087], [-79.3227390210126, 43.6812301454587], [-79.3230261561435, 43.6819191998208], [-79.3234207796845, 43.6828512294019], [-79.323426962677, 43.6828658117771], [-79.3236423806216, 43.6833745838239], [-79.3211931106494, 43.6838738981303], [-79.3208947089681, 43.6839528939597], [-79.3202076990479, 43.6840923708288], [-79.3192438219869, 43.6842952707843], [-79.3182247778084, 43.6845319191141], [-79.3176728395484, 43.6846355811755], [-79.3171800787347, 43.6847466091784], [-79.3162299582626, 43.6849548607207], [-79.3157537798257, 43.6850568259316], [-79.3152749805441, 43.6851593699783], [-79.3140900387287, 43.6854133834943], [-79.3127821708386, 43.6856934042501], [-79.3126082093527, 43.6852704174586], [-79.3122165178314, 43.6843180844754], [-79.3118456530622, 43.6834329435106], [-79.3115079527131, 43.6826111883924], [-79.3113114544622, 43.682150087288], [-79.311092506, 43.681647200398], [-79.3107581485867, 43.6808019373434], [-79.3100308556931, 43.6790464380563], [-79.3096748372798, 43.6781927909578], [-79.3093033105248, 43.6772738578028], [-79.3089643951833, 43.6764695547237], [-79.3088041833401, 43.6760762355073], [-79.3085027045402, 43.6753360475282], [-79.3079298440614, 43.6739370996226], [-79.3090902155353, 43.6728776974287], [-79.3098759206302, 43.6722084084321], [-79.3099852123677, 43.6720825708652], [-79.3100331645285, 43.6720279856026], [-79.3100641678387, 43.6719926889214], [-79.310131475017, 43.6719117888821], [-79.3102053963397, 43.6718173980036], [-79.3103753223378, 43.6715116351362], [-79.3108092077739, 43.6706973463037], [-79.310832959358, 43.6706527754003], [-79.3109901959831, 43.6703538487876], [-79.3111853796243, 43.6699827586697], [-79.3113163207908, 43.6697444395274], [-79.3116465163189, 43.6691194011046], [-79.3118807400751, 43.6687012336199], [-79.3121332589785, 43.668200427502], [-79.3122142000428, 43.6680398868169], [-79.3124793163323, 43.6675140776533], [-79.3125501006443, 43.6673569045324], [-79.3125671451715, 43.6673190276087], [-79.3125967873209, 43.667253240181], [-79.3135600518411, 43.6670387921039], [-79.314854088582, 43.6667483610883]]]]}"
93,The Beaches,63,22880,88,110,84,113,100,84,87,91,120,399.9637,500.1591,380.8315,506.8401,442.8306,368.2111,380.8607,399.5258,524.4755,8,24,7,11,32,21,24,30,54,36.36033,109.1256,31.73596,49.33842,141.7058,92.05278,105.065,131.7118,131.7118,53,18,89,31,37,37,47,21,21,240.8872,81.84422,403.5,139.0446,163.8473,162.1882,205.7523,92.19827,92.19827,45,42,77,34,43,58,64,39,44,204.5269,190.9698,349.0955,152.5006,190.4171,254.241,280.1734,171.2254,192.3077,,,,,,,,,,,,,,,,,,,17,14,16,48,11,16,7,17,20,77.2657,72.53933,215.2949,48.71136,70.13545,30.64396,74.6367,87.41259,63.65662,,,,,,2,,,,,,,,,8.766932,,,,69,98,65,62,99,54,61,48,69,313.6078,445.5963,294.691,278.0893,438.4023,236.7071,267.0402,210.7389,301.5734,8,5,3,7,5,9,10,8,8,36.36033,22.73451,13.60112,31.39717,22.14153,39.45119,43.77709,35.12315,34.96503,"{'type': 'MultiPolygon', 'coordinates': [[[[-79.2812195471237, 43.6739632436482], [-79.2811979106799, 43.6738732967703], [-79.2810634791661, 43.6739040225947], [-79.2801874934821, 43.6717875695901], [-79.2801273959116, 43.6716423354476], [-79.2800212384499, 43.6713858634353], [-79.2801307976893, 43.6713625267016], [-79.2800484220047, 43.6711649420571], [-79.280084336543, 43.6711574583695], [-79.2800284980561, 43.6710244740552], [-79.2800598095472, 43.6710177197356], [-79.2800646245912, 43.6710236789133], [-79.2800861223063, 43.6710251153371], [-79.2801025806482, 43.6710072977407], [-79.2801272471823, 43.6709865162594], [-79.2801828021061, 43.6709256301414], [-79.2802424453669, 43.6708692165008], [-79.2802671120527, 43.6708484259871], [-79.280287637414, 43.6708410392863], [-79.2803163144122, 43.6708425701986], [-79.2803388367541, 43.6708485635293], [-79.2803490304842, 43.6708619858803], [-79.2803530926615, 43.6708738933567], [-79.2803530440482, 43.6708872786301], [-79.2803468390602, 43.6709021460334], [-79.2803303847693, 43.6709184789937], [-79.2803036613346, 43.6709422269436], [-79.2802748471222, 43.6709749004409], [-79.2802480961054, 43.6710060833311], [-79.280272638545, 43.671019524436], [-79.2803053827389, 43.6710314871766], [-79.2803586099795, 43.6710509242913], [-79.2804241301941, 43.6710659201872], [-79.2804876536457, 43.671067527908], [-79.2805388992971, 43.6710661407603], [-79.2805860616411, 43.6710587964399], [-79.2806209293283, 43.6710529130212], [-79.2806619568211, 43.6710410833944], [-79.2807050474694, 43.6710248107861], [-79.2807563938114, 43.6709921799398], [-79.2808364842101, 43.6709462200273], [-79.2809042630592, 43.6709061767548], [-79.2809196854955, 43.6708935683834], [-79.2809340702325, 43.6708802024837], [-79.2809382401265, 43.6708623601798], [-79.2809157597373, 43.6708444681267], [-79.2808994421828, 43.6708236074733], [-79.2808933503894, 43.6708072314926], [-79.2808975425418, 43.6707834397889], [-79.2809098856153, 43.670768593561], [-79.2809365400287, 43.6707671505371], [-79.2809693104297, 43.670771678113], [-79.280997967902, 43.6707821475704], [-79.2810328126221, 43.6707792340459], [-79.281055383447, 43.6707718428597], [-79.2810719124046, 43.6707346805389], [-79.2811069528266, 43.6706811989804], [-79.281174893205, 43.6705935483811], [-79.2812119526144, 43.670547505514], [-79.2812510521104, 43.6705029519393], [-79.2812819173342, 43.6704687963942], [-79.2813518608776, 43.6703960375485], [-79.2814011871488, 43.6703559676692], [-79.281419688092, 43.6703426185903], [-79.2814401790621, 43.6703411628927], [-79.2814627287188, 43.6703397210432], [-79.2814914188995, 43.6703412608624], [-79.2814995941269, 43.6703472263919], [-79.2815057015511, 43.6703591474776], [-79.2815056519838, 43.6703725318382], [-79.281501499326, 43.6703859094204], [-79.2814912079552, 43.6703992838265], [-79.2814768113161, 43.6704126406149], [-79.2814644368697, 43.6704364164403], [-79.2814273932354, 43.6704780045287], [-79.2813347649179, 43.6705893980708], [-79.2813715598456, 43.670616239043], [-79.2814104169542, 43.6706386271047], [-79.2814472266754, 43.6706580419094], [-79.2814963444894, 43.6706789554516], [-79.2815597916342, 43.6707013909066], [-79.2816089399912, 43.6707104143914], [-79.2817072545886, 43.6707269669294], [-79.2817359398065, 43.6707299913456], [-79.2818721373648, 43.6707333122562], [-79.281905003609, 43.670735526118], [-79.2819644560365, 43.6707311661942], [-79.2820198196496, 43.6707223418941], [-79.2820854479399, 43.6707075969851], [-79.2821490362828, 43.6706913537477], [-79.2822097907654, 43.670666265725], [-79.2822403905284, 43.6706506169214], [-79.282283501643, 43.6706283843827], [-79.2823245767088, 43.6706031688658], [-79.2823553931943, 43.6705823992043], [-79.2823883065171, 43.6705512174982], [-79.28242736731, 43.670517078578], [-79.2825055070096, 43.6704443341646], [-79.2826165459428, 43.6703404086121], [-79.2827133239025, 43.6702156363497], [-79.2826273891656, 43.6701738150701], [-79.2825864917198, 43.6701499381357], [-79.2825783490681, 43.6701350431659], [-79.2825804697485, 43.6701142266475], [-79.2825969219469, 43.6700978942286], [-79.2826153953369, 43.6700919790107], [-79.2826502290214, 43.6700920450965], [-79.2826645657292, 43.6700950427318], [-79.2827157557978, 43.6701085344151], [-79.2827771698974, 43.6701309656559], [-79.2827976293829, 43.6701384392489], [-79.2828160963733, 43.6701340095358], [-79.2828448378206, 43.6701176996745], [-79.282877717992, 43.6700954482342], [-79.2830483337108, 43.6699484922013], [-79.2831326173141, 43.6698772541612], [-79.2831798423375, 43.6698520496923], [-79.2832146978228, 43.6698491275589], [-79.2832392664019, 43.6698551330512], [-79.2832515252365, 43.6698670555167], [-79.2832555483472, 43.6698863985765], [-79.2832493442077, 43.6699012652535], [-79.28323288583, 43.6699190842083], [-79.2831958604015, 43.6699562162491], [-79.283107475565, 43.6700304270125], [-79.2830067175597, 43.6701239478159], [-79.2830435191031, 43.670149311722], [-79.2830885366734, 43.6701687322675], [-79.2831355758886, 43.6701956005302], [-79.2832071659863, 43.6702329300064], [-79.2832542375238, 43.6702538390647], [-79.2833197659168, 43.6702703271608], [-79.2833893862224, 43.6702868235629], [-79.2834447169367, 43.6702869199802], [-79.2835250500251, 43.6702831204929], [-79.2835851316268, 43.6702760329079], [-79.283632271293, 43.6702746277195], [-79.2836835318433, 43.6702687752799], [-79.2837491385296, 43.6702599788247], [-79.2838270685558, 43.6702482268599], [-79.283919365909, 43.6702275634015], [-79.2841265209528, 43.6701818407859], [-79.2842269999471, 43.6701656568826], [-79.2843131252588, 43.6701509402132], [-79.2843747040611, 43.6701272572046], [-79.284430131287, 43.6701005825773], [-79.2844753103814, 43.6700753828744], [-79.2845024033504, 43.6700551806993], [-79.2845646939192, 43.6700093381184], [-79.2845996501251, 43.6699751899581], [-79.2846489914321, 43.6699336332617], [-79.2846921694135, 43.6698920659675], [-79.2847353768047, 43.6698460241895], [-79.2847826550923, 43.6698059491142], [-79.2848216715746, 43.669783708178], [-79.2848647864693, 43.669759980979], [-79.2849304557994, 43.6697333256671], [-79.2849899543823, 43.6697155878534], [-79.2850008341447, 43.669752684881], [-79.285088476662, 43.6699590067502], [-79.2851766467808, 43.6699442940026], [-79.2852566496452, 43.6699251088822], [-79.2853551113556, 43.669897021252], [-79.2854412309686, 43.6698837883779], [-79.2855232944564, 43.6698601428713], [-79.2855889377309, 43.6698409311649], [-79.285640265974, 43.669815734111], [-79.2856895466256, 43.6697875620619], [-79.2857655193402, 43.669747540666], [-79.2858086769286, 43.6697148927456], [-79.2858922568296, 43.6696487274742], [-79.285959661856, 43.6695658704209], [-79.2860820917041, 43.669440440979], [-79.2861530819593, 43.6693920205453], [-79.2862319147408, 43.6693493216679], [-79.2863126906427, 43.6693180579399], [-79.2863875115596, 43.6692982063655], [-79.2864702002845, 43.6692797908774], [-79.2865528947083, 43.6692599528078], [-79.2866218525163, 43.6692286674296], [-79.2867006971565, 43.6691859684045], [-79.2867539598332, 43.6691432297519], [-79.2868013596812, 43.6690890493378], [-79.2868428339761, 43.6690448580726], [-79.2868508243164, 43.6690120364023], [-79.2868627482915, 43.6689749284462], [-79.2868589697289, 43.6689320837462], [-79.2868570934608, 43.6689049504543], [-79.2867980103068, 43.6689248320846], [-79.2867625612684, 43.6689376110235], [-79.2867369797339, 43.6689375633502], [-79.2867252001166, 43.6689304033696], [-79.2867193308311, 43.6689246852741], [-79.2867134726406, 43.6689118200952], [-79.2867135367273, 43.668897535561], [-79.2867194572098, 43.6688889860366], [-79.2867332362134, 43.6688847276082], [-79.2867430925837, 43.6688818833987], [-79.2868737729295, 43.6688345365448], [-79.2870888227056, 43.6687461487305], [-79.2872582614676, 43.6686722123828], [-79.2872917356301, 43.6686637048267], [-79.2873094423109, 43.6686637378994], [-79.2873212152535, 43.6686694760135], [-79.2873290491602, 43.6686809130495], [-79.2873290038352, 43.6686937581517], [-79.2873191343028, 43.6687037395602], [-79.2871595087648, 43.6687834108665], [-79.2870176038366, 43.6688559851325], [-79.2870311865605, 43.6689074169887], [-79.2870467857949, 43.6689459990737], [-79.2870604510362, 43.6689774391325], [-79.2870780677999, 43.6690031795622], [-79.2870996306077, 43.6690246338819], [-79.2871447214371, 43.6690661331508], [-79.2872339717392, 43.6691349159168], [-79.2872998266103, 43.6691535279301], [-79.2873450292038, 43.6691664659087], [-79.2874118570512, 43.6691837103494], [-79.2874963788671, 43.6692010056123], [-79.2876124448349, 43.6692121583644], [-79.2877071335784, 43.6692052234137], [-79.2877935885724, 43.6691914409513], [-79.287881647594, 43.6691730256683], [-79.287990569825, 43.6691383828154], [-79.2880899157211, 43.6690979086766], [-79.2881748481709, 43.6690620608122], [-79.2882341619427, 43.6690296485763], [-79.2882934955523, 43.6689914309293], [-79.2883480424873, 43.6689497209972], [-79.2883977950443, 43.6689068407622], [-79.2884861421772, 43.668809447624], [-79.2885552119051, 43.6687352423347], [-79.288557834581, 43.6687333475868], [-79.2885771208323, 43.6687110601839], [-79.2885792315333, 43.6686682181977], [-79.2885911165416, 43.6686454030736], [-79.2886147563247, 43.6686368685027], [-79.2886974038867, 43.6686298838603], [-79.2887701987342, 43.668628587012], [-79.2888449624193, 43.668624440169], [-79.2889217223843, 43.6686131597101], [-79.2890339944604, 43.6685705291836], [-79.2891187241297, 43.6685321240865], [-79.2891739506624, 43.6684908200988], [-79.289262800185, 43.6683981617895], [-79.2892905064849, 43.66835109118], [-79.289302406442, 43.6683239831717], [-79.2893044445726, 43.6683011412192], [-79.2893006043436, 43.6682754263815], [-79.2892869870372, 43.6682368490565], [-79.2892713245487, 43.668212542818], [-79.289164942274, 43.6682551843235], [-79.2891236149012, 43.6682579618631], [-79.289111830446, 43.6682522327658], [-79.2891059794973, 43.6682407994271], [-79.2891060417708, 43.668226514862], [-79.2891139640673, 43.6682093992126], [-79.2891258144334, 43.6681965678738], [-79.2895533326944, 43.6680131340651], [-79.2895828744203, 43.6680046191994], [-79.2896104093332, 43.6680061009707], [-79.2896241441186, 43.6680146954175], [-79.2896339323704, 43.6680275589439], [-79.2896279546717, 43.6680489706558], [-79.2896161074589, 43.6680646653166], [-79.2895983605406, 43.6680760551757], [-79.2895510612249, 43.6680988229593], [-79.2895116479895, 43.6681215953118], [-79.2894840228191, 43.6681458208395], [-79.2895659188272, 43.6683501580225], [-79.2895875224593, 43.6683601983151], [-79.2895933997014, 43.6683673470937], [-79.2896089854289, 43.668410213561], [-79.2896641517787, 43.6685494931083], [-79.2896762920052, 43.6685885542965], [-79.2897306126801, 43.668583019554], [-79.2898030490624, 43.6685775271944], [-79.2898780398311, 43.6685757744939], [-79.2899452926959, 43.6685702810077], [-79.2900203488576, 43.6685535143839], [-79.290149698213, 43.6685387287656], [-79.2901936891528, 43.6685294305068], [-79.2902868754954, 43.6685014451617], [-79.2903956127779, 43.6684659724885], [-79.2904887926463, 43.6684398686844], [-79.2905560914522, 43.6684212146079], [-79.290638987506, 43.6683819498971], [-79.290737448913, 43.6683239369359], [-79.2908048258506, 43.6682827706707], [-79.2908618220072, 43.6682528371731], [-79.2911907343843, 43.6681107771408], [-79.291383233542, 43.6680147148853], [-79.2914523926924, 43.6679742267596], [-79.2914912910767, 43.6679423791674], [-79.2915224775319, 43.6678955122047], [-79.291566656852, 43.6678317645834], [-79.2915952461588, 43.6677905275934], [-79.2916083532118, 43.6677436091201], [-79.2916136154727, 43.6677173533435], [-79.2916291609871, 43.6677079930414], [-79.2916472777674, 43.6677042724668], [-79.2916783208452, 43.6677024567528], [-79.2917067291395, 43.6677100070603], [-79.2917506671497, 43.6677194660175], [-79.2918023296426, 43.6677327022847], [-79.2918591373112, 43.6677534544106], [-79.291921134157, 43.667772344641], [-79.2919806040343, 43.6677762056686], [-79.2920348981684, 43.6677781768367], [-79.2921047228158, 43.6677745509949], [-79.2921719885568, 43.6677652846771], [-79.2922289380453, 43.6677485017112], [-79.2922833347987, 43.6677241974749], [-79.292353288833, 43.6676830264823], [-79.2924336493571, 43.6676306138755], [-79.2924958915755, 43.6675781681981], [-79.2925426042593, 43.6675275667444], [-79.2926101535278, 43.6674357130345], [-79.292646555255, 43.667379457936], [-79.2926725124634, 43.6673494766714], [-79.2927010487118, 43.6673232444156], [-79.2927295581496, 43.6673082818651], [-79.2927528395524, 43.6673064426421], [-79.2927709427603, 43.667306475389], [-79.2928148434364, 43.6673196969869], [-79.2928742687836, 43.6673329469937], [-79.2929491982696, 43.6673518506812], [-79.2930956314261, 43.6673660319717], [-79.2931443679314, 43.6673719164081], [-79.2931960692965, 43.6673738915169], [-79.2932762612343, 43.6673665112284], [-79.2933745885179, 43.6673535654236], [-79.2934548319995, 43.6673274262676], [-79.2935351011504, 43.6672975337351], [-79.2936361366505, 43.6672432851878], [-79.2937346054406, 43.6671815160319], [-79.2938477270681, 43.6670920491304], [-79.2939199982733, 43.6670401242582], [-79.2939874613378, 43.6669726724598], [-79.2941223742739, 43.6668452678472], [-79.2943118673015, 43.6666353741414], [-79.2945454507715, 43.6663861331173], [-79.2946856801993, 43.6662155670888], [-79.2946857693618, 43.6661892915915], [-79.2946858454881, 43.6661667615], [-79.2946833245732, 43.6661461077727], [-79.2946808799047, 43.6661066866632], [-79.2946887194326, 43.6660804259763], [-79.2946965642394, 43.6660560372674], [-79.2947172662227, 43.6660504396625], [-79.2947379238823, 43.6660617380126], [-79.2947740663606, 43.666076825739], [-79.2947869674, 43.6660862282781], [-79.2947661568997, 43.6661237357123], [-79.2947582350273, 43.6661706454995], [-79.2947528856568, 43.666223203069], [-79.2947916206215, 43.666238287156], [-79.2948406969372, 43.6662533895758], [-79.2949156461296, 43.6662666657652], [-79.2950086667366, 43.6662856003269], [-79.2950526180793, 43.6662875607106], [-79.2951173078756, 43.6662764156361], [-79.2951846161021, 43.6662540061568], [-79.2952286818081, 43.6662221758393], [-79.2952754023261, 43.6661715724682], [-79.2952910803028, 43.6661227956961], [-79.2952911885353, 43.6660908858742], [-79.2952783141252, 43.6660739673772], [-79.2952499010722, 43.6660645369819], [-79.2952163043894, 43.6660588423811], [-79.2951904511544, 43.6660587961516], [-79.2951645594543, 43.6660700104544], [-79.2951283584002, 43.6660680729974], [-79.2950947688529, 43.666060505667], [-79.2950692097422, 43.666046696915], [-79.2950684616624, 43.6660261993], [-79.2950685238741, 43.6660077918617], [-79.2950755219171, 43.6659843917213], [-79.2951101310074, 43.6659693944183], [-79.2951492904091, 43.6659728130288], [-79.2951861787216, 43.6659695303965], [-79.295227723821, 43.6659495322477], [-79.2952831360392, 43.6659211962909], [-79.2953731390327, 43.6658828858974], [-79.2954746440694, 43.6658462605384], [-79.2955830792521, 43.6658096574142], [-79.2957122751801, 43.66576138058], [-79.295942823733, 43.6656621558289], [-79.2961107677174, 43.6656247945405], [-79.2962882492829, 43.6655756036775], [-79.2965784370812, 43.6654771055753], [-79.2966501278159, 43.6654524789767], [-79.2966636923608, 43.6654747820049], [-79.2966909464222, 43.665482256246], [-79.296745555418, 43.6654675016148], [-79.296803589829, 43.6654478017736], [-79.2968582559435, 43.6654157191321], [-79.2968719546064, 43.665398415303], [-79.2968719798098, 43.665390989304], [-79.2968822929529, 43.6653662545634], [-79.2969232443675, 43.6653564257979], [-79.2969607863492, 43.6653465903278], [-79.2970085418698, 43.6653417250077], [-79.2970630990904, 43.6653418213015], [-79.2971039933563, 43.6653493204274], [-79.2971244432506, 43.6653518319968], [-79.2971585757532, 43.665341990676], [-79.2971824455393, 43.6653420330165], [-79.2972847159191, 43.6653496407517], [-79.29747223471, 43.6653573992769], [-79.297625696222, 43.6653527290646], [-79.2977280340372, 43.6653405334413], [-79.2977894615548, 43.6653257898382], [-79.2978270535298, 43.6653011029783], [-79.2978748578996, 43.6652813843733], [-79.2979192197617, 43.665271561928], [-79.297970400493, 43.6652617509847], [-79.2980181308415, 43.665264310342], [-79.2980522130163, 43.6652693216545], [-79.2981066712256, 43.6652991214748], [-79.2981406874553, 43.6653239357455], [-79.2981985472551, 43.665356217218], [-79.2982529475766, 43.665403345815], [-79.2982971263568, 43.6654479802788], [-79.298371954072, 43.6655050543176], [-79.2984059692873, 43.6655298684936], [-79.2984641452326, 43.6655381979972], [-79.2984951975443, 43.6655408815893], [-79.2985357737446, 43.6655432747866], [-79.2985977270865, 43.6655418363628], [-79.2987120384438, 43.6655350610625], [-79.2988071373347, 43.6655220508041], [-79.298904405239, 43.6655020677584], [-79.2989920555068, 43.6654805107632], [-79.2989994502898, 43.6655015871952], [-79.2990150915449, 43.6655334793425], [-79.2990519062933, 43.6655257581692], [-79.2990948396798, 43.6655202700683], [-79.2991301121959, 43.6655181001986], [-79.2991484859396, 43.6655225883637], [-79.2991637865135, 43.6655337404559], [-79.2991668202754, 43.6655426571005], [-79.2991667684413, 43.6655582383905], [-79.299160604291, 43.6655660043076], [-79.2991544420319, 43.6655771286883], [-79.2991298559817, 43.6655948902149], [-79.299209412332, 43.6656395502467], [-79.2992829021889, 43.6656663868602], [-79.2993242668126, 43.6656742451422], [-79.2993580012543, 43.6656720811254], [-79.2994223985357, 43.6656666313936], [-79.2995343641341, 43.6656490229477], [-79.2997000133516, 43.6656226150313], [-79.2998212336357, 43.6655849861812], [-79.2999762668047, 43.6655251822135], [-79.3000392346361, 43.6654907905045], [-79.3001344530825, 43.6654342040875], [-79.3002219516183, 43.6653987563527], [-79.3002763086847, 43.6653844131627], [-79.3003300533007, 43.6653681700294], [-79.3003542372651, 43.6653594538331], [-79.3003759602192, 43.6653594914887], [-79.3004025095236, 43.6653665500905], [-79.300419381266, 43.6653753465648], [-79.300426593952, 43.6653841263409], [-79.3004241465916, 43.665392880402], [-79.3004096228232, 43.6654051329329], [-79.3004603319847, 43.6654069675429], [-79.300530346761, 43.6654123558262], [-79.300595544174, 43.6654124700052], [-79.3006438404666, 43.6654125633237], [-79.3006897657377, 43.6653986185781], [-79.3007501967303, 43.6653811898225], [-79.3008082454017, 43.6653532424303], [-79.3009291934401, 43.6652885986036], [-79.3010066073152, 43.66525017132], [-79.3010598370749, 43.6652169506318], [-79.3011518089534, 43.6651557663516], [-79.3011880568292, 43.6651470618449], [-79.3012122105793, 43.6651471039627], [-79.301250800851, 43.6651611950892], [-79.3012604079641, 43.665176991091], [-79.3012579331598, 43.665198023313], [-79.3013013996718, 43.6651963527359], [-79.3013569775552, 43.6651841799977], [-79.301429514383, 43.665158013408], [-79.3014972164364, 43.665131846945], [-79.3015552693666, 43.665102144384], [-79.3016326996231, 43.6650584514655], [-79.3016883351914, 43.665028744424], [-79.3017415943138, 43.6649902836113], [-79.3018892740776, 43.6648765922613], [-79.3019812671768, 43.6648048848226], [-79.3020586845938, 43.664764702023], [-79.3020828561792, 43.6647594868728], [-79.3021384048809, 43.6647560722654], [-79.3021842834297, 43.6647561614249], [-79.3022156727234, 43.664757970236], [-79.3022373802412, 43.664766775258], [-79.3022397627842, 43.664777292937], [-79.3022397232692, 43.6647895618977], [-79.3022300354279, 43.664798312877], [-79.3022106767473, 43.664810547833], [-79.3022275136552, 43.6648298672246], [-79.3022491974545, 43.6648456741869], [-79.3022877601664, 43.6648685325044], [-79.3023606186702, 43.6649139984345], [-79.3024058632466, 43.6649371108382], [-79.3024420543806, 43.6649459409897], [-79.3024806900893, 43.6649460169822], [-79.3025290275143, 43.6649373331602], [-79.3025966990556, 43.6649199245363], [-79.302652305249, 43.664898983637], [-79.3027296993141, 43.6648623025339], [-79.3027998813239, 43.6648168498638], [-79.3028749261407, 43.6647591277872], [-79.3029379691409, 43.664682103253], [-79.3029864134491, 43.6646366040756], [-79.3030348483749, 43.6645981259414], [-79.3030711231403, 43.6645806541845], [-79.3031025471508, 43.664571940466], [-79.303129112258, 43.664570249627], [-79.3031580784815, 43.6645738004609], [-79.3031652854244, 43.6645843357314], [-79.3031652342674, 43.6646001061181], [-79.3031482882557, 43.6646141003944], [-79.303124060911, 43.6646403605448], [-79.303189262354, 43.6646387175507], [-79.3032472459634, 43.6646300505949], [-79.3033052807029, 43.6646056123222], [-79.3033802960745, 43.664556657424], [-79.3034239227194, 43.6645093947116], [-79.3034651831686, 43.6644463572216], [-79.3035257942211, 43.6643693286678], [-79.3036033993678, 43.6642713023556], [-79.3036616010618, 43.6641995268246], [-79.3037463601674, 43.6641242954106], [-79.3038359441481, 43.6640525732154], [-79.303932768058, 43.6639808728628], [-79.3039933833888, 43.6639443497488], [-79.3042029092612, 43.6647219209313], [-79.3042043683442, 43.664727189127], [-79.3042262210311, 43.6648059072306], [-79.3044423461248, 43.6655845779286], [-79.3044636236629, 43.6656612336652], [-79.3046469587651, 43.6656632486156], [-79.3049004493647, 43.6656660301881], [-79.3052560549764, 43.6651419490148], [-79.3054635961859, 43.6649319144654], [-79.3056904538842, 43.664748672357], [-79.3059727916589, 43.6645366124331], [-79.3062279215852, 43.6643673787462], [-79.3063135241127, 43.66431060862], [-79.3064033913989, 43.6642767002869], [-79.3067944337019, 43.6641291906643], [-79.3072477225548, 43.6639764737084], [-79.3075207233557, 43.6639092975845], [-79.3076358670527, 43.6638809659442], [-79.3086616249343, 43.6636508669422], [-79.3097560419507, 43.6634053637966], [-79.3112994532095, 43.6630592192136], [-79.3148713591023, 43.6622825284981], [-79.3149123361177, 43.6623801690913], [-79.3149718178356, 43.6623669794195], [-79.3149397626689, 43.662267003343], [-79.3172324902911, 43.6617465080898], [-79.3172529748838, 43.6617418602999], [-79.3195386117587, 43.6612197222998], [-79.3219588130093, 43.6607050220689], [-79.3242429673188, 43.6601794851394], [-79.3281884416088, 43.6593000744006], [-79.3284396435923, 43.6592440767186], [-79.328493317521, 43.659335205657], [-79.3286003321129, 43.6595169318545], [-79.3290625690279, 43.6605618520738], [-79.3292980443785, 43.6611216560616], [-79.32948015996, 43.6615544778126], [-79.326638267643, 43.6622188051832], [-79.3252733658863, 43.6625255272595], [-79.323559766573, 43.6629276049641], [-79.3216699586464, 43.6633490674488], [-79.3205787973613, 43.6635964272071], [-79.320204266662, 43.6636706130675], [-79.3199813273407, 43.6637121813958], [-79.3199370906275, 43.663723155949], [-79.3198605054042, 43.6637421635491], [-79.3197532595019, 43.6637811230409], [-79.3193971939017, 43.6639819117421], [-79.3190809837703, 43.6642551336203], [-79.3186427330937, 43.6645991815325], [-79.3185902749758, 43.6646512434456], [-79.318486968649, 43.6647394540632], [-79.3183928697283, 43.6648340262364], [-79.318290473217, 43.6649125078901], [-79.3181775178368, 43.6649932957135], [-79.3180686336416, 43.6650600649155], [-79.3179263974888, 43.6651138196538], [-79.3177831011464, 43.6651570763213], [-79.3176538328099, 43.6651865122152], [-79.3162186815046, 43.6655024739261], [-79.3156369800771, 43.6656390960826], [-79.3155368153481, 43.6656633725372], [-79.3154678658063, 43.6656818765659], [-79.3150360190671, 43.6657715425401], [-79.3149538308096, 43.6657886022285], [-79.3149120678884, 43.6662084735245], [-79.3148984496111, 43.6662702462296], [-79.3148903263382, 43.6663071385813], [-79.314854088582, 43.6667483610883], [-79.3135600518411, 43.6670387921039], [-79.3125967873209, 43.667253240181], [-79.3125671451715, 43.6673190276087], [-79.3125501006443, 43.6673569045324], [-79.3124793163323, 43.6675140776533], [-79.3122142000428, 43.6680398868169], [-79.3121332589785, 43.668200427502], [-79.3118807400751, 43.6687012336199], [-79.3116465163189, 43.6691194011046], [-79.3113163207908, 43.6697444395274], [-79.3111853796243, 43.6699827586697], [-79.3109901959831, 43.6703538487876], [-79.310832959358, 43.6706527754003], [-79.3108092077739, 43.6706973463037], [-79.3103753223378, 43.6715116351362], [-79.3102053963397, 43.6718173980036], [-79.310131475017, 43.6719117888821], [-79.3100641678387, 43.6719926889214], [-79.3100331645285, 43.6720279856026], [-79.3099852123677, 43.6720825708652], [-79.3098759206302, 43.6722084084321], [-79.3090902155353, 43.6728776974287], [-79.3079298440614, 43.6739370996226], [-79.3072853565956, 43.6744832324354], [-79.3065577306938, 43.6751448247092], [-79.3059065851449, 43.6757095798134], [-79.305611549807, 43.6759660756604], [-79.3051785886389, 43.6763228889733], [-79.304889275355, 43.6765341154674], [-79.3047250240002, 43.6766146483986], [-79.3045185581602, 43.6767440587645], [-79.3043666518236, 43.6768146756321], [-79.3041907907253, 43.6768989683994], [-79.304091558559, 43.6769495928938], [-79.3038943949495, 43.6770286106534], [-79.303375944548, 43.6772399256822], [-79.3024901662159, 43.677602043151], [-79.3011845931896, 43.6781350796173], [-79.3010057069995, 43.6782200193761], [-79.3007263215299, 43.6783210768904], [-79.3004786712962, 43.6784151586185], [-79.2999193826261, 43.67852141329], [-79.2989323729256, 43.6787016700759], [-79.2989126270566, 43.6787058663575], [-79.2988496400454, 43.6787192574325], [-79.2980271474031, 43.6788939716009], [-79.2963150890906, 43.6793060203601], [-79.2958748511682, 43.6793933040691], [-79.2945261574072, 43.6797260161297], [-79.2932544848219, 43.6800141771595], [-79.2930803192913, 43.6800524955176], [-79.2930475263231, 43.6800597093668], [-79.2928315985266, 43.6800916149724], [-79.2925953593386, 43.6801183978505], [-79.2918637580708, 43.680155791792], [-79.2912604711668, 43.6802081418045], [-79.2906977096738, 43.6802587709113], [-79.289953205066, 43.6802929964454], [-79.2892065545632, 43.6803732728813], [-79.2884127583222, 43.6804039502395], [-79.2881904263202, 43.6804324593441], [-79.2870908363294, 43.6805483884078], [-79.2860916315821, 43.6806361935124], [-79.2859774876436, 43.6806433070782], [-79.2850713092015, 43.6807286763859], [-79.2849666938515, 43.6807348883918], [-79.2840636516567, 43.6808200311538], [-79.2839294198588, 43.6804975756938], [-79.283913039766, 43.6804582450138], [-79.2831584364244, 43.6786458592092], [-79.2812195471237, 43.6739632436482]]]]}"
94,East End-Danforth,62,22771,177,190,167,172,182,183,144,183,216,821.0028,880.7714,771.1489,784.421,817.5734,811.8539,636.0424,809.0901,948.575,20,14,23,25,32,20,28,39,42,92.76868,64.89894,106.2061,114.0147,143.7492,88.72721,123.6749,172.429,172.429,40,46,51,38,45,31,49,42,45,185.5374,213.2394,235.5005,173.3023,202.1472,137.5272,216.4311,185.6928,185.6928,80,90,77,63,79,62,61,67,69,371.0747,417.2075,355.5597,287.317,354.8807,275.0544,269.4346,296.2242,303.017,3,,,,1,,,2,,13.91530219,,,,4.492161,,,8.842515,,34,33,42,42,32,27,26,28,23,157.7068,193.9416,191.5447,143.7492,119.7817,114.841,123.7952,101.0057,152.9761,1,,2,2,2,2,2,2,2,4.638434,,9.235316,9.121175,8.984323,8.872721,8.833922,8.842515,8.783101,78,115,78,66,96,67,110,83,78,361.7979,533.0984,360.1773,300.9988,431.2475,297.2361,485.8657,366.9644,342.541,4,9,11,9,8,9,5,8,12,18.55374,41.72075,50.79424,41.04529,35.93729,39.92724,22.08481,35.37006,52.69861,"{'type': 'MultiPolygon', 'coordinates': [[[[-79.2934787127515, 43.6905464788876], [-79.2932820284811, 43.6900893163172], [-79.2931278580417, 43.6897296694254], [-79.2926934513158, 43.6887163268014], [-79.2877597163854, 43.6897874099959], [-79.2875571217533, 43.6892994334143], [-79.2870057832315, 43.6879478344792], [-79.2865797906313, 43.6869135463908], [-79.2862533079686, 43.6861088138039], [-79.2858629359647, 43.6851696348646], [-79.2852852292283, 43.683783187203], [-79.2851123181538, 43.6833542103229], [-79.2849836471714, 43.683048437308], [-79.2846798665818, 43.6823201642039], [-79.2843832025201, 43.6816047113563], [-79.284218465487, 43.6812001606289], [-79.2842074005861, 43.6811729920297], [-79.2840636516567, 43.6808200311538], [-79.2849666938515, 43.6807348883918], [-79.2850713092015, 43.6807286763859], [-79.2859774876436, 43.6806433070782], [-79.2860916315821, 43.6806361935124], [-79.2870908363294, 43.6805483884078], [-79.2881904263202, 43.6804324593441], [-79.2884127583222, 43.6804039502395], [-79.2892065545632, 43.6803732728813], [-79.289953205066, 43.6802929964454], [-79.2906977096738, 43.6802587709113], [-79.2912604711668, 43.6802081418045], [-79.2918637580708, 43.680155791792], [-79.2925953593386, 43.6801183978505], [-79.2928315985266, 43.6800916149724], [-79.2930475263231, 43.6800597093668], [-79.2932544848219, 43.6800141771595], [-79.2945261574072, 43.6797260161297], [-79.2958748511682, 43.6793933040691], [-79.2963150890906, 43.6793060203601], [-79.2980271474031, 43.6788939716009], [-79.2988496400454, 43.6787192574325], [-79.2989126270566, 43.6787058663575], [-79.2989323729256, 43.6787016700759], [-79.2999193826261, 43.67852141329], [-79.3004786712962, 43.6784151586185], [-79.3007263215299, 43.6783210768904], [-79.3010057069995, 43.6782200193761], [-79.3011845931896, 43.6781350796173], [-79.3024901662159, 43.677602043151], [-79.303375944548, 43.6772399256822], [-79.3038943949495, 43.6770286106534], [-79.304091558559, 43.6769495928938], [-79.3041907907253, 43.6768989683994], [-79.3043666518236, 43.6768146756321], [-79.3045185581602, 43.6767440587645], [-79.3047250240002, 43.6766146483986], [-79.304889275355, 43.6765341154674], [-79.3051785886389, 43.6763228889733], [-79.305611549807, 43.6759660756604], [-79.3059065851449, 43.6757095798134], [-79.3065577306938, 43.6751448247092], [-79.3072853565956, 43.6744832324354], [-79.3079298440614, 43.6739370996226], [-79.3085027045402, 43.6753360475282], [-79.3088041833401, 43.6760762355073], [-79.3089643951833, 43.6764695547237], [-79.3093033105248, 43.6772738578028], [-79.3096748372798, 43.6781927909578], [-79.3100308556931, 43.6790464380563], [-79.3107581485867, 43.6808019373434], [-79.311092506, 43.681647200398], [-79.3113114544622, 43.682150087288], [-79.3115079527131, 43.6826111883924], [-79.3118456530622, 43.6834329435106], [-79.3122165178314, 43.6843180844754], [-79.3126082093527, 43.6852704174586], [-79.3127821708386, 43.6856934042501], [-79.3129642189605, 43.6861095438755], [-79.3130942937362, 43.6864068272576], [-79.3112624804923, 43.6868365637538], [-79.3088705855136, 43.687390391193], [-79.3083704725524, 43.6875076055638], [-79.3083596851933, 43.6875101263147], [-79.308143181834, 43.6875608630641], [-79.3084386293962, 43.6882614084734], [-79.3088819085189, 43.6892858319309], [-79.3085342334795, 43.6893675218104], [-79.3084281380518, 43.6894102627586], [-79.3083171058546, 43.6894565590642], [-79.3062852557609, 43.6899234694415], [-79.3041522790136, 43.6904123950877], [-79.3040632819268, 43.6904141149212], [-79.3039403645912, 43.6904172796753], [-79.3035210748946, 43.6905109198584], [-79.3034158490744, 43.6902853373714], [-79.3033987804216, 43.690289205907], [-79.3028399543609, 43.6904154230399], [-79.3021811172318, 43.6905682155692], [-79.3015459504351, 43.6907155189282], [-79.2999434925129, 43.6910849474057], [-79.2970349455055, 43.6917508938395], [-79.2958499985674, 43.6920258520989], [-79.2948194784517, 43.6922627753019], [-79.2948585627681, 43.6923662081206], [-79.2943100034082, 43.6924792145749], [-79.294304230292, 43.6924803736305], [-79.2942673373812, 43.6923861185049], [-79.2937085783401, 43.6910807067531], [-79.2935070424714, 43.6906123110374], [-79.2934787127515, 43.6905464788876]]]]}"
95,Taylor-Massey,61,16161,119,95,97,100,123,115,112,116,115,739.406,591.9372,604.5874,619.8475,756.132,703.8375,686.9059,717.6442,711.5896,12,9,6,5,12,11,14,20,16,74.56195,56.07826,37.39716,30.99238,73.76898,67.32358,85.86324,123.7318,123.7318,9,8,9,5,17,4,17,17,11,55.92146,49.84734,56.09574,30.99238,104.5061,24.4813,104.2625,105.172,105.172,32,71,42,27,41,63,31,16,25,198.8319,442.3952,261.7801,167.3588,252.044,385.5805,190.1257,98.9854,154.6934,,1,1,1,,1,,,1,,6,6,6,,6.120326,,,6.187736,25,41,17,18,18,13,27,10,10,155.3374,105.9586,111.5726,110.6535,79.56423,165.5934,61.86588,61.87736,255.4676,2,,2,2,1,2,3,2,3,12.42699,,12.46572,12.39695,6.147415,12.24065,18.39926,12.37317,18.56321,30,47,35,38,30,47,56,54,30,186.4049,292.8531,218.1501,235.5421,184.4225,287.6553,343.4529,334.0757,185.6321,4,3,5,2,4,3,8,10,4,24.85398,18.69275,31.1643,12.39695,24.58966,18.36098,49.0647,61.86588,24.75094,"{'type': 'MultiPolygon', 'coordinates': [[[[-79.2934792814746, 43.7030250712057], [-79.2931419367615, 43.7022314760649], [-79.2928645442276, 43.7015983281542], [-79.292788751728, 43.7014246993328], [-79.2924444543249, 43.7006230333241], [-79.2923269420051, 43.7003484244291], [-79.2922272561356, 43.7001175494493], [-79.2922264061992, 43.7001155766205], [-79.2920802793249, 43.6998139930152], [-79.2919154257701, 43.6994926981993], [-79.2917127992793, 43.6991164627209], [-79.2914880007521, 43.6987165584213], [-79.2912980985198, 43.6983614165319], [-79.2911597108283, 43.6980808731316], [-79.2911067262678, 43.6979690702313], [-79.2909622709706, 43.6976642750394], [-79.2907720653658, 43.6972339891625], [-79.2904876951616, 43.6965591466127], [-79.2902360840955, 43.695983736234], [-79.2899924138282, 43.6953703732975], [-79.2898236809384, 43.6949585154743], [-79.2896870049479, 43.6945367242704], [-79.2896799461284, 43.6945191953587], [-79.2894362163666, 43.6938515795847], [-79.289183610314, 43.6932366952922], [-79.2890252369279, 43.6928777823835], [-79.2886998250297, 43.6920958063106], [-79.2885413428768, 43.6916949819153], [-79.2885368433061, 43.6916836048415], [-79.2883618134092, 43.6912409311382], [-79.2879275175009, 43.6901878745892], [-79.2877597163854, 43.6897874099959], [-79.2926934513158, 43.6887163268014], [-79.2931278580417, 43.6897296694254], [-79.2932820284811, 43.6900893163172], [-79.2934787127515, 43.6905464788876], [-79.2935070424714, 43.6906123110374], [-79.2937085783401, 43.6910807067531], [-79.2942673373812, 43.6923861185049], [-79.294304230292, 43.6924803736305], [-79.2943100034082, 43.6924792145749], [-79.2948585627681, 43.6923662081206], [-79.2948194784517, 43.6922627753019], [-79.2958499985674, 43.6920258520989], [-79.2970349455055, 43.6917508938395], [-79.2999434925129, 43.6910849474057], [-79.3015459504351, 43.6907155189282], [-79.3021811172318, 43.6905682155692], [-79.3028399543609, 43.6904154230399], [-79.3034065219367, 43.6917091015675], [-79.3041224909974, 43.6933485031939], [-79.3047726156011, 43.6948416242411], [-79.3052076778251, 43.6958818360842], [-79.3056320023043, 43.6968369017893], [-79.3056888191163, 43.6969455719834], [-79.3057277011405, 43.6969874219134], [-79.3057711045918, 43.697031367422], [-79.3058407693502, 43.6970568068657], [-79.3059946028359, 43.6973811499081], [-79.306315002307, 43.6980566725985], [-79.302962077059, 43.6969066810444], [-79.3006069394937, 43.6961040657743], [-79.2984003787609, 43.6953074158116], [-79.2973386296375, 43.6949240187069], [-79.2973911519855, 43.6952122973019], [-79.2974603684978, 43.6956791458516], [-79.2974478058266, 43.6959061273892], [-79.2974154543854, 43.6961410210509], [-79.2973167592656, 43.6965331320354], [-79.2972269093921, 43.6969029345302], [-79.2972109888054, 43.6969924688216], [-79.2971178083637, 43.6973707625801], [-79.2971102419094, 43.6974107959822], [-79.2970959813453, 43.6974972639818], [-79.2970714131475, 43.6978074768264], [-79.2970733882387, 43.6980567071895], [-79.2970749643439, 43.6982551528575], [-79.2970730270216, 43.6985832279098], [-79.2970705032108, 43.6990079400997], [-79.2970328719706, 43.6996336872349], [-79.2969839491758, 43.7004657420239], [-79.2969179266387, 43.7009046440245], [-79.2969137318727, 43.7011477704771], [-79.2969434997514, 43.7013379034222], [-79.2969345479845, 43.7017990858396], [-79.2969336443089, 43.7022654401969], [-79.2968880610391, 43.7022577261718], [-79.2968213889615, 43.7022601557215], [-79.295804228364, 43.7024841668574], [-79.2945296647304, 43.7027715715165], [-79.2934792814746, 43.7030250712057]]]]}"
96,Woodbine-Lumsden,60,8141,51,41,36,34,41,35,31,33,42,626.7666,506.1104,444.4445,417.434,499.5127,424.6027,377.2207,404.8583,515.9072,2,6,2,1,2,8,4,9,22,24.57908,74.06493,24.69136,12.27747,24.36647,97.05205,48.67365,110.4159,110.4159,5,3,7,2,6,8,7,3,1,61.44771,37.03247,86.41975,24.55494,73.09942,97.05205,85.17888,36.8053,36.8053,36,18,14,10,14,10,12,11,6,442.4235,222.1948,172.8395,122.7747,170.5653,121.3151,146.0209,134.9528,73.70102,,1,,1,,1,,,,,12,,12,,12.13151,,,,5,7,3,6,6,3,6,2,5,61.44771,37.03704,73.66483,73.09942,36.39452,73.01047,24.53687,61.41751,86.40909,,,1,1,1,,,,,,,12.34568,12.27747,12.18324,,,,,49,35,36,17,34,35,38,32,49,602.1876,432.0454,444.4445,208.717,414.23,424.6027,462.3996,392.5899,601.8917,2,3,6,,3,5,1,,1,24.57908,37.03247,74.07407,,36.54971,60.65753,12.16841,,12.2835,"{'type': 'MultiPolygon', 'coordinates': [[[[-79.3034065219367, 43.6917091015675], [-79.3028399543609, 43.6904154230399], [-79.3033987804216, 43.690289205907], [-79.3034158490744, 43.6902853373714], [-79.3035210748946, 43.6905109198584], [-79.3039403645912, 43.6904172796753], [-79.3040632819268, 43.6904141149212], [-79.3041522790136, 43.6904123950877], [-79.3062852557609, 43.6899234694415], [-79.3083171058546, 43.6894565590642], [-79.3084281380518, 43.6894102627586], [-79.3085342334795, 43.6893675218104], [-79.3088819085189, 43.6892858319309], [-79.3084386293962, 43.6882614084734], [-79.308143181834, 43.6875608630641], [-79.3083596851933, 43.6875101263147], [-79.3083704725524, 43.6875076055638], [-79.3088705855136, 43.687390391193], [-79.3112624804923, 43.6868365637538], [-79.3130942937362, 43.6864068272576], [-79.3131524078742, 43.6865343895892], [-79.3134797203055, 43.6872960557526], [-79.3138151332325, 43.688108727312], [-79.3141867877192, 43.688901500074], [-79.3142515441084, 43.6890647815969], [-79.3145203066716, 43.6896582142258], [-79.3148333461224, 43.6903894200399], [-79.3151358516888, 43.6910953777773], [-79.3154403344648, 43.6918020930994], [-79.3157141295688, 43.6924373691737], [-79.31574207854, 43.6925022322071], [-79.3157881958106, 43.6926253637704], [-79.315858714645, 43.6928136310716], [-79.3160931922978, 43.6933642220809], [-79.3164875082378, 43.6942191498795], [-79.3165339729503, 43.6943108935413], [-79.3168273705731, 43.6950344380372], [-79.3171203790355, 43.6957292844349], [-79.3174352655578, 43.6964529338927], [-79.3177570373142, 43.6971258878859], [-79.318052789308, 43.6978273250466], [-79.3182325164514, 43.6982268273937], [-79.3183695260892, 43.6985949366213], [-79.3186848434057, 43.6992801019201], [-79.3188413301088, 43.6996750114939], [-79.318884278461, 43.6997836079415], [-79.3190352118107, 43.7001652764656], [-79.3193749598403, 43.7011445949555], [-79.3181112712407, 43.7008771072172], [-79.3156551811869, 43.7003743216356], [-79.3153074388382, 43.7003029473681], [-79.3140701059395, 43.7000738391403], [-79.3139705115976, 43.7000554047762], [-79.3136912321874, 43.7000041102458], [-79.3129635740836, 43.6998689645392], [-79.312151515721, 43.6998371548918], [-79.3074600153163, 43.6984354282464], [-79.306315002307, 43.6980566725985], [-79.3059946028359, 43.6973811499081], [-79.3058407693502, 43.6970568068657], [-79.3057711045918, 43.697031367422], [-79.3057277011405, 43.6969874219134], [-79.3056888191163, 43.6969455719834], [-79.3056320023043, 43.6968369017893], [-79.3052076778251, 43.6958818360842], [-79.3047726156011, 43.6948416242411], [-79.3041224909974, 43.6933485031939], [-79.3034065219367, 43.6917091015675]]]]}"
97,Danforth East York,59,17818,75,56,50,82,84,88,59,61,70,428.4735,319.6165,284.2686,463.303,470.3774,489.6233,329.0758,342.5811,392.8611,6,10,12,9,14,9,16,16,51,34.27788,57.07437,68.22446,50.85033,78.39624,50.07511,89.2409,89.85735,89.85735,5,4,21,9,9,12,21,22,13,28.5649,22.82975,119.3928,50.85033,50.39758,66.76682,117.1287,123.5539,123.5539,31,24,42,25,18,24,33,23,27,177.1024,136.9785,238.7856,141.2509,100.7952,133.5336,184.0593,129.1699,151.5322,,,,,,,1,,,,,,,,,5.577556,,,4,10,6,10,11,11,9,6,5,22.85192,34.11223,56.50037,61.59704,61.20292,50.198,33.69651,28.06151,57.07437,,,,1,1,1,,1,,,,,5.650037,5.599731,5.563901,,5.616085,,60,66,43,19,38,83,59,58,60,342.7788,376.6908,244.471,107.3507,212.7898,461.8038,329.0758,325.7329,336.7381,1,3,4,,3,8,5,4,3,5.71298,17.12231,22.74149,,16.79919,44.51121,27.88778,22.46434,16.83691,"{'type': 'MultiPolygon', 'coordinates': [[[[-79.3145203066716, 43.6896582142258], [-79.3142515441084, 43.6890647815969], [-79.3141867877192, 43.688901500074], [-79.3138151332325, 43.688108727312], [-79.3134797203055, 43.6872960557526], [-79.3131524078742, 43.6865343895892], [-79.3130942937362, 43.6864068272576], [-79.3135756970083, 43.6863010642353], [-79.3136159957335, 43.6863894597078], [-79.3139755113552, 43.6872007569591], [-79.3143257039578, 43.6880052508369], [-79.3146661529077, 43.6887905639781], [-79.3148463933964, 43.6891927187518], [-79.3167576094133, 43.6887814413602], [-79.3191746709872, 43.6882599473329], [-79.3223942094095, 43.6875698514713], [-79.3251265697615, 43.6869808333709], [-79.3287073283801, 43.6862187773287], [-79.3313654270254, 43.6856392471209], [-79.3339074453939, 43.6850927371861], [-79.334932009816, 43.6848732212125], [-79.3358730294757, 43.6846715333708], [-79.3367546726974, 43.6844769815907], [-79.337659236234, 43.684285651135], [-79.3388059852362, 43.684042501237], [-79.3388548639308, 43.6841551851949], [-79.3408112271307, 43.6837813024307], [-79.3413983295627, 43.6836686487369], [-79.3419982742027, 43.6835535330159], [-79.3425513461132, 43.6834475142842], [-79.3425738816746, 43.6834431969533], [-79.3431687959499, 43.6833291582072], [-79.3439029690943, 43.6831873030568], [-79.344462053705, 43.6830792669991], [-79.3454508689577, 43.6828905628657], [-79.3462767957239, 43.6827324705525], [-79.3464530727023, 43.6832030622476], [-79.3466148973646, 43.6835981760962], [-79.3467877085605, 43.6840388864746], [-79.3469280664365, 43.684433980103], [-79.3469515780212, 43.6844942749231], [-79.3470696600113, 43.6847972016382], [-79.3471603723678, 43.6850298986476], [-79.347207226452, 43.6851500382406], [-79.347442119309, 43.6857846920296], [-79.3477717269775, 43.6866672593659], [-79.3481100455922, 43.6875430861382], [-79.3484738873903, 43.6884636461174], [-79.3488188790533, 43.6894412481065], [-79.3453718946366, 43.6901013019054], [-79.3426742631982, 43.6906282117363], [-79.3425252312393, 43.690666163195], [-79.3423573948671, 43.6906986879046], [-79.3422171536685, 43.6907574977753], [-79.3421096535063, 43.6908234453028], [-79.342056676049, 43.6908690175808], [-79.341693495137, 43.6911814909822], [-79.3411530649962, 43.6913021417669], [-79.3406572934535, 43.691412842763], [-79.339682930138, 43.6916267103906], [-79.338718345957, 43.6918324193336], [-79.3377668430338, 43.6920375711776], [-79.3367737264253, 43.6922614775362], [-79.3357003718994, 43.6925102664465], [-79.3345584359017, 43.6927489897308], [-79.3342988929994, 43.6928026485502], [-79.3334028811386, 43.6929786990276], [-79.3330826668171, 43.6930529245263], [-79.3323718091949, 43.6932025023896], [-79.3320554687023, 43.6932662623741], [-79.3311428838629, 43.6934855218135], [-79.3301310304514, 43.6937158783307], [-79.3299782693909, 43.6937291802685], [-79.3290687347153, 43.6939045731744], [-79.3280215186942, 43.6941451273356], [-79.3269899144333, 43.6943678468858], [-79.3240195646316, 43.6950300479051], [-79.3230341150851, 43.6952449350652], [-79.3216392074617, 43.6955296920363], [-79.3209501728664, 43.6956804042524], [-79.3199184280677, 43.6958910781617], [-79.3186758559754, 43.6961734104602], [-79.3174352655578, 43.6964529338927], [-79.3171203790355, 43.6957292844349], [-79.3168273705731, 43.6950344380372], [-79.3165339729503, 43.6943108935413], [-79.3164875082378, 43.6942191498795], [-79.3160931922978, 43.6933642220809], [-79.3158861813858, 43.6928781340099], [-79.315858714645, 43.6928136310716], [-79.3157881958106, 43.6926253637704], [-79.31574207854, 43.6925022322071], [-79.3157141295688, 43.6924373691737], [-79.3154403344648, 43.6918020930994], [-79.3151358516888, 43.6910953777773], [-79.3148333461224, 43.6903894200399], [-79.3145203066716, 43.6896582142258]]]]}"
98,Old East York,58,9522,47,50,40,40,58,45,28,35,65,495.5192,528.5971,422.119,419.5511,604.6075,466.5146,291.4542,367.3769,682.6297,3,5,6,,9,4,8,19,22,31.62889,52.85971,63.31786,,93.81841,41.46796,83.27261,199.4332,199.4332,4,2,1,5,3,,8,4,7,42.17185,21.14388,10.55298,52.44389,31.2728,,83.27261,41.98594,41.98594,21,11,26,17,28,13,15,6,22,221.4022,116.2914,274.3774,178.3092,291.8795,134.7709,156.1362,62.9789,231.0439,,,1,,1,,,,,,,11,,10.42427,,,,,17,4,8,4,6,9,5,7,7,179.2304,84.42381,41.95511,62.5456,93.30293,52.04538,73.47539,73.51397,42.28777,,1,1,1,1,,1,,2,,10.57194,10.55298,10.48878,10.42427,,10.40908,,21.00399,35,32,17,21,20,36,28,21,35,369.0037,338.3022,179.4006,220.2643,208.4854,373.2117,291.4542,220.4262,367.5698,4,3,2,2,,3,4,5,1,42.17185,31.71583,21.10595,20.97755,,31.10098,41.63631,52.48242,10.502,"{'type': 'MultiPolygon', 'coordinates': [[[[-79.3321227042759, 43.7030451420065], [-79.3319892482964, 43.702805970904], [-79.3318949364953, 43.7025408170317], [-79.3318675852187, 43.7022497921142], [-79.3318220220867, 43.7019940078215], [-79.3316169310473, 43.7017724454783], [-79.3313065429428, 43.7016655744145], [-79.3309372092653, 43.7016519142228], [-79.3307898248595, 43.7016479336954], [-79.3306094268636, 43.7016430664286], [-79.3302896335811, 43.7015771170534], [-79.3299936570698, 43.7016448080571], [-79.329655965985, 43.70167770922], [-79.3292915850019, 43.70163279817], [-79.3289897300336, 43.7015551071468], [-79.3289574328609, 43.7015467952552], [-79.328566203076, 43.7015241653559], [-79.3282320602582, 43.701526786696], [-79.3281721451761, 43.7015272553247], [-79.3281076455138, 43.701516923413], [-79.327760871361, 43.701472357816], [-79.3273656338955, 43.7014456674695], [-79.3271030800194, 43.7015129605109], [-79.3270281731359, 43.7015321638755], [-79.3266686855298, 43.7016370241352], [-79.3262884423812, 43.701625303255], [-79.3259291171836, 43.701536093792], [-79.3255510404713, 43.701423622627], [-79.3251693173486, 43.7014087277066], [-79.3248528516273, 43.7014807663539], [-79.3244739564091, 43.7015177832722], [-79.3241190478551, 43.7015022416646], [-79.3237902250481, 43.7015522141994], [-79.3234352939529, 43.7016287088059], [-79.3230842164621, 43.7016477884875], [-79.3228032003885, 43.7017769719615], [-79.3225979087508, 43.7020134589453], [-79.3224538958323, 43.7022541729444], [-79.322218820267, 43.7024543562503], [-79.3219529284288, 43.7024931967326], [-79.321843513001, 43.7024123205134], [-79.3217647624785, 43.7023541213234], [-79.3215826384853, 43.7021734341399], [-79.3213644709115, 43.7019808436009], [-79.3211669956076, 43.7017482394163], [-79.3209186858226, 43.7015501729596], [-79.3206837593076, 43.7013996905454], [-79.3203501256838, 43.7013064085159], [-79.3201664577122, 43.7013087571666], [-79.3193749598403, 43.7011445949555], [-79.3192854617084, 43.7008865937725], [-79.3190352118107, 43.7001652764656], [-79.318884278461, 43.6997836079415], [-79.3188413301088, 43.6996750114939], [-79.3186848434057, 43.6992801019201], [-79.3183695260892, 43.6985949366213], [-79.3182325164514, 43.6982268273937], [-79.318052789308, 43.6978273250466], [-79.3177570373142, 43.6971258878859], [-79.3174352655578, 43.6964529338927], [-79.3186758559754, 43.6961734104602], [-79.3199184280677, 43.6958910781617], [-79.3209501728664, 43.6956804042524], [-79.3216392074617, 43.6955296920363], [-79.3230341150851, 43.6952449350652], [-79.3240195646316, 43.6950300479051], [-79.3269899144333, 43.6943678468858], [-79.3280215186942, 43.6941451273356], [-79.3290687347153, 43.6939045731744], [-79.3299782693909, 43.6937291802685], [-79.3301310304514, 43.6937158783307], [-79.3311428838629, 43.6934855218135], [-79.3320554687023, 43.6932662623741], [-79.3323718091949, 43.6932025023896], [-79.3330826668171, 43.6930529245263], [-79.3334028811386, 43.6929786990276], [-79.3342988929994, 43.6928026485502], [-79.3345584359017, 43.6927489897308], [-79.3357003718994, 43.6925102664465], [-79.3367737264253, 43.6922614775362], [-79.3377668430338, 43.6920375711776], [-79.338718345957, 43.6918324193336], [-79.339682930138, 43.6916267103906], [-79.3406572934535, 43.691412842763], [-79.3411530649962, 43.6913021417669], [-79.341693495137, 43.6911814909822], [-79.342056676049, 43.6908690175808], [-79.3421096535063, 43.6908234453028], [-79.3422171536685, 43.6907574977753], [-79.3423573948671, 43.6906986879046], [-79.3425252312393, 43.690666163195], [-79.3426742631982, 43.6906282117363], [-79.3453718946366, 43.6901013019054], [-79.3488188790533, 43.6894412481065], [-79.3491716575113, 43.6904099026552], [-79.3495550046014, 43.6913765889488], [-79.3499208456175, 43.6923447452798], [-79.3502946435154, 43.6932503521837], [-79.350367104418, 43.6933898589595], [-79.3504602261198, 43.6936314403982], [-79.3510313048093, 43.6951129438457], [-79.3510370356563, 43.6951278297166], [-79.3510440388451, 43.6951805508811], [-79.3510594375805, 43.695284634814], [-79.3510539323958, 43.6953886917287], [-79.3510120460828, 43.6954605392402], [-79.3509414216488, 43.6955399197037], [-79.350327277379, 43.6960556918485], [-79.3495376577983, 43.6967076535991], [-79.3494569506586, 43.6967793062888], [-79.349388968214, 43.6968473377056], [-79.3493320127817, 43.6969165908123], [-79.3493017669642, 43.6969857804189], [-79.3492803536557, 43.6970601928617], [-79.3492703820246, 43.6972125257169], [-79.3496355294148, 43.6978494163845], [-79.3497533233165, 43.6980600843007], [-79.3499801241316, 43.6984381024871], [-79.3505667155868, 43.6994163119215], [-79.3504139668109, 43.6996603613051], [-79.3501271937195, 43.6998714259089], [-79.3497627739996, 43.6999396278388], [-79.3493851229707, 43.6999896460754], [-79.3490476258353, 43.700012991346], [-79.348714278109, 43.7000041160183], [-79.3483726473862, 43.699939304484], [-79.3481014935845, 43.6997686670092], [-79.3478749579661, 43.6995682671912], [-79.3476315823034, 43.6993498327918], [-79.3473475818498, 43.6991593470384], [-79.3469711676246, 43.699017199647], [-79.3466106575519, 43.69895405817], [-79.3463120059227, 43.6988184665838], [-79.3460351729326, 43.6986463410105], [-79.3458191929447, 43.6984848458781], [-79.3454675549482, 43.6983646901298], [-79.345059145173, 43.6983027392323], [-79.3449013886768, 43.6983062790545], [-79.3448251869804, 43.6982923854537], [-79.344723777243, 43.6982730296093], [-79.3445829844082, 43.6982702824432], [-79.3444558859459, 43.6982730349433], [-79.3443332022475, 43.6982951545369], [-79.3441600946661, 43.6983433729302], [-79.3440106558714, 43.6983973750555], [-79.3438817890398, 43.6984410893413], [-79.3437521145107, 43.6984993032173], [-79.3436513035274, 43.6985598342114], [-79.3435608820775, 43.6986134207109], [-79.3434434963278, 43.6987025081534], [-79.3433163756042, 43.6988037697554], [-79.3432989823627, 43.69881762567], [-79.3428749845341, 43.6990335875921], [-79.3423746023565, 43.6991423543659], [-79.341846187813, 43.6992486404148], [-79.3413778805707, 43.6994725470413], [-79.3409310398747, 43.6997407127842], [-79.3404881066574, 43.6999984503723], [-79.3401009322954, 43.7003098134023], [-79.3397286084689, 43.7006339682775], [-79.3394421949498, 43.700969116055], [-79.3390905340136, 43.7012697323844], [-79.3386488561257, 43.7014963737452], [-79.3382062811165, 43.7017232920621], [-79.3377066756595, 43.7019377317503], [-79.3372551873351, 43.7021683063992], [-79.3369253426111, 43.702465508538], [-79.3365918561527, 43.7027229364156], [-79.3361742366265, 43.7029100872971], [-79.3357342705269, 43.7030875733497], [-79.3354210503297, 43.7032082622499], [-79.3349038681193, 43.7031279632998], [-79.3346972012152, 43.7030860787408], [-79.3345190805475, 43.7030499869273], [-79.3341585009224, 43.7030169696944], [-79.3337877369268, 43.7030237040792], [-79.3336837091976, 43.7030390171297], [-79.3334388109179, 43.7030750526522], [-79.3332100380124, 43.7032423407812], [-79.3330981290516, 43.703374297846], [-79.3330946539001, 43.7033794954705], [-79.3329030754331, 43.7033685037128], [-79.3325975321523, 43.7033141395895], [-79.3324884831694, 43.703282816922], [-79.3323574254139, 43.7032284644818], [-79.3322329770618, 43.7031312665185], [-79.3321227042759, 43.7030451420065]]]]}"
99,Runnymede-Bloor West Village,89,10725,27,39,37,32,31,43,32,25,42,259.8402,374.1007,352.2468,302.3146,289.8009,398.8868,297.0665,233.7104,391.6084,15,12,9,20,26,29,17,20,29,144.3557,115.1079,85.68165,188.9466,243.0588,269.0167,157.8166,186.9683,186.9683,21,19,15,21,5,8,8,7,5,202.098,182.2542,142.8027,198.394,46.74208,74.2115,74.26662,65.43891,65.43891,21,25,22,19,22,27,29,12,22,202.098,239.8082,209.444,179.4993,205.6651,250.4638,269.2165,112.181,205.1282,,,,,,,,,1,,,,,,,,,9.324009,12,19,14,14,19,20,7,5,13,115.4846,133.2826,132.2626,177.6199,185.5288,64.98329,46.74208,121.2121,182.2542,,1,,,,,,,,,9.592326,,,,,,,,32,29,18,21,20,35,15,24,32,307.9588,278.1775,171.3633,198.394,186.9683,324.6753,139.2499,224.362,298.3683,1,1,1,,2,2,3,8,,9.623713,9.592326,9.520183,,18.69683,18.55288,27.84998,74.78732,,"{'type': 'MultiPolygon', 'coordinates': [[[[-79.4822757147337, 43.6659863083324], [-79.482109019066, 43.6655878567996], [-79.4822710825565, 43.6655906267976], [-79.4822283442557, 43.6654952689896], [-79.4824268636736, 43.6654908714076], [-79.4823078521913, 43.6651937545986], [-79.4826774105259, 43.6651051301485], [-79.4822685113116, 43.6641317348306], [-79.4822471362233, 43.6641273028737], [-79.4820585020909, 43.6636752252562], [-79.4818945300878, 43.6632757379828], [-79.4818820778684, 43.6632450772957], [-79.4818588442317, 43.663196151259], [-79.4813350583951, 43.6618971733541], [-79.4812274605755, 43.6616183479731], [-79.4810553428626, 43.6610578146197], [-79.4808097179311, 43.6603360462381], [-79.4805496161017, 43.6603875167319], [-79.4802613011154, 43.6604548788066], [-79.4802610284158, 43.6604540864392], [-79.4802496938672, 43.6604228317609], [-79.4801381702567, 43.6604565494299], [-79.4800184413072, 43.6600687053304], [-79.4797410427336, 43.6593836449428], [-79.4797157174818, 43.6592228766297], [-79.4794366104034, 43.6585920753896], [-79.4793063452698, 43.6582189277788], [-79.4791362550598, 43.6578606701158], [-79.4789900205632, 43.6575042531308], [-79.4787041678379, 43.6568468130704], [-79.4786802602355, 43.6567893623832], [-79.4782633703092, 43.6558254991851], [-79.4778033958462, 43.6547718750392], [-79.4771242144475, 43.6531040683897], [-79.476500974583, 43.6516074839149], [-79.4764668408097, 43.6515255102195], [-79.4763078418096, 43.6511437930094], [-79.4772366744244, 43.6509201628771], [-79.4776829635552, 43.6508297691761], [-79.4781658410411, 43.6507168145289], [-79.4790870937666, 43.6505104234202], [-79.4804730271313, 43.6502142799218], [-79.4817634761007, 43.6499418964592], [-79.4818740616527, 43.6499111287451], [-79.4829714325102, 43.6496963722952], [-79.4835770326733, 43.6495618817822], [-79.4840113441626, 43.6494549613856], [-79.4844863038687, 43.6493389459656], [-79.4848255445378, 43.6501657936869], [-79.4851387928442, 43.650915819273], [-79.4853924646279, 43.651533111113], [-79.4854483166575, 43.6516673558398], [-79.4856934585836, 43.6522633125948], [-79.4859775717012, 43.6529558405294], [-79.4864165868727, 43.654016991673], [-79.4866982993388, 43.6547082748205], [-79.4869859064097, 43.6554018168863], [-79.4871145442352, 43.6557478074655], [-79.4872611569835, 43.6561088958448], [-79.4877174353948, 43.6572387770863], [-79.4879666320725, 43.6578736510725], [-79.4881248142159, 43.6582766495821], [-79.4881969609009, 43.6584544603655], [-79.4883000670133, 43.6587009463725], [-79.4885006232153, 43.6591467943057], [-79.4887882776151, 43.6598091686222], [-79.4888546566602, 43.6600277911849], [-79.4890316475466, 43.6604216081256], [-79.4902746994399, 43.6601725546842], [-79.4914982392518, 43.6599102627359], [-79.4926359708804, 43.6596515169763], [-79.4928155671085, 43.659612624304], [-79.4938133788381, 43.6595253069341], [-79.4943289109716, 43.6594625673142], [-79.4949698047554, 43.6593845732753], [-79.4950863468658, 43.6594184778542], [-79.4952767281333, 43.6595293726353], [-79.4955263446801, 43.6597061513769], [-79.4953834846419, 43.6597811900987], [-79.4946222604174, 43.6602711361925], [-79.4945296718811, 43.6603637111], [-79.4944538834857, 43.6604453496153], [-79.4943870217939, 43.6605441626631], [-79.4942987409067, 43.6606950394399], [-79.4942817649098, 43.6607234643863], [-79.4942503475764, 43.6608359440307], [-79.4942300652798, 43.6609435443968], [-79.4942177325412, 43.6610349794543], [-79.4942242947017, 43.6611281977216], [-79.4942310034397, 43.6612489428307], [-79.4942689600593, 43.6613423424188], [-79.4943272877949, 43.6614371745771], [-79.4943648626029, 43.6614947038802], [-79.4944107826927, 43.6615563651498], [-79.4944841867569, 43.6616634214395], [-79.4945347986667, 43.661798336234], [-79.4945404213409, 43.6618737864141], [-79.4945664723314, 43.661997411812], [-79.4945937770486, 43.662240593033], [-79.4945927140006, 43.662354685395], [-79.4946038128538, 43.6624624767577], [-79.4946378387534, 43.6625699362352], [-79.4946989920829, 43.662702493007], [-79.4947448235179, 43.6627989179015], [-79.4948143988697, 43.6628852613957], [-79.4949951917082, 43.6630318568102], [-79.4950846164409, 43.6631533155992], [-79.4953199224825, 43.6633896020828], [-79.4955168806451, 43.6635937237762], [-79.4956368501699, 43.6636783954336], [-79.4959655393102, 43.6639249991703], [-79.4960442801912, 43.6640368526009], [-79.4961755116632, 43.6642879944977], [-79.496290655142, 43.6644312812269], [-79.4964482838238, 43.6645387177393], [-79.4966387719098, 43.6646304197913], [-79.4968514930127, 43.6646967753625], [-79.497027477446, 43.6647425786484], [-79.4972526869337, 43.6647917769177], [-79.4975328020343, 43.6648538743351], [-79.497640081516, 43.6648814472399], [-79.4977294066151, 43.6649250243596], [-79.4984360559547, 43.6654216222317], [-79.4985550783882, 43.6655040940217], [-79.498616826123, 43.6656138126848], [-79.4992107219484, 43.6655327519404], [-79.499229342686, 43.665820804044], [-79.499236708192, 43.6658703114173], [-79.4914462127975, 43.6662997265315], [-79.4881793750955, 43.6665098061501], [-79.486336383928, 43.6666143129517], [-79.4852724082039, 43.6666746431862], [-79.4827807031113, 43.6668278574767], [-79.482644673302, 43.6668358306331], [-79.4826315540811, 43.6668368188523], [-79.4824217573361, 43.6663353853577], [-79.4822757147337, 43.6659863083324]]]]}"
100,High Park North,88,24162,80,91,90,105,103,91,89,95,130,357.2386,405.0024,398.1068,457.1777,440.6606,383.6425,372.4629,397.0576,538.0349,8,14,7,9,20,25,18,22,36,35.72385,62.30807,30.96386,39.18666,85.56516,105.3963,75.32957,91.95018,91.95018,32,36,46,60,53,50,58,29,33,142.8954,160.2207,203.4768,261.2444,226.7477,210.7926,242.7286,121.2071,121.2071,17,70,28,54,62,68,32,38,32,75.91319,311.5403,123.8554,235.1199,265.252,286.6779,133.9192,158.823,132.4394,1,,,,,,,,1,4.465481825,,,,,,,,4.13873,15,23,28,35,25,11,17,10,14,66.98223,123.8554,152.3926,106.9564,46.37437,71.14459,41.79554,57.94222,102.3633,,,,,,,,,,,,,,,,,,,35,21,18,42,29,45,46,27,35,156.2919,93.4621,79.62135,182.8711,124.0695,189.7133,192.5089,112.8479,144.8556,5,2,2,2,4,5,4,5,6,22.32741,8.901153,8.846817,8.708146,17.11303,21.07926,16.7399,20.89777,24.83238,"{'type': 'MultiPolygon', 'coordinates': [[[[-79.453445669697, 43.6605158104091], [-79.4520346295598, 43.6590828432516], [-79.4513459468698, 43.6583825617625], [-79.4498738287957, 43.6568839658766], [-79.449904332181, 43.6568781462097], [-79.452457131293, 43.6563296055691], [-79.4538230852967, 43.6560481702572], [-79.4542761090491, 43.6559529117093], [-79.4543657084858, 43.655934755221], [-79.4568967300751, 43.6554039824043], [-79.4570533664395, 43.6553612947066], [-79.4586576930166, 43.6550276472321], [-79.4588176030861, 43.6549998099728], [-79.4600513669653, 43.6547156340727], [-79.4610382793012, 43.6545029299515], [-79.4623441956636, 43.6542082496373], [-79.4637085919173, 43.6539076586881], [-79.4653011182864, 43.6535463971431], [-79.4669063706694, 43.6532073688335], [-79.4687170822697, 43.6528282375754], [-79.4700343162707, 43.6525332471392], [-79.4711833240886, 43.6522651396076], [-79.4717932756875, 43.652136905164], [-79.4728744486994, 43.651887559649], [-79.4740926926904, 43.6516173784189], [-79.4743791014393, 43.6515481767285], [-79.4751844688999, 43.6513714146755], [-79.4755242705839, 43.651294130139], [-79.4763078418096, 43.6511437930094], [-79.4771242144475, 43.6531040683897], [-79.4778033958462, 43.6547718750392], [-79.4782633703092, 43.6558254991851], [-79.4786802602355, 43.6567893623832], [-79.4787041678379, 43.6568468130704], [-79.4789900205632, 43.6575042531308], [-79.4791362550598, 43.6578606701158], [-79.4793063452698, 43.6582189277788], [-79.4794366104034, 43.6585920753896], [-79.4797157174818, 43.6592228766297], [-79.4797410427336, 43.6593836449428], [-79.4800184413072, 43.6600687053304], [-79.4788022687635, 43.6603459259677], [-79.477670233776, 43.6605623913369], [-79.4765615371177, 43.6608430743122], [-79.475222509524, 43.6611262264277], [-79.4750320050341, 43.661178473305], [-79.4749597262375, 43.6611946693595], [-79.474788776735, 43.6612425280602], [-79.4746415867752, 43.6613114179759], [-79.4744741251184, 43.6614063996078], [-79.4742822430892, 43.6615176221462], [-79.4741326333221, 43.6616157930688], [-79.4738220203031, 43.6618086750423], [-79.473728795916, 43.6618570991572], [-79.4736296648275, 43.6619188069832], [-79.4734767968438, 43.661978189777], [-79.4733968825698, 43.6620152475121], [-79.4732011324876, 43.6620590746461], [-79.4722552909338, 43.6622469406937], [-79.4717329568694, 43.6623582042938], [-79.4708262959554, 43.6625513346679], [-79.4702359420806, 43.6611162156071], [-79.4701988463438, 43.6610131494232], [-79.4701534178324, 43.6609371301235], [-79.4700974593356, 43.6608945840768], [-79.4700238991573, 43.6608416099604], [-79.4694406565886, 43.6603914869601], [-79.4692840113932, 43.6602708986816], [-79.4682480371972, 43.6605028598818], [-79.4673338607726, 43.660710200586], [-79.4666327509297, 43.6608692048226], [-79.4659460268496, 43.6609953715727], [-79.4650696788697, 43.6611759624089], [-79.4640264255813, 43.6614178205167], [-79.4634518194232, 43.661553081007], [-79.4629616582382, 43.6616684736628], [-79.4624013659622, 43.6617684577443], [-79.4617295122472, 43.661896989811], [-79.4610737434213, 43.6620544812289], [-79.4605080130295, 43.6621903875301], [-79.4599320126385, 43.6623112818073], [-79.4593848048433, 43.6624261172303], [-79.4588335018965, 43.6625417852875], [-79.4582336084735, 43.6626701965678], [-79.4564308254956, 43.6630552498108], [-79.4560227957981, 43.6631390755954], [-79.4545500227952, 43.6616409641563], [-79.4535413352577, 43.6606148736805], [-79.453445669697, 43.6605158104091]]]]}"
101,High Park-Swansea,87,25752,88,123,97,97,84,103,78,87,101,375.4426,517.459,401.3572,395.4019,336.4037,406.4078,305.8464,340.7755,392.2025,19,16,12,14,21,29,42,26,74,81.06148,67.31174,49.65243,57.06832,84.10092,114.4255,164.6865,101.841,101.841,19,22,57,33,46,35,20,31,16,81.06148,92.55364,235.8491,134.5182,184.2211,138.0997,78.42215,121.4258,121.4258,46,50,32,40,45,54,50,29,50,196.2541,210.3492,132.4065,163.0523,180.2163,213.0682,196.0554,113.5919,194.1597,,,,,,1,,,1,,,,,,3.945707,,,3.883193,25,41,18,27,13,26,10,12,13,106.6598,74.47865,110.0603,52.06247,102.5884,39.21107,47.00352,50.48152,172.4863,,1,4,3,2,3,2,2,3,,4.206984,16.55081,12.22893,8.009611,11.83712,7.842215,7.833921,11.64958,54,71,51,57,27,58,50,33,54,230.3853,298.6958,211.0228,232.3496,108.1298,228.851,196.0554,129.2597,209.6924,8,5,5,10,3,13,8,4,5,34.13115,21.03492,20.68851,40.76308,12.01442,51.29419,31.36886,15.66784,19.41597,"{'type': 'MultiPolygon', 'coordinates': [[[[-79.4477077558013, 43.6428388339418], [-79.4473563973138, 43.6419410826187], [-79.4470194150323, 43.6410850857244], [-79.4466824621644, 43.6402081945383], [-79.446417183368, 43.6395244246986], [-79.4463645113641, 43.639394204427], [-79.4462896544044, 43.6392091728094], [-79.4462234654608, 43.6390455325416], [-79.4461930953905, 43.6389397882], [-79.4461893951613, 43.638877145345], [-79.4461941615238, 43.6388149750515], [-79.4462226739433, 43.6387239125704], [-79.4465056265141, 43.6384795317116], [-79.4466007435141, 43.6384745713383], [-79.446634886477, 43.63846365084], [-79.4466830862197, 43.6384505497462], [-79.4467664279622, 43.6384462134374], [-79.4468985724789, 43.638180256956], [-79.4469849688949, 43.6381976605467], [-79.4470891248388, 43.6382292137377], [-79.4471959959132, 43.6382607686079], [-79.4474108988425, 43.6383148754899], [-79.4477350088228, 43.6383960363892], [-79.4478438219284, 43.6384185896986], [-79.4479526308138, 43.6384456439071], [-79.4481710506775, 43.6384907589833], [-79.4482810128399, 43.6385178123313], [-79.4485005975825, 43.6385629182826], [-79.4486109639823, 43.6385809710791], [-79.4487217115427, 43.6386035336041], [-79.448832078112, 43.6386215852889], [-79.4489432215525, 43.6386441385659], [-79.4491655057116, 43.6386802525431], [-79.4492770461189, 43.6387028054796], [-79.4493885947765, 43.6387163653032], [-79.4495005102056, 43.6387344175478], [-79.4496124311021, 43.6387479695973], [-79.4497243476708, 43.6387660306421], [-79.4498366641919, 43.6387795815357], [-79.4499493621592, 43.6387976340503], [-79.4500616663794, 43.6388111854563], [-79.4502080727417, 43.638833761918], [-79.4503548418829, 43.6388518276448], [-79.45050200083, 43.6388788960859], [-79.4506487825499, 43.638896962506], [-79.4507959580277, 43.6389195378362], [-79.4512272954334, 43.6389723536835], [-79.4512386100156, 43.6389737360454], [-79.4513861692252, 43.6389963023096], [-79.4515341171309, 43.6390143590837], [-79.4516820565332, 43.639027923495], [-79.4519786951807, 43.6390640452465], [-79.4530197369849, 43.6391589738215], [-79.4533179647707, 43.639177090458], [-79.4534674659042, 43.6391906529837], [-79.4536165742414, 43.6391997152417], [-79.4537571679432, 43.6392087737583], [-79.4537945847856, 43.6392115606635], [-79.4538783891695, 43.6392178239415], [-79.4539996142903, 43.6392223729886], [-79.4541204512518, 43.6392314231194], [-79.4542420569017, 43.6392404736145], [-79.4543632944999, 43.6392450224446], [-79.4544845034916, 43.6392540727196], [-79.4546061118457, 43.6392586209033], [-79.4547277338316, 43.6392631700423], [-79.4548489715036, 43.6392677192584], [-79.4549705799006, 43.6392722679551], [-79.4550921809387, 43.6392723153628], [-79.4552137893707, 43.6392768638011], [-79.4553354114575, 43.6392814122945], [-79.4554574201784, 43.639281468425], [-79.4555786493074, 43.6392815156911], [-79.4557006704295, 43.6392815717292], [-79.4558222950334, 43.6392816195786], [-79.4559439082795, 43.6392816752484], [-79.4560655205207, 43.6392817217713], [-79.4561871610134, 43.6392772764901], [-79.4563087893059, 43.6392728228109], [-79.45643040131, 43.639272877946], [-79.4565520208535, 43.6392639228294], [-79.4566736452406, 43.6392639778728], [-79.4567948804011, 43.6392550227093], [-79.4569165088524, 43.6392505593812], [-79.4570377279589, 43.639246103903], [-79.4571589620312, 43.6392371393343], [-79.4572801811, 43.6392326835983], [-79.4574014161255, 43.639223727789], [-79.4575226501326, 43.6392147619329], [-79.4576434885941, 43.6392057969129], [-79.4577647134628, 43.6391923395202], [-79.457885179701, 43.6391833827275], [-79.4589251043008, 43.6390600999023], [-79.4590491532838, 43.6390487573308], [-79.4591723140215, 43.6390307901689], [-79.4592401404446, 43.6390233786404], [-79.4592954846566, 43.6390173321717], [-79.4594186698437, 43.638999373177], [-79.4595414594954, 43.6389814132201], [-79.4596638637105, 43.6389634452351], [-79.4597866532001, 43.6389454859124], [-79.4599090459152, 43.638927525613], [-79.4600310565978, 43.6389050562725], [-79.4601530772244, 43.6388870961], [-79.4602750751178, 43.6388646353301], [-79.460396711286, 43.6388466742196], [-79.4605183373263, 43.6388242036783], [-79.4606395799552, 43.6388017422495], [-79.4607608212578, 43.6387792806739], [-79.4608816672388, 43.6387568091438], [-79.4610021430317, 43.6387298467462], [-79.4611230009939, 43.6387073841256], [-79.46124306749, 43.6386804204644], [-79.4613631566046, 43.6386579580425], [-79.4614828522014, 43.6386309945379], [-79.461602546455, 43.6386040308895], [-79.4617218575348, 43.6385770664601], [-79.4618411551079, 43.6385500927201], [-79.4619600816485, 43.6385231282684], [-79.4620824937767, 43.6384916645146], [-79.462204902563, 43.6384647007454], [-79.4623277099366, 43.6384332366439], [-79.4624500939442, 43.6384062632741], [-79.4625721180715, 43.638379299338], [-79.4626941204869, 43.6383478348181], [-79.4628153809042, 43.6383118681301], [-79.4629366270472, 43.6382803940791], [-79.4630574761367, 43.6382489280655], [-79.4631783374964, 43.6382174620888], [-79.4632988144032, 43.6381859962169], [-79.4634192809329, 43.6381500200124], [-79.4635389796727, 43.6381140531673], [-79.4636586875581, 43.6380825864808], [-79.4637779924267, 43.6380421184303], [-79.4638969066291, 43.6380106507295], [-79.4640154427961, 43.6379701729989], [-79.4641339755052, 43.6379342042639], [-79.4642521237245, 43.6378982365417], [-79.464369878414, 43.6378577578453], [-79.4644872577389, 43.637821788552], [-79.4646042432424, 43.6377813190875], [-79.4647212286143, 43.6377408486006], [-79.464837829734, 43.6377003692305], [-79.4649536506632, 43.6376598990707], [-79.465069458059, 43.6376194187069], [-79.465184906543, 43.6375789568156], [-79.4652999573743, 43.6375384768619], [-79.4654150108229, 43.6374935047684], [-79.4655292830811, 43.6374485319745], [-79.4656431720852, 43.6374035593228], [-79.4657566614601, 43.6373630786535], [-79.4658701675378, 43.6373136049737], [-79.4659829001568, 43.6372731319284], [-79.4659972309387, 43.6372670152254], [-79.4688597143171, 43.6360451098448], [-79.468877726418, 43.6360371395664], [-79.4718598955661, 43.6347180032125], [-79.4719224567814, 43.634693327937], [-79.4719532608722, 43.6346775110991], [-79.4720462179722, 43.6346370278579], [-79.4721388020451, 43.634596535052], [-79.4722306060212, 43.6345560506511], [-79.4722375840505, 43.6345529736443], [-79.4723224088414, 43.634515558057], [-79.4723372467288, 43.6345082615145], [-79.4724138421172, 43.6344705638859], [-79.4725044828702, 43.6344255788578], [-79.4725947369777, 43.6343850851536], [-79.4726846076405, 43.6343400995942], [-79.4727740928895, 43.6342996062776], [-79.472862801681, 43.6342501192926], [-79.4729511238216, 43.634205124536], [-79.4730390613211, 43.6341601380777], [-79.4731266146134, 43.6341151428168], [-79.4732133765627, 43.6340656556598], [-79.4733001610038, 43.6340206598983], [-79.4733857697872, 43.6339711725119], [-79.4734713796699, 43.6339216850755], [-79.4735566017609, 43.6338766880587], [-79.473640674204, 43.6338271997692], [-79.4737243498146, 43.6337777115203], [-79.4738080142254, 43.6337237138902], [-79.4738909085822, 43.6336742249898], [-79.4739730218075, 43.6336247364038], [-79.4740547779773, 43.6335707374227], [-79.4741361223485, 43.6335212483572], [-79.4742167003405, 43.6334672578401], [-79.4742480775835, 43.633444761709], [-79.4743592127186, 43.6334852836259], [-79.4744520186727, 43.6335307434447], [-79.4747063087501, 43.6336553069282], [-79.4751313325655, 43.6338634948255], [-79.4755026282189, 43.6341156140905], [-79.4757054341297, 43.6344442164185], [-79.4758412357917, 43.6347638041938], [-79.4760126837284, 43.6350473921881], [-79.4761782839616, 43.6353624850374], [-79.4762541302372, 43.6354926513443], [-79.4763435133077, 43.6356460625323], [-79.4765300196765, 43.6359746423169], [-79.4767157842281, 43.6362402213016], [-79.4767374337025, 43.6362791664188], [-79.476833405611, 43.6364517686601], [-79.4768753781181, 43.6367560782861], [-79.476978650351, 43.6369964629181], [-79.4770886208124, 43.6372210789826], [-79.4772178521935, 43.6374164618973], [-79.4772954156285, 43.6375418035402], [-79.4775021838098, 43.6377419269444], [-79.477841825297, 43.6378811460527], [-79.4781210437081, 43.6380011789635], [-79.4784580580758, 43.6380776912181], [-79.4788501127808, 43.638127992597], [-79.479364561109, 43.6381399319956], [-79.4798544706783, 43.6381440253188], [-79.4804004600317, 43.6381205007132], [-79.4808625287634, 43.6381007670092], [-79.481402766676, 43.6380390790497], [-79.4818858854719, 43.6379944828296], [-79.4823343432577, 43.6379776849387], [-79.4824819561037, 43.6379768699787], [-79.4830138354201, 43.6380113001035], [-79.4832470029043, 43.6380147008359], [-79.4833796034153, 43.6380254770318], [-79.4836189129575, 43.6380478433491], [-79.4838556597352, 43.6380600205377], [-79.4840551806729, 43.6381017243811], [-79.4842531610735, 43.6381556978079], [-79.4843994541439, 43.6382280071827], [-79.4845359691929, 43.6382964365803], [-79.4846774273297, 43.6383769551984], [-79.4847375036172, 43.6384153268962], [-79.4848365776113, 43.6384846866587], [-79.484923323991, 43.6385841721314], [-79.4850477733849, 43.6388319432773], [-79.4851025081583, 43.6391222179928], [-79.4851292752961, 43.6396453993135], [-79.485106303846, 43.6400670836538], [-79.4851159919701, 43.6402834962717], [-79.4850742747767, 43.6406232655891], [-79.4850283015655, 43.6408803755498], [-79.4850086907868, 43.6412380423101], [-79.4850080320258, 43.6413969978598], [-79.4849995848291, 43.6415731629091], [-79.4849928364993, 43.6417453671367], [-79.4850669364945, 43.64192639452], [-79.485219327131, 43.6420415774843], [-79.4854429655088, 43.642101943134], [-79.485711409611, 43.6421192230762], [-79.4859773912917, 43.6421143507298], [-79.486346989735, 43.6420775346871], [-79.4866660550557, 43.6420337356925], [-79.487095171774, 43.6419375059678], [-79.4875079316391, 43.6418173472329], [-79.4879478576582, 43.6416471424427], [-79.4882149379409, 43.6415285769587], [-79.4889987078665, 43.6412507016894], [-79.4891079606981, 43.6412163725406], [-79.4892915283809, 43.6412030044244], [-79.4894394767477, 43.6412391316268], [-79.4896606256408, 43.6413657025051], [-79.4898012765978, 43.6414642983777], [-79.48990511571, 43.6415612876075], [-79.4899715496136, 43.6416472389474], [-79.490101425179, 43.6418520500387], [-79.490197682911, 43.6420067917544], [-79.4902255744764, 43.6420628638821], [-79.4903627693737, 43.6423938559989], [-79.4904603438871, 43.6426963818632], [-79.490594496758, 43.6430841455438], [-79.4907892861739, 43.6434755505078], [-79.4909852108941, 43.6438416159648], [-79.4912042808974, 43.6442038925378], [-79.4913615821845, 43.6444314416246], [-79.491438762584, 43.6445556754409], [-79.4915529498849, 43.6447220830921], [-79.4917399638586, 43.6449539540099], [-79.4918881827992, 43.6450950970254], [-79.4920043764354, 43.6451941921723], [-79.4922100596058, 43.6453551695666], [-79.4923618268593, 43.6454728630447], [-79.4924363289013, 43.6455343836555], [-79.4925205829496, 43.6456236649745], [-79.4925548119591, 43.6456831479446], [-79.4926744607834, 43.6458388163813], [-79.4927075845066, 43.6459116672515], [-79.4927890119734, 43.6462188707519], [-79.4928141582593, 43.646468975567], [-79.4928209812046, 43.6467385582121], [-79.4927968494282, 43.6469204738668], [-79.4927730736593, 43.647127414291], [-79.4926244707132, 43.6474449278324], [-79.490343487151, 43.6479410035231], [-79.4889040253109, 43.6482541466466], [-79.4874774402169, 43.6485641870937], [-79.4865185371119, 43.648770433757], [-79.486110706098, 43.648861802762], [-79.4850813403076, 43.6490881298954], [-79.4849104826378, 43.6490881160021], [-79.4847432515509, 43.6492024744147], [-79.4846720122473, 43.6492453204225], [-79.4845852259851, 43.649290333673], [-79.4844863038687, 43.6493389459656], [-79.4840113441626, 43.6494549613856], [-79.4835770326733, 43.6495618817822], [-79.4829714325102, 43.6496963722952], [-79.4818740616527, 43.6499111287451], [-79.4817634761007, 43.6499418964592], [-79.4804730271313, 43.6502142799218], [-79.4790870937666, 43.6505104234202], [-79.4781658410411, 43.6507168145289], [-79.4776829635552, 43.6508297691761], [-79.4772366744244, 43.6509201628771], [-79.4763078418096, 43.6511437930094], [-79.4755242705839, 43.651294130139], [-79.4751844688999, 43.6513714146755], [-79.4743791014393, 43.6515481767285], [-79.4740926926904, 43.6516173784189], [-79.4728744486994, 43.651887559649], [-79.4717932756875, 43.652136905164], [-79.4711833240886, 43.6522651396076], [-79.4700343162707, 43.6525332471392], [-79.4687170822697, 43.6528282375754], [-79.4681268428385, 43.6529518342585], [-79.4669063706694, 43.6532073688335], [-79.4653011182864, 43.6535463971431], [-79.4637085919173, 43.6539076586881], [-79.4632210772014, 43.6540150684864], [-79.4623441956636, 43.6542082496373], [-79.4610382793012, 43.6545029299515], [-79.4601867173519, 43.6546864627307], [-79.4600513669653, 43.6547156340727], [-79.4588176030861, 43.6549998099728], [-79.4586576930166, 43.6550276472321], [-79.4570533664395, 43.6553612947066], [-79.4568967300751, 43.6554039824043], [-79.4543657084858, 43.655934755221], [-79.4542761090491, 43.6559529117093], [-79.4538230852967, 43.6560481702572], [-79.452457131293, 43.6563296055691], [-79.4521919579543, 43.6552008327747], [-79.4518493193409, 43.6538910543163], [-79.4517813071005, 43.6535662303236], [-79.451447049173, 43.6525420667637], [-79.451391471928, 43.652358172551], [-79.4513063051483, 43.6521282509759], [-79.4512145511838, 43.6518892883833], [-79.4510727788396, 43.6515245647156], [-79.4506623123703, 43.6504591758552], [-79.4503539281409, 43.6496710365948], [-79.4500742253897, 43.6489559631097], [-79.4500312058472, 43.6488411228231], [-79.4497299935524, 43.6480634352527], [-79.4493968311773, 43.6472133874025], [-79.4490630360901, 43.6463462638799], [-79.4487157964953, 43.6454554232643], [-79.4483746185304, 43.6445612170759], [-79.4480447630338, 43.6437156855915], [-79.4477077558013, 43.6428388339418]]]]}"
102,Roncesvalles,86,15877,78,117,119,112,85,112,111,90,99,502.4478,758.0666,772.6771,720.7207,539.6483,706.0455,698.9924,568.5408,623.5435,12,6,12,20,22,14,15,18,22,77.29967,38.87521,77.91702,128.7001,139.6737,88.25569,94.45844,113.7082,113.7082,26,42,28,72,68,54,45,24,21,167.4826,272.1265,181.8064,463.3205,431.7186,340.4148,283.3753,151.6109,151.6109,38,36,42,48,75,95,67,67,53,244.7823,233.2513,272.7096,308.8803,476.1602,598.8779,421.9144,423.247,333.8162,,,,,2,1,,,,,,,,12.69761,6.303978,,,,24,20,30,25,22,25,22,12,17,154.5993,194.7925,160.8752,139.6737,157.5994,138.539,75.80544,107.0731,129.584,,,4,6,2,5,1,3,,,,25.97234,38.61004,12.69761,31.51989,6.297229,18.95136,,23,28,34,59,55,45,51,41,23,148.1577,181.4176,220.7649,379.6654,349.1842,283.679,321.1587,259.0019,144.8636,2,2,3,12,5,10,4,8,8,12.88328,12.9584,19.47925,77.22008,31.74402,63.03978,25.18892,50.53696,50.38735,"{'type': 'MultiPolygon', 'coordinates': [[[[-79.4438285320564, 43.6391900677693], [-79.4462226739433, 43.6387239125704], [-79.4461941615238, 43.6388149750515], [-79.4461893951613, 43.638877145345], [-79.4461930953905, 43.6389397882], [-79.4462234654608, 43.6390455325416], [-79.4462896544044, 43.6392091728094], [-79.4463555577466, 43.6393720744329], [-79.4463645113641, 43.639394204427], [-79.446417183368, 43.6395244246986], [-79.4466824621644, 43.6402081945383], [-79.4470194150323, 43.6410850857244], [-79.4473563973138, 43.6419410826187], [-79.4477077558013, 43.6428388339418], [-79.4480447630338, 43.6437156855915], [-79.4483746185304, 43.6445612170759], [-79.4487157964953, 43.6454554232643], [-79.4490630360901, 43.6463462638799], [-79.4493968311773, 43.6472133874025], [-79.4497299935524, 43.6480634352527], [-79.4500312058472, 43.6488411228231], [-79.4500742253897, 43.6489559631097], [-79.4503539281409, 43.6496710365948], [-79.4506623123703, 43.6504591758552], [-79.4510727788396, 43.6515245647156], [-79.4512145511838, 43.6518892883833], [-79.4513063051483, 43.6521282509759], [-79.451391471928, 43.652358172551], [-79.451447049173, 43.6525420667637], [-79.4517813071005, 43.6535662303236], [-79.4518493193409, 43.6538910543163], [-79.4521919579543, 43.6552008327747], [-79.452457131293, 43.6563296055691], [-79.449904332181, 43.6568781462097], [-79.4498738287957, 43.6568839658766], [-79.4477922524731, 43.6547603530122], [-79.4475459981849, 43.6545084547196], [-79.4464275918413, 43.6533643401783], [-79.4440529738858, 43.6509241670218], [-79.4440491587581, 43.6509206458779], [-79.4439701484781, 43.6508476154937], [-79.443886157473, 43.6507710714444], [-79.4438017701091, 43.6506945183341], [-79.44371662757, 43.6506179737856], [-79.4436310884436, 43.6505414291746], [-79.4435447561619, 43.6504648754979], [-79.4434576674966, 43.6503883294614], [-79.4433705756185, 43.650316284365], [-79.4432823096141, 43.650239729361], [-79.4431932872339, 43.6501631819927], [-79.4431038648269, 43.6500911355583], [-79.4430136492677, 43.6500190800487], [-79.442923078808, 43.6499425320868], [-79.4428317241373, 43.6498704762195], [-79.4427508390824, 43.6498029253262], [-79.4426683965579, 43.6497308728101], [-79.4425851693321, 43.6496633295002], [-79.4425015581244, 43.6495957772947], [-79.4424171783031, 43.649528225357], [-79.4423327986939, 43.6494606724591], [-79.4422472425471, 43.6493931187686], [-79.4421609254516, 43.6493300655969], [-79.4420746120644, 43.6492625113586], [-79.4419871221248, 43.6491949572225], [-79.4418996400197, 43.6491319032768], [-79.441810981145, 43.6490688575303], [-79.441722351033, 43.6490013020512], [-79.4416329227595, 43.6489382465756], [-79.4415427147255, 43.6488751912012], [-79.4414521349034, 43.648812135187], [-79.4413607740851, 43.6487490792542], [-79.4412694134816, 43.6486860223504], [-79.4411768826813, 43.6486274657708], [-79.4411629591619, 43.6486179712255], [-79.4410843578845, 43.6485644180503], [-79.4409906791405, 43.6485013599156], [-79.4408969845838, 43.64844280254], [-79.4408025386797, 43.6483797445895], [-79.4407076787137, 43.6483211954692], [-79.4406120628001, 43.6482626368556], [-79.440516050286, 43.6482040781524], [-79.4404196422026, 43.6481455274761], [-79.440322476914, 43.6480869681853], [-79.4402253006594, 43.6480284086619], [-79.4401269539325, 43.6479743575426], [-79.4400286125098, 43.647915797255], [-79.4399295025236, 43.6478572362956], [-79.4398299922545, 43.6478031762401], [-79.4397301211173, 43.647749124677], [-79.4396294456942, 43.6476950629458], [-79.4395284108551, 43.6476410016206], [-79.4394269668109, 43.647586948124], [-79.4393251387724, 43.6475328865923], [-79.4392229216011, 43.6474833243094], [-79.439117920416, 43.6474292336644], [-79.4388876361761, 43.6473121285952], [-79.4386549306773, 43.6471994955373], [-79.4384218540666, 43.6470868623362], [-79.438187997196, 43.6469742279001], [-79.4379537570577, 43.6468615841445], [-79.4377195013272, 43.6467534497513], [-79.4376205812974, 43.6467060389174], [-79.4374845063839, 43.6466408127217], [-79.4372491031332, 43.6465281759273], [-79.4370129281344, 43.64642003905], [-79.4369333988087, 43.6463836830853], [-79.4367763460855, 43.6463119006181], [-79.436539420395, 43.6461992613435], [-79.4363020785505, 43.6460956224912], [-79.4360643623326, 43.6459829813181], [-79.4360485029527, 43.6459760869967], [-79.4358258566506, 43.6458793417558], [-79.4355873558262, 43.6457711998077], [-79.434435302412, 43.645252785645], [-79.4336618362942, 43.6448913846937], [-79.4309449287436, 43.6436180978749], [-79.4304722841353, 43.6433965757119], [-79.4303197593615, 43.643324480978], [-79.4301672215569, 43.6432523768572], [-79.4300146851257, 43.6431802815551], [-79.4298629291448, 43.643108177863], [-79.4297111733194, 43.6430360820746], [-79.429656950965, 43.6430101882392], [-79.4295601877674, 43.6429639876647], [-79.4294095846924, 43.6428918839047], [-79.4292597698025, 43.6428152879228], [-79.429109954268, 43.6427386836316], [-79.4289609031005, 43.6426665889048], [-79.4288118694015, 43.642589985065], [-79.4287548383602, 43.6425605235552], [-79.4286636057975, 43.6425133898173], [-79.4285157383161, 43.6424367854174], [-79.4283682429144, 43.6423601904442], [-79.4282133292183, 43.6423199473923], [-79.4286474458813, 43.6422170001895], [-79.4297278408927, 43.642008018524], [-79.4301251436815, 43.6419339558524], [-79.4315924483366, 43.6416340708915], [-79.4323726677749, 43.6414831776347], [-79.4331560345881, 43.6413088309783], [-79.4341805093614, 43.6411004225688], [-79.434520243245, 43.6410345390472], [-79.4354169945127, 43.6408506919941], [-79.4359766276497, 43.6407286684692], [-79.4366721930804, 43.6405920641133], [-79.4372804445943, 43.6404595838827], [-79.4379261589404, 43.6403414064451], [-79.4391181949071, 43.6401118821731], [-79.4398665241787, 43.639959750273], [-79.4409673309671, 43.6397484223517], [-79.4411845671926, 43.6396969919261], [-79.442225163076, 43.6394992494896], [-79.442499265531, 43.6394457752121], [-79.4438285320564, 43.6391900677693]]]]}"
103,South Parkdale,85,22841,205,227,237,235,220,256,251,274,275,958.0334,1059.411,1102.12,1077.734,992.0187,1138.587,1108.951,1209.126,1203.975,13,20,23,19,17,22,17,17,33,60.75334,93.34018,106.9568,87.13598,76.656,97.84736,75.10825,75.01875,75.01875,26,24,31,46,44,78,50,32,29,121.5067,112.0082,144.1592,210.9608,198.4037,346.9134,220.9066,141.2118,141.2118,45,51,71,58,78,89,89,63,61,210.3,238.0175,330.1711,265.994,351.7157,395.837,393.2137,278.0107,267.0636,,,1,,,1,,,1,,,5,,,4.447607,,,4.378092,24,39,41,31,37,34,19,20,9,112.16,190.6622,142.1692,166.8395,151.2186,83.94451,88.25735,39.40283,182.0134,,1,7,6,6,2,4,4,3,,4.667009,32.55208,27.51662,27.05506,8.895214,17.67253,17.65147,13.13428,79,43,49,86,44,55,41,52,79,369.1934,200.6814,227.8646,394.4049,198.4037,244.6184,181.1434,229.4691,345.8693,5,4,9,11,9,24,13,6,10,23.36667,18.66804,41.85268,50.44714,40.58258,106.7426,57.43571,26.47721,43.78092,"{'type': 'MultiPolygon', 'coordinates': [[[[-79.4214626821755, 43.6406195688591], [-79.4214442527301, 43.6406187551691], [-79.4214004358629, 43.6406199759531], [-79.4212932923035, 43.6401876740908], [-79.4210160360093, 43.6394814504509], [-79.4208758495482, 43.6391084532856], [-79.4208022745856, 43.6389126495972], [-79.4207633691966, 43.6388091612519], [-79.4205783770689, 43.6383169719946], [-79.4203565102535, 43.6377451130167], [-79.4197556545526, 43.6361964363839], [-79.4195756711524, 43.6358271721421], [-79.4203544051119, 43.6356131786358], [-79.4205582057862, 43.6355561525344], [-79.423081567804, 43.6348500362663], [-79.4243005978858, 43.6345089048597], [-79.4255240531468, 43.634166549113], [-79.4256348733059, 43.6341357462564], [-79.425747994227, 43.6340998139349], [-79.4258615047364, 43.6340683744217], [-79.4259753992185, 43.6340369427849], [-79.4260893061884, 43.6340055031025], [-79.4262039814065, 43.6339740720845], [-79.4263186567428, 43.6339426319487], [-79.4264337115761, 43.6339156934815], [-79.4265252779976, 43.633890764442], [-79.4265491674427, 43.6338842620594], [-79.4266646051273, 43.6338573232276], [-79.4267804391677, 43.6338303933363], [-79.4268966634839, 43.633798954132], [-79.4270128757553, 43.6337765248694], [-79.4271294783019, 43.6337495862922], [-79.4272464774375, 43.6337226476509], [-79.4273634638448, 43.6336957177182], [-79.4274804569786, 43.6336732789151], [-79.4275982183422, 43.6336508505612], [-79.4277159732687, 43.6336239119319], [-79.4278195160527, 43.6336041744015], [-79.4278337471049, 43.6336014736021], [-79.4279515029122, 43.6335835269602], [-79.4280703988705, 43.6335655904759], [-79.4281893195692, 43.6335476533076], [-79.428308624474, 43.6335297167968], [-79.428427923818, 43.6335162712421], [-79.4285472286201, 43.6334983335801], [-79.4286669118944, 43.6334848975565], [-79.4287869794155, 43.6334714612874], [-79.4289066625901, 43.633458025011], [-79.4289431664509, 43.6334525653101], [-79.4287627990661, 43.6330423682872], [-79.4287098122491, 43.6329218516065], [-79.4286525994399, 43.632791736238], [-79.4283159922796, 43.6315220418105], [-79.4281703461782, 43.6309561498875], [-79.4280595367735, 43.6306301396237], [-79.4278189933382, 43.629919292345], [-79.4277787230326, 43.6298020501585], [-79.4294846031407, 43.6300321830371], [-79.4304208720357, 43.6302042514627], [-79.4317235286738, 43.6304415838114], [-79.433164539873, 43.6307617785671], [-79.4332039893504, 43.6307694432913], [-79.4334881893051, 43.6308339417507], [-79.4335211804574, 43.6308323050247], [-79.4335643994215, 43.630838117859], [-79.4335951261035, 43.6308439143325], [-79.4336269637322, 43.6308538525241], [-79.433658796718, 43.6308687419036], [-79.4336530783285, 43.6308959940592], [-79.4338299848114, 43.6309609426024], [-79.43447464613, 43.6311895085279], [-79.4348613721621, 43.6313245166584], [-79.4350834818048, 43.631408166671], [-79.4351357395403, 43.6314328875695], [-79.4351932089615, 43.6314632811437], [-79.4352585270385, 43.6315012950224], [-79.4353577960161, 43.631556403914], [-79.4355197856932, 43.6316438274211], [-79.4356687082888, 43.6317255443336], [-79.4358454768423, 43.6318200234503], [-79.4358899288491, 43.6318564233168], [-79.4359356455143, 43.6318564483969], [-79.4359729610228, 43.6318085008139], [-79.4363538177932, 43.631946453391], [-79.4363385457645, 43.6319735029392], [-79.4363724153087, 43.6319858172896], [-79.436360551223, 43.6320005735822], [-79.4363808547584, 43.6320091898966], [-79.4366483255746, 43.6320818991041], [-79.4368040774328, 43.6321299531256], [-79.4369458293702, 43.6321746514899], [-79.437056243636, 43.632262917025], [-79.437079942654, 43.6322715355296], [-79.4371358216513, 43.6322838706085], [-79.4371849051061, 43.6322998844828], [-79.4372898473399, 43.6323479102463], [-79.437528514121, 43.6324501345934], [-79.4375995928877, 43.6324809228001], [-79.4376148189225, 43.6324969175318], [-79.4377299242523, 43.6325449485646], [-79.4378331719899, 43.6325782193402], [-79.4380261675821, 43.6326373648678], [-79.4382061375618, 43.6326982751204], [-79.4384757240213, 43.6328160060846], [-79.4386195050199, 43.6328911732713], [-79.4386913989032, 43.6329129770106], [-79.4388786104948, 43.6330077624613], [-79.4390119027528, 43.6330753081229], [-79.4390553474484, 43.6330807681092], [-79.4391781769627, 43.6331145707252], [-79.4392680627287, 43.6331523073505], [-79.4393583480991, 43.6332246100338], [-79.4393610851404, 43.6332385989926], [-79.4393237744064, 43.6334303449463], [-79.4392914530937, 43.6335538453277], [-79.4392899595762, 43.6335596774847], [-79.4393091970361, 43.6335696698263], [-79.4392940550943, 43.6335786542621], [-79.4393957715694, 43.6336346430288], [-79.439412279084, 43.6336226618111], [-79.4397490267555, 43.6337936232136], [-79.4397214874549, 43.6338325755007], [-79.4397792152891, 43.6338575670342], [-79.439806752947, 43.6338316118779], [-79.439918183082, 43.6338665690531], [-79.4399339095117, 43.6338661363384], [-79.4399641565025, 43.6338831290364], [-79.4400094964804, 43.6339151166854], [-79.4400697899237, 43.6341518667998], [-79.4400449926948, 43.6341878051585], [-79.440009208267, 43.6342177526971], [-79.4400093981344, 43.6342261775604], [-79.4399985672348, 43.6342370010077], [-79.4400604261998, 43.6342835519602], [-79.4402054889241, 43.634395254555], [-79.4403206783478, 43.6344774882285], [-79.4404700082438, 43.6345736917364], [-79.4405382693896, 43.63461248737], [-79.4407281785512, 43.6347071544161], [-79.4408860841325, 43.6347677080869], [-79.4409693029139, 43.634795655192], [-79.4410055713918, 43.6348158280021], [-79.4410397042289, 43.6348391050356], [-79.44114426226, 43.634882572325], [-79.4412765973974, 43.6349089966613], [-79.4414409340984, 43.6349338799885], [-79.4416244910022, 43.6349479260158], [-79.4417948521847, 43.6349470767275], [-79.4419094554383, 43.6349581436886], [-79.4420076367407, 43.6349566359899], [-79.4421805700623, 43.634935021223], [-79.4424495515219, 43.6349010328191], [-79.4425306767246, 43.6348762655904], [-79.4426822865711, 43.6348220813082], [-79.4427826467917, 43.6347849200779], [-79.4428274641281, 43.6347818373011], [-79.4428360183214, 43.6347647833643], [-79.4429278454621, 43.6347338201979], [-79.4429726782756, 43.6347276402246], [-79.4430260413607, 43.6347307721508], [-79.4430366943307, 43.6347493834259], [-79.4432281211528, 43.6347236539018], [-79.4436005228748, 43.6348889056941], [-79.443921497228, 43.6350224906919], [-79.4439206680332, 43.6350879037215], [-79.4439164966514, 43.6351624417433], [-79.4442223834716, 43.6352917074788], [-79.4447642620065, 43.6355226941028], [-79.4453469015166, 43.6357727536921], [-79.4457401958769, 43.6359401690146], [-79.4459907406843, 43.6360418952135], [-79.4460202061966, 43.636035158444], [-79.4461595459462, 43.6360507875215], [-79.4463619702682, 43.6361209941185], [-79.4463949959996, 43.636137886926], [-79.4464300326456, 43.6361527559648], [-79.4464767541694, 43.6361549019102], [-79.4465234667529, 43.6361676426321], [-79.446526366111, 43.636197340066], [-79.4465876588697, 43.6362313040025], [-79.4466548069409, 43.6362610310063], [-79.4467073362131, 43.636297115047], [-79.4467511236813, 43.6363247066099], [-79.4468387057692, 43.6363565669192], [-79.4469000209787, 43.6363671991256], [-79.4469613517409, 43.6363587485946], [-79.4470022435914, 43.6363524036426], [-79.4470402128941, 43.6363587847276], [-79.4471102786249, 43.6363821493186], [-79.4471920175426, 43.6364076335203], [-79.4473175531444, 43.636450115118], [-79.447495653326, 43.6365032239421], [-79.4476445556204, 43.6365414675041], [-79.447726311518, 43.6365478686386], [-79.4478343606952, 43.6365457939562], [-79.4479453555294, 43.6365352405615], [-79.4480446425943, 43.6365204420979], [-79.4481936149663, 43.6364908143196], [-79.4483046138067, 43.6364611696103], [-79.4483805414095, 43.6364421027827], [-79.4484769424687, 43.6364103355841], [-79.4485792014093, 43.6363679574625], [-79.4487398666566, 43.6362874318425], [-79.4489429527015, 43.6361956991699], [-79.4490327550008, 43.6361827862034], [-79.4491129109285, 43.6361761431576], [-79.4491838611334, 43.6361799907692], [-79.4492403450376, 43.6361876496965], [-79.4492889507287, 43.6362048458063], [-79.4493296702522, 43.63622586421], [-79.4493598667459, 43.6362487765152], [-79.4494255157142, 43.6363089355259], [-79.4495213784976, 43.6363853179803], [-79.4496080476912, 43.6364435776953], [-79.4497248834918, 43.636502209624], [-79.4497582749779, 43.6365286433772], [-79.4498142184555, 43.6365458604592], [-79.4498830822297, 43.6365552707742], [-79.4499971448903, 43.6365521969366], [-79.4500961472245, 43.6365506736157], [-79.4501757714258, 43.6365569648546], [-79.4502532487927, 43.6365663774005], [-79.4502919859191, 43.6365585812339], [-79.4503113599866, 43.6365554575578], [-79.4503414901839, 43.6365539131459], [-79.4503630155131, 43.6365570457438], [-79.4503888351703, 43.6365679943438], [-79.4503974282573, 43.6365773767918], [-79.4504254174041, 43.6365726996757], [-79.4504404788917, 43.6365680165524], [-79.4504533901624, 43.6365727115743], [-79.4504684496142, 43.6365852304166], [-79.4504899579842, 43.6365946186871], [-79.450517943146, 43.636594630738], [-79.4505717497884, 43.6365883983723], [-79.4506234157342, 43.6365774747291], [-79.4507417979592, 43.6365493971837], [-79.4509236822228, 43.636511236864], [-79.4509882582283, 43.6365049548831], [-79.4510463743007, 43.6365018474373], [-79.4510894136203, 43.6365081212138], [-79.4512572662237, 43.6365316415644], [-79.4515240995944, 43.6365677072501], [-79.4517565327074, 43.6365959347982], [-79.4518856437263, 43.6366194372233], [-79.4519803293244, 43.6366226006659], [-79.4521202333204, 43.6366336048017], [-79.452288083789, 43.6366633705319], [-79.4524387043946, 43.6366946953948], [-79.4525957877639, 43.6367353933075], [-79.4527635647113, 43.6368114699285], [-79.4529423362166, 43.6369648821677], [-79.4530683696573, 43.6370276383232], [-79.4533122579889, 43.6371031695032], [-79.453390763216, 43.637131276974], [-79.4534919642846, 43.6371728687428], [-79.4536591502838, 43.6372464590705], [-79.453755969587, 43.6372816579599], [-79.4538351730616, 43.6373040678848], [-79.4539099829361, 43.6373040975925], [-79.4540464070679, 43.6373297259902], [-79.4541652195804, 43.6373553555241], [-79.4542576147966, 43.6373905517753], [-79.4543676398674, 43.6374001910343], [-79.4544644616854, 43.6374162164023], [-79.4548913599003, 43.6374451718197], [-79.4552346273439, 43.6374868838564], [-79.4554503256527, 43.6374102494038], [-79.4557768894367, 43.6373455661034], [-79.455947848494, 43.6372976726978], [-79.4561396376423, 43.6372551881506], [-79.4562834889405, 43.6372268708515], [-79.4563776173307, 43.6372127211834], [-79.4564592844521, 43.6372076033531], [-79.4565480769859, 43.6372037666075], [-79.4566191056378, 43.637203792998], [-79.4567256383471, 43.6372102872759], [-79.4568722583693, 43.6372267885397], [-79.4569414227058, 43.6372351857178], [-79.4569970916105, 43.6372395991994], [-79.4570612529151, 43.6372422607897], [-79.4571484069419, 43.6372414114692], [-79.457292462032, 43.6372397013464], [-79.4574207758399, 43.6372397495414], [-79.4575660499218, 43.637231000051], [-79.4576798479822, 43.6372178548876], [-79.4578206434332, 43.6371974016602], [-79.457902613284, 43.6371845146948], [-79.4579813020466, 43.6371660820038], [-79.4580757516315, 43.6371353320317], [-79.4581738276405, 43.6370940512917], [-79.4583106630905, 43.6370299128172], [-79.4584489235801, 43.6369472678227], [-79.4585397998425, 43.6368849474259], [-79.4586678363897, 43.6368008677051], [-79.4587034931858, 43.6367826429161], [-79.4587310385851, 43.6367732379224], [-79.4587520978622, 43.6367691135947], [-79.4587780244376, 43.6367714819015], [-79.4588007007242, 43.636777961684], [-79.4588207853982, 43.6367860164168], [-79.4589243885018, 43.6368164060745], [-79.4589924150267, 43.6368389966641], [-79.4590367919121, 43.6368465289242], [-79.4591033663684, 43.636835814158], [-79.4591803044594, 43.6368208001368], [-79.4592897766577, 43.6368047182932], [-79.4593681898301, 43.6367907756888], [-79.4594317981476, 43.6367843534364], [-79.4594909659017, 43.6367854453969], [-79.4595797170629, 43.6367854765234], [-79.4596435446328, 43.6367861927191], [-79.459698920526, 43.6367860053314], [-79.4597422168543, 43.6367772166454], [-79.4597716559593, 43.6367721957218], [-79.459821007771, 43.6367728427906], [-79.4599702630433, 43.6367771707703], [-79.4600246578638, 43.6367789904858], [-79.4600961332298, 43.6367766031787], [-79.4601925501214, 43.6367693818068], [-79.4602939675627, 43.6367513059584], [-79.4603704348464, 43.6367356338083], [-79.4604785027495, 43.6367067049141], [-79.4605633063388, 43.6366777587899], [-79.460664725656, 43.6366379444582], [-79.4607511789284, 43.6366077922772], [-79.4608226869997, 43.6365752228947], [-79.4608908635183, 43.6365390250396], [-79.4609424120592, 43.6365149007916], [-79.4609972861216, 43.6364859438739], [-79.4610604655454, 43.6364533720378], [-79.4611572743277, 43.6364115395318], [-79.4611945757481, 43.6363978605795], [-79.4612596354946, 43.6363702481009], [-79.4613295991088, 43.6363479941131], [-79.4613615162444, 43.6363435490769], [-79.4614007703898, 43.6363382150734], [-79.4614253236098, 43.6363364413931], [-79.4614498602092, 43.6363409054041], [-79.4614694999458, 43.6363480406841], [-79.4614768451065, 43.6363533906514], [-79.461485452664, 43.6363631956473], [-79.4614866698224, 43.6363792363203], [-79.4614903409797, 43.6363935047402], [-79.4615050594695, 43.6364024213729], [-79.4615430881519, 43.6364140189154], [-79.4615749981527, 43.6364193762985], [-79.4616068999538, 43.6364184965423], [-79.4616326685524, 43.6364158315811], [-79.4616596798202, 43.6364069292128], [-79.4616903511943, 43.6363917895604], [-79.461745599124, 43.6363579274728], [-79.461831525433, 43.6363169545634], [-79.4618622240025, 43.6362991419646], [-79.4619236147997, 43.6362510318115], [-79.4619714947492, 43.6362064827402], [-79.4620316680518, 43.636145005121], [-79.4621048493811, 43.6360710916057], [-79.4621435938654, 43.6360269705737], [-79.4622027415515, 43.6359590295485], [-79.4622684471758, 43.6358887060484], [-79.4623325120441, 43.6358243309393], [-79.4624376247336, 43.6357611671084], [-79.4624967196741, 43.6357361532443], [-79.4625722683193, 43.6357015950243], [-79.4626165989236, 43.6356825357726], [-79.4626477980654, 43.6356741919214], [-79.462677344881, 43.6356742021903], [-79.4627183879186, 43.6356801746172], [-79.4627479290394, 43.6356885278309], [-79.4628250732217, 43.6357171687649], [-79.4629153412932, 43.635749395937], [-79.4630075195709, 43.635777986829], [-79.463041804919, 43.6357894119797], [-79.4630881163879, 43.6357942341899], [-79.4631520932662, 43.6357926526294], [-79.4632094266354, 43.6357910681402], [-79.4632910564189, 43.6357814807714], [-79.4634123907442, 43.6357590797385], [-79.4635028457605, 43.6357478929199], [-79.4635557817115, 43.6357431031663], [-79.4635910794461, 43.635741512178], [-79.4637057832297, 43.6357383441282], [-79.4638425432021, 43.6357223554955], [-79.4639153474923, 43.6357143679082], [-79.4639440320292, 43.6357047716745], [-79.4639793263449, 43.6356871589305], [-79.4640234617953, 43.6356631389464], [-79.4640874533972, 43.6356359120713], [-79.4641646561162, 43.6356086979196], [-79.4643299974526, 43.6355479632844], [-79.4643737673057, 43.6355343936136], [-79.4644077573518, 43.635520767259], [-79.4644542839303, 43.6354986925691], [-79.4644927509418, 43.6354805217299], [-79.4645213777416, 43.6354636439982], [-79.4645364400066, 43.6354569781597], [-79.4645750426114, 43.6354415616152], [-79.4646063466202, 43.6354233890481], [-79.4646403397402, 43.6354052075776], [-79.464688539074, 43.6353817470486], [-79.4647965383094, 43.6353361072448], [-79.4648612242947, 43.6353055848191], [-79.4649194410137, 43.6352762495216], [-79.4649485584271, 43.6352692105621], [-79.4649922108364, 43.6352645250533], [-79.4650132343829, 43.6352563131061], [-79.4650390976802, 43.6352375352155], [-79.465082786266, 43.6351929105292], [-79.4651410219537, 43.6351295135085], [-79.4652251562449, 43.6350308933209], [-79.4652704515797, 43.6349909766828], [-79.4653124965564, 43.6349792518034], [-79.4653399931904, 43.6349651634128], [-79.4653788104296, 43.6349428524668], [-79.4654257046245, 43.6349240804535], [-79.4654871565256, 43.6348935664692], [-79.4655437629946, 43.6348606922959], [-79.4656133072683, 43.6348078752086], [-79.4656618390011, 43.6347667890333], [-79.4656760321598, 43.6347606993323], [-79.465734175685, 43.6347059976621], [-79.4657729470073, 43.6346752970027], [-79.4658093739189, 43.6346497169085], [-79.4658610568841, 43.6346232863265], [-79.4658916026536, 43.6346079385632], [-79.4659327190599, 43.6345925949162], [-79.4659738380625, 43.6345755405424], [-79.4660502020177, 43.6345380358642], [-79.4661488742951, 43.6344988100454], [-79.4661993914665, 43.6344723879742], [-79.4662475502785, 43.6344536343934], [-79.4662874754006, 43.6344416925234], [-79.4663168413621, 43.6344306110827], [-79.4663438617342, 43.6344246511088], [-79.4663650049502, 43.6344238021305], [-79.4663837920969, 43.6344272200098], [-79.4664013990061, 43.6344323463017], [-79.4664131448569, 43.6344391731226], [-79.4664307655064, 43.6344425897481], [-79.4664836037976, 43.6344545500375], [-79.46654467013, 43.6344682053911], [-79.4666190232348, 43.6344805497242], [-79.4666395813443, 43.6344848674039], [-79.466659360141, 43.6344869254427], [-79.4666894877498, 43.6344883020585], [-79.4667130352641, 43.6344883091311], [-79.4667431646239, 43.6344848884622], [-79.4667723652287, 43.6344814769353], [-79.4668006237446, 43.6344773801694], [-79.466828869773, 43.6344746518264], [-79.4668646628589, 43.6344726099707], [-79.4668929091564, 43.6344691883128], [-79.4669428346989, 43.6344589506449], [-79.4670040516816, 43.6344473292387], [-79.467069980697, 43.6344302452876], [-79.467124606209, 43.6344158954558], [-79.4671660551473, 43.6344042771482], [-79.4672131473748, 43.634385820391], [-79.4672348163416, 43.6343748713903], [-79.4672451716987, 43.6343625695351], [-79.4672451796723, 43.634348211974], [-79.4672480133578, 43.6343324696873], [-79.4672498921685, 43.6343187882], [-79.4672555518496, 43.6343030640036], [-79.4672593246132, 43.6342941718955], [-79.4672819395553, 43.6342757073853], [-79.4673128453201, 43.6342596851718], [-79.4674239443377, 43.6342236664226], [-79.4674362411707, 43.634219403182], [-79.4675038959328, 43.6341959106124], [-79.467611658649, 43.6341656517789], [-79.4676655405165, 43.634151768925], [-79.4676777092551, 43.6341530323546], [-79.4677020324048, 43.6341618788772], [-79.4677280932031, 43.634166935526], [-79.4677541682746, 43.6341669429555], [-79.4677906582059, 43.6341593745347], [-79.4678358394471, 43.6341429772108], [-79.4679088527622, 43.6341101786419], [-79.4679853391448, 43.6340723222522], [-79.4680496502759, 43.6340433110487], [-79.4680965875408, 43.6340130251843], [-79.4681522159611, 43.6339739121833], [-79.4682061118712, 43.6339310176937], [-79.4682600081847, 43.6338881042755], [-79.4683111158472, 43.6338436516032], [-79.4683495417173, 43.6338067120108], [-79.4683930031816, 43.6337625449013], [-79.4684225674516, 43.6337246932833], [-79.4684503862568, 43.6336855721233], [-79.4684712603443, 43.6336540193415], [-79.4684851804165, 43.6336249845116], [-79.468507811564, 43.6335505128135], [-79.4685217279081, 43.6335050781663], [-79.4685425895086, 43.6334747938571], [-79.4685947611847, 43.6334091699587], [-79.4686312852243, 43.6333574311329], [-79.4686991054204, 43.6332766534457], [-79.4687286722965, 43.6332324828199], [-79.4687704044261, 43.6331756949897], [-79.4688273016431, 43.6331269410333], [-79.4688590591708, 43.6331128269369], [-79.4689007034721, 43.6330835566015], [-79.468989174375, 43.6330155663472], [-79.4690451139837, 43.6329711681612], [-79.4691323046921, 43.6328880637509], [-79.4692402986454, 43.6327860712291], [-79.4692897395586, 43.6327520772641], [-79.4693352694024, 43.6327313144012], [-79.4693742928316, 43.6327105319139], [-79.4694315434472, 43.6326708691544], [-79.4694835865927, 43.6326359303252], [-79.4695572538312, 43.6326028522223], [-79.4695911795389, 43.6325893044888], [-79.4696219341937, 43.6325751722476], [-79.469644486237, 43.6325550776088], [-79.469676258625, 43.6325379651722], [-79.4697172446474, 43.6325312792928], [-79.4697408204256, 43.632523841666], [-79.4697654264868, 43.6325097062962], [-79.469810524064, 43.632485154002], [-79.469892510362, 43.6324449839136], [-79.4699529880388, 43.6324196974561], [-79.4700021774977, 43.6323921655387], [-79.4700349817968, 43.632366133112], [-79.4700636779518, 43.6323505055536], [-79.4701169800162, 43.6323267022439], [-79.4701846222734, 43.6322954663248], [-79.470236898004, 43.6322656949192], [-79.4702707139906, 43.6322485916611], [-79.4702768642692, 43.6322426611516], [-79.4703004290168, 43.6322285171306], [-79.4703165179204, 43.6322228601003], [-79.4703496484348, 43.632213669306], [-79.4704008237282, 43.6322023492663], [-79.470438838241, 43.6321917462643], [-79.4704671137119, 43.6321775950215], [-79.4704948932347, 43.6321620298196], [-79.4705238029744, 43.632141198928], [-79.4705526062467, 43.6321371733488], [-79.4705707881016, 43.6321334513238], [-79.4705889835069, 43.6321268491184], [-79.4706071819752, 43.6321152875838], [-79.4706259482639, 43.6321090990893], [-79.4706498364385, 43.6320938302302], [-79.4706782598068, 43.6320789759057], [-79.4706885004078, 43.6320707149634], [-79.4706987465397, 43.6320508966434], [-79.4707112594925, 43.6320331489455], [-79.4707311589576, 43.6320158089159], [-79.4707527675779, 43.6319976489835], [-79.470770397996, 43.6319815508426], [-79.4707893793253, 43.6319660011058], [-79.4708000507329, 43.6319629429888], [-79.4708166953383, 43.6319601025506], [-79.4708333274209, 43.6319586845641], [-79.4708509497134, 43.6319601115611], [-79.4708675763423, 43.6319672184224], [-79.4708812799676, 43.6319743239907], [-79.4708949674763, 43.631986415721], [-79.470905730137, 43.632000631964], [-79.4709184526549, 43.6320120129759], [-79.4712317874952, 43.6317078360063], [-79.4713329218602, 43.6317919439085], [-79.4720262353203, 43.6323751627125], [-79.4724327268002, 43.632634194928], [-79.4728010429935, 43.6328278944644], [-79.4730603663307, 43.632935063042], [-79.4731632094241, 43.6329775741581], [-79.4732600308695, 43.6330175718798], [-79.4733288107269, 43.6330483008657], [-79.4733709872608, 43.6330673484154], [-79.4734763943225, 43.6331149546083], [-79.4735502433292, 43.6331432354671], [-79.4736287407795, 43.6331732918071], [-79.4738217539335, 43.6332472192222], [-79.4739094578746, 43.6332805352772], [-79.4740113921795, 43.6332179359775], [-79.4739643255443, 43.6333013772769], [-79.4740487031827, 43.633344018305], [-79.4742480775835, 43.633444761709], [-79.4742167003405, 43.6334672578401], [-79.4741361223485, 43.6335212483572], [-79.4740547779773, 43.6335707374227], [-79.4739730218075, 43.6336247364038], [-79.4738909085822, 43.6336742249898], [-79.4738080142254, 43.6337237138902], [-79.4737243498146, 43.6337777115203], [-79.473640674204, 43.6338271997692], [-79.4735566017609, 43.6338766880587], [-79.4734713796699, 43.6339216850755], [-79.4733857697872, 43.6339711725119], [-79.4733001610038, 43.6340206598983], [-79.4732133765627, 43.6340656556598], [-79.4731266146134, 43.6341151428168], [-79.4730390613211, 43.6341601380777], [-79.4729511238216, 43.634205124536], [-79.472862801681, 43.6342501192926], [-79.4727740928895, 43.6342996062776], [-79.4726846076405, 43.6343400995942], [-79.4725947369777, 43.6343850851536], [-79.4725044828702, 43.6344255788578], [-79.4724138421172, 43.6344705638859], [-79.4723372467288, 43.6345082615145], [-79.4723224088414, 43.634515558057], [-79.4722375840505, 43.6345529736443], [-79.4722306060212, 43.6345560506511], [-79.4721388020451, 43.634596535052], [-79.4720462179722, 43.6346370278579], [-79.4719532608722, 43.6346775110991], [-79.4719224567814, 43.634693327937], [-79.4718598955661, 43.6347180032125], [-79.468877726418, 43.6360371395664], [-79.4688597143171, 43.6360451098448], [-79.4659972309387, 43.6372670152254], [-79.4659829001568, 43.6372731319284], [-79.4658701675378, 43.6373136049737], [-79.4657566614601, 43.6373630786535], [-79.4656431720852, 43.6374035593228], [-79.4655292830811, 43.6374485319745], [-79.4654150108229, 43.6374935047684], [-79.4652999573743, 43.6375384768619], [-79.465184906543, 43.6375789568156], [-79.465069458059, 43.6376194187069], [-79.4649536506632, 43.6376598990707], [-79.464837829734, 43.6377003692305], [-79.4647212286143, 43.6377408486006], [-79.4646042432424, 43.6377813190875], [-79.4644872577389, 43.637821788552], [-79.464369878414, 43.6378577578453], [-79.4642521237245, 43.6378982365417], [-79.4641339755052, 43.6379342042639], [-79.4640154427961, 43.6379701729989], [-79.4638969066291, 43.6380106507295], [-79.4637779924267, 43.6380421184303], [-79.4636586875581, 43.6380825864808], [-79.4635389796727, 43.6381140531673], [-79.4634192809329, 43.6381500200124], [-79.4632988144032, 43.6381859962169], [-79.4631783374964, 43.6382174620888], [-79.4630574761367, 43.6382489280655], [-79.4629366270472, 43.6382803940791], [-79.4628153809042, 43.6383118681301], [-79.4626941204869, 43.6383478348181], [-79.4625721180715, 43.638379299338], [-79.4624500939442, 43.6384062632741], [-79.4623277099366, 43.6384332366439], [-79.462204902563, 43.6384647007454], [-79.4620824937767, 43.6384916645146], [-79.4619600816485, 43.6385231282684], [-79.4618411551079, 43.6385500927201], [-79.4617218575348, 43.6385770664601], [-79.461602546455, 43.6386040308895], [-79.4614828522014, 43.6386309945379], [-79.4613631566046, 43.6386579580425], [-79.46124306749, 43.6386804204644], [-79.4611230009939, 43.6387073841256], [-79.4610021430317, 43.6387298467462], [-79.4608816672388, 43.6387568091438], [-79.4607608212578, 43.6387792806739], [-79.4606395799552, 43.6388017422495], [-79.4605183373263, 43.6388242036783], [-79.460396711286, 43.6388466742196], [-79.4602750751178, 43.6388646353301], [-79.4601530772244, 43.6388870961], [-79.4600310565978, 43.6389050562725], [-79.4599090459152, 43.638927525613], [-79.4597866532001, 43.6389454859124], [-79.4596638637105, 43.6389634452351], [-79.4595414594954, 43.6389814132201], [-79.4594186698437, 43.638999373177], [-79.4592954846566, 43.6390173321717], [-79.4592401404446, 43.6390233786404], [-79.4591723140215, 43.6390307901689], [-79.4590491532838, 43.6390487573308], [-79.4589251043008, 43.6390600999023], [-79.457885179701, 43.6391833827275], [-79.4577647134628, 43.6391923395202], [-79.4576434885941, 43.6392057969129], [-79.4575226501326, 43.6392147619329], [-79.4574014161255, 43.639223727789], [-79.4572801811, 43.6392326835983], [-79.4571589620312, 43.6392371393343], [-79.4570377279589, 43.639246103903], [-79.4569165088524, 43.6392505593812], [-79.4567948804011, 43.6392550227093], [-79.4566736452406, 43.6392639778728], [-79.4565520208535, 43.6392639228294], [-79.45643040131, 43.639272877946], [-79.4563087893059, 43.6392728228109], [-79.4561871610134, 43.6392772764901], [-79.4560655205207, 43.6392817217713], [-79.4559439082795, 43.6392816752484], [-79.4558222950334, 43.6392816195786], [-79.4557006704295, 43.6392815717292], [-79.4555786493074, 43.6392815156911], [-79.4554574201784, 43.639281468425], [-79.4553354114575, 43.6392814122945], [-79.4552137893707, 43.6392768638011], [-79.4550921809387, 43.6392723153628], [-79.4549705799006, 43.6392722679551], [-79.4548489715036, 43.6392677192584], [-79.4547277338316, 43.6392631700423], [-79.4546061118457, 43.6392586209033], [-79.4544845034916, 43.6392540727196], [-79.4543632944999, 43.6392450224446], [-79.4542420569017, 43.6392404736145], [-79.4541204512518, 43.6392314231194], [-79.4539996142903, 43.6392223729886], [-79.4538783891695, 43.6392178239415], [-79.4537945847856, 43.6392115606635], [-79.4537571679432, 43.6392087737583], [-79.4536165742414, 43.6391997152417], [-79.4534674659042, 43.6391906529837], [-79.4533179647707, 43.639177090458], [-79.4530197369849, 43.6391589738215], [-79.4519786951807, 43.6390640452465], [-79.4516820565332, 43.639027923495], [-79.4515341171309, 43.6390143590837], [-79.4513861692252, 43.6389963023096], [-79.4512386100156, 43.6389737360454], [-79.4512272954334, 43.6389723536835], [-79.4507959580277, 43.6389195378362], [-79.4506487825499, 43.638896962506], [-79.45050200083, 43.6388788960859], [-79.4503548418829, 43.6388518276448], [-79.4502080727417, 43.638833761918], [-79.4500616663794, 43.6388111854563], [-79.4499493621592, 43.6387976340503], [-79.4498366641919, 43.6387795815357], [-79.4497243476708, 43.6387660306421], [-79.4496124311021, 43.6387479695973], [-79.4495005102056, 43.6387344175478], [-79.4493885947765, 43.6387163653032], [-79.4492770461189, 43.6387028054796], [-79.4491655057116, 43.6386802525431], [-79.4489432215525, 43.6386441385659], [-79.448832078112, 43.6386215852889], [-79.4487217115427, 43.6386035336041], [-79.4486109639823, 43.6385809710791], [-79.4485005975825, 43.6385629182826], [-79.4482810128399, 43.6385178123313], [-79.4481710506775, 43.6384907589833], [-79.4479526308138, 43.6384456439071], [-79.4478438219284, 43.6384185896986], [-79.4477350088228, 43.6383960363892], [-79.4474108988425, 43.6383148754899], [-79.4471959959132, 43.6382607686079], [-79.4470891248388, 43.6382292137377], [-79.4469849688949, 43.6381976605467], [-79.4468985724789, 43.638180256956], [-79.4467664279622, 43.6384462134374], [-79.4466830862197, 43.6384505497462], [-79.446634886477, 43.63846365084], [-79.4466007435141, 43.6384745713383], [-79.4465056265141, 43.6384795317116], [-79.4462226739433, 43.6387239125704], [-79.4438285320564, 43.6391900677693], [-79.442499265531, 43.6394457752121], [-79.442225163076, 43.6394992494896], [-79.4411845671926, 43.6396969919261], [-79.4409673309671, 43.6397484223517], [-79.4398665241787, 43.639959750273], [-79.4391181949071, 43.6401118821731], [-79.4379261589404, 43.6403414064451], [-79.4372804445943, 43.6404595838827], [-79.4366721930804, 43.6405920641133], [-79.4359766276497, 43.6407286684692], [-79.4354169945127, 43.6408506919941], [-79.434520243245, 43.6410345390472], [-79.4341805093614, 43.6411004225688], [-79.4331560345881, 43.6413088309783], [-79.4323726677749, 43.6414831776347], [-79.4315924483366, 43.6416340708915], [-79.4301251436815, 43.6419339558524], [-79.4297278408927, 43.642008018524], [-79.4286474458813, 43.6422170001895], [-79.4282133292183, 43.6423199473923], [-79.4280529157966, 43.6422355399351], [-79.427901438504, 43.6421528839815], [-79.4274898586075, 43.6419434677191], [-79.4271969507013, 43.6418148590591], [-79.42695200293, 43.6417138062585], [-79.4267020071288, 43.641616421865], [-79.4264141122256, 43.6415171771327], [-79.4260226591924, 43.641397682842], [-79.4256286639162, 43.6412910403889], [-79.4254442816932, 43.6412505668133], [-79.4253681874858, 43.6412332618712], [-79.4252713758494, 43.6412106949617], [-79.4250774172032, 43.6411565775739], [-79.4248818661846, 43.6411069506716], [-79.4243893333087, 43.6409941449736], [-79.423991270153, 43.6409128957526], [-79.4235897145473, 43.6408406441035], [-79.4234825716969, 43.640824000913], [-79.4231854288525, 43.6407818907588], [-79.4230839709327, 43.6407683203295], [-79.4229821358967, 43.640750257957], [-79.4228802764025, 43.6407411882637], [-79.4227784228955, 43.6407276265105], [-79.4226765944594, 43.6407140560086], [-79.4225743381324, 43.6407049940716], [-79.4224720944677, 43.6406959232141], [-79.4223694848723, 43.6406823605643], [-79.4222672425215, 43.6406732895416], [-79.4221646143872, 43.6406642275076], [-79.4220619865221, 43.6406551563813], [-79.4219589753759, 43.6406460933765], [-79.4218563413197, 43.6406415230356], [-79.4217533178396, 43.640632459675], [-79.4216502870924, 43.6406278890733], [-79.4215472697842, 43.6406233266679], [-79.4214626821755, 43.6406195688591]]]]}"
104,Little Portugal,84,17175,82,80,110,93,87,88,84,107,113,571.0306,531.8795,698.6788,580.2708,530.4231,526.8199,497.7188,630.7847,657.933,11,14,12,18,12,11,28,7,25,76.60167,93.07892,76.21951,112.3105,73.16181,65.85249,165.9063,41.26628,41.26628,39,40,41,81,56,64,74,42,19,271.5877,265.9398,260.4167,505.3972,341.4218,383.1418,438.4666,247.5977,247.5977,41,39,40,40,56,58,54,40,32,285.5153,259.2913,254.065,249.5788,341.4218,347.2222,319.9621,235.8073,186.3173,1,2,1,,1,,,,,6.963788301,13,6,,6.096817,,,,,11,7,9,13,12,10,9,10,14,76.60167,57.16463,81.11312,73.16181,59.8659,53.32701,58.95184,81.51382,46.53946,,1,,,1,1,,1,,,6.648494,,,6.096817,5.98659,,5.895184,,25,32,31,44,31,41,43,26,25,174.0947,212.7518,196.9004,274.5367,189.0013,245.4502,254.7846,153.2748,145.5604,5,1,4,2,11,9,6,7,4,34.81894,6.648494,25.4065,12.47894,67.06499,53.87931,35.55134,41.26628,23.28967,"{'type': 'MultiPolygon', 'coordinates': [[[[-79.4262811066316, 43.6532830663144], [-79.4260691549024, 43.6527357729614], [-79.4258935650683, 43.6522701627306], [-79.4258845801975, 43.6522479776326], [-79.4256681184679, 43.6517140029266], [-79.4255626811253, 43.6514648037212], [-79.4250728222445, 43.6502487506467], [-79.4249565112578, 43.6499553377034], [-79.4248988877692, 43.6498099733429], [-79.4247547626836, 43.6494464659451], [-79.424118001409, 43.6478294089457], [-79.423819476307, 43.64708668772], [-79.4236363805844, 43.6466143360466], [-79.4234759093381, 43.6462003542163], [-79.4231492491442, 43.6453714690516], [-79.4225499876844, 43.6438472134034], [-79.4224135413678, 43.6435001364119], [-79.4222371362146, 43.643027300156], [-79.4216869693892, 43.6415584853009], [-79.4216586459464, 43.641482763833], [-79.4214196732962, 43.6408289649504], [-79.4214004358629, 43.6406199759531], [-79.4214442527301, 43.6406187551691], [-79.4214626821755, 43.6406195688591], [-79.4215472697842, 43.6406233266679], [-79.4216502870924, 43.6406278890733], [-79.4217533178396, 43.640632459675], [-79.4218563413197, 43.6406415230356], [-79.4219589753759, 43.6406460933765], [-79.4220619865221, 43.6406551563813], [-79.4221646143872, 43.6406642275076], [-79.4222672425215, 43.6406732895416], [-79.4223694848723, 43.6406823605643], [-79.4224720944677, 43.6406959232141], [-79.4225743381324, 43.6407049940716], [-79.4226765944594, 43.6407140560086], [-79.4227784228955, 43.6407276265105], [-79.4228802764025, 43.6407411882637], [-79.4229821358967, 43.640750257957], [-79.4230839709327, 43.6407683203295], [-79.4231854288525, 43.6407818907588], [-79.4234825716969, 43.640824000913], [-79.4235897145473, 43.6408406441035], [-79.423991270153, 43.6409128957526], [-79.4243893333087, 43.6409941449736], [-79.4248818661846, 43.6411069506716], [-79.4250774172032, 43.6411565775739], [-79.4252713758494, 43.6412106949617], [-79.4253681874858, 43.6412332618712], [-79.4254442816932, 43.6412505668133], [-79.4256286639162, 43.6412910403889], [-79.4260226591924, 43.641397682842], [-79.4264141122256, 43.6415171771327], [-79.4267020071288, 43.641616421865], [-79.42695200293, 43.6417138062585], [-79.4271969507013, 43.6418148590591], [-79.4274898586075, 43.6419434677191], [-79.427901438504, 43.6421528839815], [-79.4280529157966, 43.6422355399351], [-79.4282133292183, 43.6423199473923], [-79.4283682429144, 43.6423601904442], [-79.4285157383161, 43.6424367854174], [-79.4286636057975, 43.6425133898173], [-79.4287548383602, 43.6425605235552], [-79.4288118694015, 43.642589985065], [-79.4289609031005, 43.6426665889048], [-79.429109954268, 43.6427386836316], [-79.4292597698025, 43.6428152879228], [-79.4294095846924, 43.6428918839047], [-79.4295601877674, 43.6429639876647], [-79.429656950965, 43.6430101882392], [-79.4297111733194, 43.6430360820746], [-79.4298629291448, 43.643108177863], [-79.4300146851257, 43.6431802815551], [-79.4301672215569, 43.6432523768572], [-79.4303197593615, 43.643324480978], [-79.4304722841353, 43.6433965757119], [-79.4309449287436, 43.6436180978749], [-79.4336618362942, 43.6448913846937], [-79.434435302412, 43.645252785645], [-79.4355873558262, 43.6457711998077], [-79.4358258566506, 43.6458793417558], [-79.4360485029527, 43.6459760869967], [-79.4360643623326, 43.6459829813181], [-79.4363020785505, 43.6460956224912], [-79.436539420395, 43.6461992613435], [-79.4367763460855, 43.6463119006181], [-79.4369333988087, 43.6463836830853], [-79.4370129281344, 43.64642003905], [-79.4372491031332, 43.6465281759273], [-79.4374845063839, 43.6466408127217], [-79.4376205812974, 43.6467060389174], [-79.4377195013272, 43.6467534497513], [-79.4379537570577, 43.6468615841445], [-79.438187997196, 43.6469742279001], [-79.4384218540666, 43.6470868623362], [-79.4386549306773, 43.6471994955373], [-79.4388876361761, 43.6473121285952], [-79.439117920416, 43.6474292336644], [-79.4392229216011, 43.6474833243094], [-79.4393251387724, 43.6475328865923], [-79.4394269668109, 43.647586948124], [-79.4395284108551, 43.6476410016206], [-79.4396294456942, 43.6476950629458], [-79.4397301211173, 43.647749124677], [-79.4398299922545, 43.6478031762401], [-79.4399295025236, 43.6478572362956], [-79.4400286125098, 43.647915797255], [-79.4401269539325, 43.6479743575426], [-79.4402253006594, 43.6480284086619], [-79.440322476914, 43.6480869681853], [-79.4404196422026, 43.6481455274761], [-79.440516050286, 43.6482040781524], [-79.4406120628001, 43.6482626368556], [-79.4407076787137, 43.6483211954692], [-79.4408025386797, 43.6483797445895], [-79.4408969845838, 43.64844280254], [-79.4409906791405, 43.6485013599156], [-79.4410843578845, 43.6485644180503], [-79.4411629591619, 43.6486179712255], [-79.4411768826813, 43.6486274657708], [-79.4412694134816, 43.6486860223504], [-79.4413607740851, 43.6487490792542], [-79.4414521349034, 43.648812135187], [-79.4415427147255, 43.6488751912012], [-79.4416329227595, 43.6489382465756], [-79.441722351033, 43.6490013020512], [-79.441810981145, 43.6490688575303], [-79.4418996400197, 43.6491319032768], [-79.4419871221248, 43.6491949572225], [-79.4420746120644, 43.6492625113586], [-79.4421609254516, 43.6493300655969], [-79.4422472425471, 43.6493931187686], [-79.4423327986939, 43.6494606724591], [-79.4424171783031, 43.649528225357], [-79.4425015581244, 43.6495957772947], [-79.4425851693321, 43.6496633295002], [-79.4426683965579, 43.6497308728101], [-79.4427508390824, 43.6498029253262], [-79.4428317241373, 43.6498704762195], [-79.442923078808, 43.6499425320868], [-79.4430136492677, 43.6500190800487], [-79.4431038648269, 43.6500911355583], [-79.4431932872339, 43.6501631819927], [-79.4432823096141, 43.650239729361], [-79.4433705756185, 43.650316284365], [-79.4434576674966, 43.6503883294614], [-79.4435447561619, 43.6504648754979], [-79.4436310884436, 43.6505414291746], [-79.44371662757, 43.6506179737856], [-79.4438017701091, 43.6506945183341], [-79.443886157473, 43.6507710714444], [-79.4439701484781, 43.6508476154937], [-79.4440491587581, 43.6509206458779], [-79.4430269817199, 43.6506954583473], [-79.442153050585, 43.6504826775087], [-79.4420618210848, 43.6504604602362], [-79.4414495579774, 43.6503290974555], [-79.4410235646832, 43.6502898396413], [-79.4397344741764, 43.6501769930913], [-79.4383238593187, 43.6500963261656], [-79.4370156039438, 43.6499925655256], [-79.4369637293371, 43.649989098185], [-79.4356059166426, 43.6498984988319], [-79.4358549779813, 43.6505118833597], [-79.4360975521128, 43.6511338429724], [-79.4361263157996, 43.6512004863646], [-79.4363606884195, 43.6518219810764], [-79.4345877872885, 43.6521560112275], [-79.4331229517541, 43.6524615158677], [-79.4325654277408, 43.6525777743433], [-79.4316841008379, 43.6527519940193], [-79.4310837662078, 43.6528573816191], [-79.4308163286754, 43.6529075559433], [-79.4307235939822, 43.6529222978633], [-79.430592033491, 43.6529349281667], [-79.4304863243742, 43.652934611887], [-79.4303852693563, 43.6529296720009], [-79.4303092352301, 43.6529215335501], [-79.4301582645689, 43.6528882623136], [-79.4300371530935, 43.6528710399266], [-79.4298798880476, 43.6528774610677], [-79.4296804016698, 43.6529244154591], [-79.4294542599039, 43.6529727031364], [-79.4281895673204, 43.6532360336282], [-79.4272446045811, 43.6534337452363], [-79.4264072966003, 43.6536089341696], [-79.4262811066316, 43.6532830663144]]]]}"
105,Dufferin Grove,83,12621,94,91,95,85,118,91,86,89,86,775.9617,750.1443,780.0312,690.72,945.2856,722.7385,682.3231,708.035,681.404,12,7,8,11,17,6,18,20,10,99.05894,57.7034,65.68684,89.38729,136.1852,47.65308,142.8118,159.109,159.109,26,40,45,45,30,45,37,28,37,214.6277,329.7337,369.4885,365.6753,240.3268,357.3981,293.5576,222.7526,222.7526,28,34,27,25,46,44,56,29,27,231.1375,280.2737,221.6931,203.1529,368.5012,349.456,444.3034,230.708,213.9292,,,1,,,,1,,,,,8,,,,7.933989,,,33,34,21,13,26,32,20,4,20,272.4121,172.4279,105.6395,208.2833,254.1498,158.6798,31.8218,158.466,280.2737,,,1,2,2,,3,2,2,,,8.210855,16.25224,16.02179,,23.80197,15.9109,15.84661,54,30,38,34,48,45,47,24,54,445.7652,247.3003,312.0125,276.288,384.5229,357.3981,372.8975,190.9308,427.8583,8,5,3,3,9,8,4,3,6,66.03929,41.21672,24.63256,24.37835,72.09805,63.53745,31.73596,23.86635,47.53981,"{'type': 'MultiPolygon', 'coordinates': [[[[-79.4294542599039, 43.6529727031364], [-79.4296804016698, 43.6529244154591], [-79.4298798880476, 43.6528774610677], [-79.4300371530935, 43.6528710399266], [-79.4301582645689, 43.6528882623136], [-79.4303092352301, 43.6529215335501], [-79.4303852693563, 43.6529296720009], [-79.4304863243742, 43.652934611887], [-79.430592033491, 43.6529349281667], [-79.4307235939822, 43.6529222978633], [-79.4308163286754, 43.6529075559433], [-79.4310837662078, 43.6528573816191], [-79.4316841008379, 43.6527519940193], [-79.4325654277408, 43.6525777743433], [-79.4331229517541, 43.6524615158677], [-79.4345877872885, 43.6521560112275], [-79.4363606884195, 43.6518219810764], [-79.4361263157996, 43.6512004863646], [-79.4360975521128, 43.6511338429724], [-79.4358549779813, 43.6505118833597], [-79.4356059166426, 43.6498984988319], [-79.4369637293371, 43.649989098185], [-79.4370156039438, 43.6499925655256], [-79.4383238593187, 43.6500963261656], [-79.4397344741764, 43.6501769930913], [-79.4410235646832, 43.6502898396413], [-79.4414495579774, 43.6503290974555], [-79.4420618210848, 43.6504604602362], [-79.442153050585, 43.6504826775087], [-79.4430269817199, 43.6506954583473], [-79.4440491587581, 43.6509206458779], [-79.4440529738858, 43.6509241670218], [-79.4464275918413, 43.6533643401783], [-79.4475459981849, 43.6545084547196], [-79.4477922524731, 43.6547603530122], [-79.4498738287957, 43.6568839658766], [-79.4496546365353, 43.6569257528071], [-79.4489375379894, 43.6570624540281], [-79.448799602022, 43.6570875413756], [-79.4480944590176, 43.6572431357676], [-79.4477753892103, 43.6573105186502], [-79.4469920403875, 43.6574737759889], [-79.4469374544528, 43.6574851552612], [-79.4452537086861, 43.6578360262044], [-79.4452218766929, 43.6578426900256], [-79.4440001422879, 43.6580982494363], [-79.4427372796813, 43.6583469974529], [-79.4417380292328, 43.6585700949505], [-79.4415820157724, 43.6586030143771], [-79.440750764966, 43.6587903723362], [-79.440392229928, 43.6588670940836], [-79.4397467167337, 43.6589989491829], [-79.4391783189305, 43.6591067365855], [-79.4386741349914, 43.6592211168073], [-79.4376111380846, 43.6594350173529], [-79.4364447683801, 43.6596586612993], [-79.4353691004116, 43.6598923454119], [-79.4341164166683, 43.6601538570866], [-79.433838693605, 43.660194689184], [-79.4330379676926, 43.6603741418424], [-79.4329201267922, 43.6604005452595], [-79.4324384186236, 43.6604970623579], [-79.4316756453968, 43.6606697859837], [-79.4311353485784, 43.6607995039283], [-79.4304241311677, 43.660953717119], [-79.4302399898471, 43.6609922385063], [-79.4294412537159, 43.6611593444024], [-79.4292844582671, 43.660768670144], [-79.4285643246923, 43.6589741004433], [-79.4274404711401, 43.6561802281884], [-79.4264072966003, 43.6536089341696], [-79.4272446045811, 43.6534337452363], [-79.4281895673204, 43.6532360336282], [-79.4294542599039, 43.6529727031364]]]]}"
106,Trinity-Bellwoods,81,17578,120,112,137,128,123,114,103,127,136,701.6313,660.3384,811.7075,750.1172,710.7772,651.6147,587.2627,726.0877,773.6944,13,16,23,23,20,23,15,19,30,76.01006,94.33406,136.2721,134.7867,115.5735,131.4661,85.52369,108.6273,108.6273,38,42,69,60,66,59,80,39,31,222.1832,247.6269,408.8162,351.6174,381.3927,337.2392,456.1263,222.9718,222.9718,68,56,46,69,63,110,86,49,69,397.5911,330.1692,272.5441,404.36,364.0566,628.7511,490.3358,280.1441,392.5361,,,1,,,,1,,,,,6,,,,5.70158,,,26,15,17,20,15,22,21,19,30,152.0201,100.7228,117.2058,86.68015,125.7502,119.7332,108.6273,170.6679,88.43818,,3,2,1,1,,2,2,1,,17.68764,11.84974,5.860291,5.778677,,11.40316,11.43445,5.68893,97,66,63,67,66,57,30,28,97,567.152,389.128,373.267,392.6395,381.3927,325.8074,171.0474,160.0823,551.8262,9,6,2,6,8,3,8,8,10,52.62235,35.37527,11.84974,35.16174,46.22941,17.14776,45.61264,45.73781,56.88929,"{'type': 'MultiPolygon', 'coordinates': [[[[-79.4075421027444, 43.6560351314466], [-79.4068389034247, 43.6542957326323], [-79.4060256048221, 43.6523202682597], [-79.4056559735835, 43.6513959832797], [-79.405607926646, 43.6512761437652], [-79.4055028910597, 43.65101356907], [-79.4054575276265, 43.6508976836192], [-79.4052512450864, 43.6503707264794], [-79.4050132960982, 43.6497628375714], [-79.4047057808611, 43.6489772215909], [-79.4046528428949, 43.6488399790589], [-79.4046054929803, 43.6487201398048], [-79.4045926272961, 43.6486880485932], [-79.4043434822029, 43.6480665212123], [-79.4043307645049, 43.648034798493], [-79.4041928692373, 43.647684827442], [-79.4040137438791, 43.6471968746489], [-79.4052088306913, 43.6469766271288], [-79.4065790887717, 43.6466915116632], [-79.4073251472813, 43.6465510857788], [-79.4077140034298, 43.6464778946787], [-79.4085860562799, 43.6462977403077], [-79.409579724029, 43.6460892842345], [-79.4099499714378, 43.6460054945701], [-79.4107935813918, 43.645855554362], [-79.411263198495, 43.6457572196649], [-79.4114919542768, 43.6457093302025], [-79.4132006355707, 43.6453747808649], [-79.4139801834405, 43.6452139845952], [-79.4150791235316, 43.6449818691881], [-79.4163067143799, 43.6447341925712], [-79.4174849721936, 43.6444886090529], [-79.4188652422551, 43.6442128774299], [-79.4194227772347, 43.6441052007405], [-79.4200119412236, 43.6439896497848], [-79.4212003577327, 43.6437351067773], [-79.4218056564627, 43.6436262810672], [-79.4224135413678, 43.6435001364119], [-79.4225499876844, 43.6438472134034], [-79.4231492491442, 43.6453714690516], [-79.4234759093381, 43.6462003542163], [-79.4236363805844, 43.6466143360466], [-79.423819476307, 43.64708668772], [-79.424118001409, 43.6478294089457], [-79.4247547626836, 43.6494464659451], [-79.4248988877692, 43.6498099733429], [-79.4249097621409, 43.6498374068288], [-79.4249565112578, 43.6499553377034], [-79.4250728222445, 43.6502487506467], [-79.4255626811253, 43.6514648037212], [-79.4256681184679, 43.6517140029266], [-79.4258845801975, 43.6522479776326], [-79.4258935650683, 43.6522701627306], [-79.4260691549024, 43.6527357729614], [-79.4262811066316, 43.6532830663144], [-79.4264072966003, 43.6536089341696], [-79.4251898173498, 43.6538773203684], [-79.4239629104805, 43.654131042076], [-79.4227083179831, 43.6544088374637], [-79.4214922343831, 43.6546648807062], [-79.4202771349428, 43.6549195073676], [-79.4197178873733, 43.6550479884166], [-79.4190353332563, 43.6551657220275], [-79.418876282752, 43.6551952505082], [-79.4187705598886, 43.6552104774108], [-79.4185910367883, 43.6552431509191], [-79.4183322845769, 43.6552545148398], [-79.4182527566559, 43.6552615059728], [-79.4181879808873, 43.6552604248584], [-79.4180950161402, 43.6552668121228], [-79.4180258297424, 43.655263117263], [-79.4179099254065, 43.6552543025077], [-79.4170832097267, 43.6551794901642], [-79.4167364539321, 43.655123879733], [-79.4156122766637, 43.6549604906717], [-79.415558587886, 43.6549478044902], [-79.4154383115485, 43.6549363641077], [-79.4152973621783, 43.6549463057059], [-79.4151822591251, 43.6549588313101], [-79.4150608944595, 43.6549799479098], [-79.4138816219298, 43.6552217063832], [-79.4126198093168, 43.6554710949333], [-79.4114114797968, 43.6557229768196], [-79.410165393288, 43.6559797040871], [-79.4089632058747, 43.6562385676554], [-79.4083577353481, 43.6563619069781], [-79.4077261813609, 43.6564905413244], [-79.4075421027444, 43.6560351314466]]]]}"
107,Don Valley Village,47,29079,112,137,135,128,123,149,99,120,117,404.1862,495.2822,487.9812,456.7188,432.2463,517.433,342.4776,415.5844,402.3522,50,28,28,29,26,21,36,34,69,180.4403,101.2256,101.2109,103.4753,91.36913,72.9268,124.5373,117.7489,117.7489,7,7,2,4,9,4,6,17,4,25.26164,25.30639,7.229351,14.27246,31.62778,13.89082,20.75622,58.87446,58.87446,80,47,66,32,58,34,30,31,31,288.7044,169.9143,238.5686,114.1797,203.8234,118.072,103.7811,107.3593,106.6061,2,,,,,,2,,,7.217610971,,,,,,6.918739,,,46,33,25,19,36,34,23,18,29,166.0051,90.36689,67.79419,126.5111,118.072,79.56551,62.33766,99.72832,119.3015,1,2,1,,2,3,,2,2,3.608805,7.230397,3.614676,,7.028395,10.41811,,6.926407,6.877816,77,102,54,36,50,69,55,63,77,277.878,368.7502,195.1925,128.4521,175.7099,239.6166,190.2653,218.1818,264.7959,8,6,8,10,11,14,6,11,11,28.87044,21.69119,28.9174,35.68115,38.65617,48.61786,20.75622,38.09524,37.82799,"{'type': 'MultiPolygon', 'coordinates': [[[[-79.3431015114166, 43.7934261756605], [-79.3422490328205, 43.7896466932119], [-79.3421561496626, 43.7892751602127], [-79.3419397099278, 43.7883247631506], [-79.3415679133076, 43.7865947687935], [-79.3408498133707, 43.7832524993376], [-79.3408008671758, 43.7830635782054], [-79.3407657264653, 43.7829202667239], [-79.3407542595872, 43.7828735079222], [-79.3407084366614, 43.7826832500279], [-79.3406635699135, 43.7824928934494], [-79.340619461942, 43.7823024758378], [-79.340576236301, 43.7821118432244], [-79.3405337445963, 43.7819212383555], [-79.3404922475234, 43.7817304912468], [-79.340451533598, 43.7815396096323], [-79.3404116763436, 43.7813487206322], [-79.3403725283866, 43.781157670845], [-79.3403343012343, 43.7809665857937], [-79.3402934800666, 43.7807599433821], [-79.3402534184123, 43.7805533020779], [-79.3402142015386, 43.7803464992533], [-79.3401758681596, 43.7801396624235], [-79.3401384031389, 43.7799327544545], [-79.3401017965302, 43.7797257752025], [-79.3400659610771, 43.7795186891868], [-79.3400311077656, 43.7793115057758], [-79.3399969870574, 43.7791042609613], [-79.3399637615149, 43.7788970075263], [-79.3399313940667, 43.7786896927117], [-79.339899746807, 43.778482225378], [-79.3398200371154, 43.7778132650005], [-79.3397149554546, 43.7771287862146], [-79.3396316526572, 43.7760442815174], [-79.3399164865947, 43.776067742066], [-79.3405160245483, 43.776169203476], [-79.3410164138298, 43.7762165992254], [-79.3410367319892, 43.7762185175905], [-79.3411727971762, 43.7762226854214], [-79.3412454626334, 43.7762249108121], [-79.3414279098742, 43.7762304926638], [-79.3416547863254, 43.776224344371], [-79.3418975095461, 43.7762012051129], [-79.3426170074944, 43.7760832023531], [-79.3430512720007, 43.7759933653504], [-79.3437258917278, 43.7758433043954], [-79.3447568194792, 43.7756025959121], [-79.3470442021648, 43.7751157548555], [-79.3484448819934, 43.7748089079586], [-79.3516791400088, 43.7741020045883], [-79.3533266758653, 43.7737382157188], [-79.353921059639, 43.773609378021], [-79.3553678304917, 43.7732862667875], [-79.3571880525589, 43.7728938366066], [-79.357561465131, 43.7728149840164], [-79.3586688492782, 43.772581149673], [-79.3588068332212, 43.7725482584873], [-79.3596144851204, 43.7723614710989], [-79.3606890609855, 43.772110924142], [-79.3610848864988, 43.7720318899548], [-79.3613560608461, 43.7719899763832], [-79.3615609157258, 43.7719591167724], [-79.3617805327511, 43.771920200336], [-79.3622530473696, 43.7718625964456], [-79.3629472961485, 43.7717786129049], [-79.3629848207289, 43.7717740760198], [-79.3636448587831, 43.7716954208053], [-79.3639263873914, 43.7716709131165], [-79.364139311048, 43.7716523635325], [-79.3641186098288, 43.7718580243078], [-79.3641173525076, 43.7718705529756], [-79.3641427036409, 43.7723263658175], [-79.3641735319295, 43.7726071853371], [-79.3642859413164, 43.7731600078338], [-79.36433066129, 43.7733848024894], [-79.364454296685, 43.7740061109761], [-79.3645962729696, 43.7748520739103], [-79.3646307291632, 43.77496910201], [-79.3647281533735, 43.7754665410051], [-79.3647832744168, 43.7757358310989], [-79.3649541910366, 43.776570782725], [-79.3650558900491, 43.7770589105359], [-79.3650769786197, 43.7771551125069], [-79.365148298896, 43.7774805795357], [-79.3652132011091, 43.777776839413], [-79.3653236410171, 43.7782967507628], [-79.3655311772354, 43.7792286330864], [-79.3655436781073, 43.779282825091], [-79.3658125657814, 43.7804487017601], [-79.3658849644498, 43.7807676072895], [-79.3660400625346, 43.7814506163563], [-79.3660711103364, 43.781616625688], [-79.3661544244768, 43.7819893436964], [-79.3661969873453, 43.7821734403881], [-79.3664112706945, 43.7830559570518], [-79.3665644453673, 43.7837483960497], [-79.3666674875168, 43.784169086337], [-79.3667075185412, 43.784342441197], [-79.3667721485427, 43.7846222903636], [-79.3668415666032, 43.7849228479782], [-79.3669212155752, 43.7852997283817], [-79.3669410851747, 43.7853937056617], [-79.3669594413934, 43.7854805069758], [-79.366994160369, 43.7856186524837], [-79.3672924742658, 43.7868362328061], [-79.3673234613675, 43.786971133053], [-79.3675111094566, 43.7877880158054], [-79.3675572317654, 43.7880011167373], [-79.3676377942286, 43.7883734977688], [-79.3676591336773, 43.7884720850572], [-79.3678982418122, 43.7893409267954], [-79.3680703025389, 43.7900207026897], [-79.3678825091463, 43.7900302609009], [-79.3676942889185, 43.7900304308675], [-79.3674886404297, 43.790028518369], [-79.3672908879542, 43.7900296211159], [-79.3670572152719, 43.7900471803222], [-79.3668141288281, 43.7900620465495], [-79.3665925660865, 43.7900924910967], [-79.3662653515462, 43.7901502022014], [-79.3658784469312, 43.7902344848365], [-79.3655865204753, 43.7902974832206], [-79.3653403011963, 43.7903514432039], [-79.3643074448166, 43.7905780409694], [-79.3635202954542, 43.7907507178382], [-79.3630792379306, 43.7908434864564], [-79.3605543037956, 43.7913945798724], [-79.3580780472076, 43.7919707735464], [-79.354740195761, 43.7926691009597], [-79.353640618578, 43.7928757407946], [-79.3528438328875, 43.7930409868303], [-79.3524623308261, 43.7931264110564], [-79.3522927687962, 43.7931703610321], [-79.3520177845541, 43.7932343270874], [-79.3514690889192, 43.7933691543795], [-79.3508190358357, 43.7935374746956], [-79.3505935757649, 43.7935975422303], [-79.3504445578085, 43.7936393019033], [-79.3484960070455, 43.7941054606001], [-79.3480501343126, 43.7942064550669], [-79.3474568812837, 43.7943530042778], [-79.3474037908028, 43.7943647884384], [-79.3456696841065, 43.7947492297229], [-79.3444201577631, 43.7950295049994], [-79.3437636269573, 43.7951368119746], [-79.3437362681721, 43.7951400690857], [-79.3436616738287, 43.7951534683762], [-79.3435866954073, 43.7951623674173], [-79.343511751845, 43.7951667650791], [-79.3434598395341, 43.7951743183519], [-79.3431015114166, 43.7934261756605]]]]}"
108,Pleasant View,46,16612,32,42,52,44,39,44,40,26,32,193.9511,256.6923,319.5674,268.4073,235.3083,263.7415,239.9232,156.8344,192.6318,11,6,7,17,13,24,28,14,26,66.67071,36.67033,43.01868,103.7028,78.4361,143.859,167.9463,84.44927,84.44927,1,,2,2,1,3,6,8,2,6.060973,,12.29105,12.20033,6.033546,17.98238,35.98848,48.25673,48.25673,18,18,32,11,33,12,19,17,15,109.0975,110.011,196.6568,67.10181,199.107,71.92951,113.9635,102.5455,90.29617,,,,,,,,,,,,,,,,,,,6,16,13,5,9,14,10,8,9,36.36584,79.89184,30.50082,54.30192,83.91776,59.9808,48.25673,54.1777,97.78756,,1,1,,1,,,,,,6.111722,6.145526,,6.033546,,,,,33,46,13,26,29,46,47,73,33,200.0121,281.1392,79.89184,158.6043,174.9729,275.7298,281.9098,440.3426,198.6516,2,5,3,5,5,4,6,6,4,12.12195,30.55861,18.43658,30.50082,30.16773,23.9765,35.98848,36.19254,24.07898,"{'type': 'MultiPolygon', 'coordinates': [[[[-79.326062312067, 43.7746999068526], [-79.3267023513025, 43.774675171099], [-79.3277253139075, 43.7747114084736], [-79.3288022956311, 43.7748287550696], [-79.3292081028387, 43.7748729544858], [-79.3312399424375, 43.7751082021324], [-79.3317976861767, 43.7751855074131], [-79.3338366973596, 43.7754135187789], [-79.3346116973344, 43.7754786502257], [-79.3347130403705, 43.7754867900028], [-79.3350920522232, 43.7755257637147], [-79.3358672260834, 43.7756054688648], [-79.337755549686, 43.7758413131966], [-79.3395495327705, 43.7760375140011], [-79.3396316526572, 43.7760442815174], [-79.3397149554546, 43.7771287862146], [-79.3398200371154, 43.7778132650005], [-79.339899746807, 43.778482225378], [-79.3399313940667, 43.7786896927117], [-79.3399637615149, 43.7788970075263], [-79.3399969870574, 43.7791042609613], [-79.3400311077656, 43.7793115057758], [-79.3400659610771, 43.7795186891868], [-79.3401017965302, 43.7797257752025], [-79.3401384031389, 43.7799327544545], [-79.3401758681596, 43.7801396624235], [-79.3402142015386, 43.7803464992533], [-79.3402534184123, 43.7805533020779], [-79.3402934800666, 43.7807599433821], [-79.3403343012343, 43.7809665857937], [-79.3403725283866, 43.781157670845], [-79.3404116763436, 43.7813487206322], [-79.340451533598, 43.7815396096323], [-79.3404922475234, 43.7817304912468], [-79.3405337445963, 43.7819212383555], [-79.340576236301, 43.7821118432244], [-79.340619461942, 43.7823024758378], [-79.3406635699135, 43.7824928934494], [-79.3407084366614, 43.7826832500279], [-79.3407542595872, 43.7828735079222], [-79.3407657264653, 43.7829202667239], [-79.3408008671758, 43.7830635782054], [-79.3408498133707, 43.7832524993376], [-79.3415679133076, 43.7865947687935], [-79.3419397099278, 43.7883247631506], [-79.3421561496626, 43.7892751602127], [-79.3422490328205, 43.7896466932119], [-79.3431015114166, 43.7934261756605], [-79.3434598395341, 43.7951743183519], [-79.343593613925, 43.7958589565572], [-79.3443498113613, 43.7992188586888], [-79.3444053902182, 43.7994948547534], [-79.3443318098385, 43.7995132968039], [-79.3441032593877, 43.799570556928], [-79.3432857372594, 43.7997753936804], [-79.3355388144609, 43.8023378667176], [-79.3353873008188, 43.8020136894821], [-79.335123352055, 43.8013832394366], [-79.3348615836178, 43.8008068163561], [-79.3346980558126, 43.8004391266237], [-79.3342046057348, 43.799329725955], [-79.3336364361406, 43.7980597774832], [-79.3334101980205, 43.7975734050296], [-79.3329485894007, 43.7965376555311], [-79.332696828171, 43.795974995649], [-79.3322917055795, 43.795069562777], [-79.3318317142894, 43.7940247824145], [-79.3314156576597, 43.7931150727723], [-79.3307911098316, 43.7917729802087], [-79.3295897362037, 43.7892599681765], [-79.3290085126205, 43.7880079320423], [-79.3280011666232, 43.7858731397499], [-79.3279368230527, 43.7857381252578], [-79.3272284216297, 43.7842518305161], [-79.3270612135692, 43.7838827110535], [-79.3269591413382, 43.7836573561249], [-79.3264107092192, 43.7825010917407], [-79.3262883982999, 43.7822432029313], [-79.3253985336676, 43.7803606245223], [-79.3250458921363, 43.7795950320097], [-79.3242347623949, 43.7778836480141], [-79.3241738167142, 43.7777516964212], [-79.3230203344156, 43.7752532279587], [-79.3244342877849, 43.7749404041026], [-79.3253152209215, 43.7747707671466], [-79.326062312067, 43.7746999068526]]]]}"
109,Flemingdon Park,44,23195,131,150,159,127,148,153,132,148,143,578.2643,663.5994,703.2598,556.6513,641.7762,658.5744,567.6443,640.0276,616.5122,8,7,5,12,8,9,18,17,21,35.31385,30.96797,22.11509,52.59698,34.6906,38.73967,77.40604,73.51669,73.51669,13,10,4,5,2,7,4,5,4,57.38501,44.23996,17.69207,21.91541,8.67265,30.13085,17.20134,21.62256,21.62256,50,20,14,12,14,16,12,10,22,220.7116,88.47991,61.92225,52.59698,60.70856,68.87052,51.60403,43.24511,94.84803,1,,,,,,,1,,4.414231482,,,,,,,4.324512,,27,20,25,20,16,13,5,4,13,119.1842,110.5754,87.66163,69.3812,55.9573,21.50168,17.29805,56.04656,88.47991,6,5,8,5,6,9,14,8,1,26.48539,22.11998,35.38414,21.91541,26.01795,38.73967,60.2047,34.59609,4.311274,112,16,47,16,25,17,29,35,112,494.3939,70.78394,207.8818,70.1293,108.4081,73.17493,124.7097,151.3579,482.8627,9,3,3,4,1,3,3,2,1,39.72808,13.27199,13.26905,17.53233,4.336325,12.91322,12.90101,8.649023,4.311274,"{'type': 'MultiPolygon', 'coordinates': [[[[-79.3260820765473, 43.7204036900145], [-79.3256420679469, 43.7203400192319], [-79.32526053086, 43.7204339504508], [-79.3248459485908, 43.7205638423535], [-79.324665336893, 43.7206254220655], [-79.3244531381813, 43.7206622542552], [-79.3242312634184, 43.7206247647508], [-79.3240442373509, 43.7205626203782], [-79.3236395907925, 43.7203504669428], [-79.3232753491369, 43.7201068713153], [-79.3232552218012, 43.7200933377291], [-79.3228572776834, 43.7198406872382], [-79.322571565613, 43.7195761655385], [-79.322487849597, 43.7194770214412], [-79.3224565671695, 43.7194084189261], [-79.3224778880978, 43.7192992766134], [-79.3225551413357, 43.7192206894403], [-79.3231333907706, 43.719010857317], [-79.3234539892893, 43.7188694481757], [-79.3236103143488, 43.7187297646466], [-79.323762947076, 43.718536869332], [-79.3239375323856, 43.7181365642197], [-79.3238728198629, 43.7177269083017], [-79.3236750559838, 43.7173305475795], [-79.3236168044393, 43.7171009258941], [-79.3235846233932, 43.7169703491646], [-79.3235714970802, 43.7169478254191], [-79.3233645765742, 43.7166324619507], [-79.3229463046375, 43.7164382882834], [-79.3228932168234, 43.7164247039752], [-79.3227757200284, 43.7163982920062], [-79.3224901416128, 43.7163340664542], [-79.32207801198, 43.7161623919853], [-79.3215835226239, 43.7160356039201], [-79.3211045066458, 43.7159313407175], [-79.3210217517794, 43.7159202747038], [-79.3208511637995, 43.7159200073886], [-79.3206779321091, 43.7159492783879], [-79.3205403978619, 43.715963842082], [-79.3203875699828, 43.7159839180281], [-79.3203366550819, 43.7159783022036], [-79.3202959923339, 43.7159560774177], [-79.3202122846669, 43.7158488130204], [-79.3200772256004, 43.7155669954558], [-79.3198382111478, 43.715599402007], [-79.3195052763959, 43.7156407686333], [-79.3195365931049, 43.7134218993324], [-79.3193438403849, 43.7133045697558], [-79.3192967975211, 43.7126969011974], [-79.3194456919993, 43.7125666183291], [-79.3199008799518, 43.7116672102373], [-79.320331928297, 43.7115913955], [-79.3219166671647, 43.7112428443731], [-79.3235315804681, 43.7108808246516], [-79.3271083192539, 43.7101032161235], [-79.3290195596575, 43.7096740931707], [-79.3293913072443, 43.7095801536712], [-79.3314657020559, 43.7091194043977], [-79.3338689752383, 43.708588058405], [-79.3363881369994, 43.7080389871537], [-79.3368711225467, 43.7079337140659], [-79.3375444387256, 43.707786953466], [-79.3379090254148, 43.7077074852569], [-79.337878603039, 43.707766166195], [-79.3378170029975, 43.7080991264662], [-79.3378265245033, 43.7084381363255], [-79.3378962837715, 43.7088346427035], [-79.3379141295065, 43.7088893049981], [-79.3380123508244, 43.7091904743974], [-79.3382617318552, 43.7095256739453], [-79.3383439525324, 43.7095947671626], [-79.3385963981025, 43.7098069151588], [-79.3390241873635, 43.709970873191], [-79.3392854898879, 43.7100691207511], [-79.3393910328544, 43.7101459865803], [-79.3394247047534, 43.7102780915434], [-79.3394349551903, 43.7104316138126], [-79.3394143866123, 43.7105966947859], [-79.3394461803769, 43.7107213983348], [-79.3395366729772, 43.7107749478895], [-79.3397614375183, 43.7108537716701], [-79.3399614055735, 43.7109947958446], [-79.3400557362513, 43.7110613211843], [-79.3400575038966, 43.7110637454716], [-79.3401964547713, 43.7112155932058], [-79.3402873190779, 43.7113772299816], [-79.3403127171953, 43.7115184946991], [-79.3402930022638, 43.7117043437428], [-79.3400089702807, 43.7119788809298], [-79.3397345187415, 43.7122381646089], [-79.3394972011698, 43.7124947188394], [-79.3394862617856, 43.7126693729625], [-79.3395312391022, 43.7128020788066], [-79.3398581489018, 43.7130179467371], [-79.3400423702644, 43.7130400324038], [-79.3402161871487, 43.7130128851945], [-79.3404556066338, 43.7128059294801], [-79.3407601485191, 43.7127017499144], [-79.341107376128, 43.712701441072], [-79.3414814079351, 43.7127906406195], [-79.3418289272467, 43.7129535050027], [-79.3421379244719, 43.7131416359283], [-79.3425006890135, 43.7132657051185], [-79.3428619360325, 43.7133629657762], [-79.3431020954785, 43.7135730437677], [-79.3432930599159, 43.7138230277332], [-79.3433513823292, 43.7139245428295], [-79.3434458509005, 43.7140889448341], [-79.3437848253887, 43.7142925853909], [-79.3441375113197, 43.714392611746], [-79.3444669289824, 43.7145550112988], [-79.3447292650223, 43.7147932711478], [-79.3448064021959, 43.7150491101304], [-79.3449480343774, 43.7152275997461], [-79.3452997277884, 43.7152240978926], [-79.3456502328566, 43.7151084643907], [-79.3457977913182, 43.7150821818756], [-79.3458468164999, 43.7150844888216], [-79.3459197672463, 43.7150971263682], [-79.3459946086485, 43.7151223046981], [-79.3460636544757, 43.715157223129], [-79.3461134991583, 43.7151935023078], [-79.3461729006186, 43.7152437378896], [-79.3462073855649, 43.7152786008279], [-79.3462571269307, 43.7153455381453], [-79.3462915726481, 43.7153957303383], [-79.3463202737066, 43.7154361666192], [-79.3463412833616, 43.7154849542489], [-79.346344993279, 43.7155337103208], [-79.3463427419216, 43.7156082921246], [-79.3463501725458, 43.715696973508], [-79.3463582366441, 43.7157708843406], [-79.346374522079, 43.7158667789377], [-79.3463908994497, 43.7159167303394], [-79.3464320770327, 43.7159647266366], [-79.3464760536555, 43.7160007280595], [-79.3465448002085, 43.7160367799444], [-79.3466080525497, 43.7160668305028], [-79.3466823655149, 43.716080899966], [-79.34679525684, 43.7160870459417], [-79.3469108727815, 43.7160951850424], [-79.3471118354082, 43.7161174258608], [-79.3472962716588, 43.7161376463599], [-79.3474835118653, 43.7161438819116], [-79.3476156794129, 43.7161440590048], [-79.3477753916972, 43.7161462602913], [-79.3479735919615, 43.7161664986291], [-79.3482322823309, 43.7162004350941], [-79.3485651105617, 43.7163032922508], [-79.3489227436794, 43.7163190494561], [-79.349179564425, 43.7162473882651], [-79.3492796344131, 43.7162298862969], [-79.3495019611739, 43.7161751637263], [-79.3496212464411, 43.7161457964857], [-79.3498900304395, 43.71603892699], [-79.3500235090513, 43.715866449197], [-79.3503521969007, 43.715788460624], [-79.3507138033192, 43.715747482688], [-79.3510838445538, 43.7157072618856], [-79.3513562637465, 43.7157097500672], [-79.3514176662581, 43.7157103243899], [-79.3517682615661, 43.7157106539051], [-79.3520889104497, 43.7156703656885], [-79.3523243967107, 43.7157434722864], [-79.3524183283033, 43.7159507936791], [-79.3524931528233, 43.7161614473349], [-79.3526308695225, 43.7162417990225], [-79.3523756474065, 43.7163157482796], [-79.3517949106876, 43.716484004429], [-79.3511312139, 43.7166947073499], [-79.3504538813735, 43.7169324019004], [-79.3499830217651, 43.7171073363932], [-79.3488420564894, 43.7174284285492], [-79.3481323190674, 43.7176401792434], [-79.3477500900248, 43.7177383327561], [-79.3472615959869, 43.7178878858557], [-79.3450411047744, 43.7185715577971], [-79.3435394643732, 43.7190558947123], [-79.3430051685987, 43.7192282114491], [-79.3413104737446, 43.7197250978717], [-79.3396457912436, 43.7202852631332], [-79.3390688276994, 43.7204487975049], [-79.3388771021478, 43.7205094026246], [-79.3388722943647, 43.7205109174006], [-79.3381656229115, 43.7207280815975], [-79.3366723835629, 43.7211868757445], [-79.3355081587557, 43.7215445723503], [-79.3352152299062, 43.7216345863686], [-79.3351283156014, 43.7216613029407], [-79.3347160313868, 43.7217859591237], [-79.333452327531, 43.7221674522363], [-79.3320279791191, 43.7225974191672], [-79.3303611908857, 43.7231014936285], [-79.3300735870054, 43.723173076669], [-79.3284985428052, 43.7235757711249], [-79.3269117965497, 43.723987454513], [-79.3261987450869, 43.7241754165491], [-79.325302499785, 43.7244080916045], [-79.3236555167694, 43.724838846883], [-79.3226578151628, 43.7251196540965], [-79.3223441507141, 43.7252001872958], [-79.3223452656414, 43.7250876646659], [-79.3225275185532, 43.7248449137421], [-79.3226500339304, 43.7245975698005], [-79.3227672037406, 43.7243232133795], [-79.3229367654269, 43.7240354367136], [-79.3231068537363, 43.7237071451395], [-79.3232359341609, 43.7233779715471], [-79.3232648621316, 43.7230581120744], [-79.3232731810091, 43.7226138232758], [-79.3232877880427, 43.7224031179425], [-79.3233234301373, 43.722184820436], [-79.3233482448435, 43.7220858450111], [-79.3233658416514, 43.7220528648735], [-79.3233974467451, 43.7220173675254], [-79.3235025829315, 43.7219794366156], [-79.3236637305429, 43.7219416015986], [-79.3238283525895, 43.7219164631176], [-79.3240454967073, 43.721883789647], [-79.3243676714053, 43.7218487303037], [-79.3244937691368, 43.7218235310584], [-79.3246584453325, 43.7217755369947], [-79.3250403680847, 43.721659331835], [-79.3252015809402, 43.7215986395197], [-79.3254224886263, 43.7214745708553], [-79.325583758291, 43.7213935807214], [-79.3256958702002, 43.7213632735543], [-79.3258570072319, 43.7213279824471], [-79.326130176807, 43.7212852285325], [-79.3264033716661, 43.7212374061092], [-79.3265644737685, 43.7212097189789], [-79.3266380639418, 43.7211869771571], [-79.3266906701564, 43.7211540490724], [-79.3267222715844, 43.721118550742], [-79.3267364650338, 43.7210601818177], [-79.3267331791925, 43.7209814605176], [-79.3267264133397, 43.7209002050173], [-79.3267112005531, 43.7207826972771], [-79.3266116804665, 43.7206309120091], [-79.3264618751684, 43.7205032802562], [-79.3260820765473, 43.7204036900145]]]]}"
110,Victoria Village,43,18459,103,127,126,75,108,122,114,97,123,584.5962,720.8946,713.9619,420.0975,595.9279,666.339,620.2056,528.5527,666.3416,21,12,21,14,11,15,17,39,34,119.1895,68.11603,118.9937,78.41819,60.69635,81.92692,92.48681,212.5109,212.5109,3,3,1,1,3,1,1,3,5,17.02707,17.02901,5.666365,5.601299,16.55355,5.461795,5.440401,16.34699,16.34699,39,46,22,32,36,59,34,22,38,221.3519,261.1114,124.66,179.2416,198.6426,322.2459,184.9736,119.8779,205.8616,,,2,1,,1,,,,,,11,6,,5.461795,,,,7,15,12,15,13,13,11,9,10,39.72984,67.99638,84.01949,71.73206,71.00333,59.84441,49.04098,54.17411,85.14503,3,,7,3,1,7,7,3,3,17.02707,,39.66455,16.8039,5.51785,38.23256,38.0828,16.34699,16.25224,37,38,33,37,43,38,41,64,37,210.0006,215.7007,186.99,207.2481,237.2676,207.5482,223.0564,348.7358,200.4442,5,6,4,5,3,4,5,5,3,28.37845,34.05801,22.66546,28.0065,16.55355,21.84718,27.202,27.24499,16.25224,"{'type': 'MultiPolygon', 'coordinates': [[[[-79.3067636195807, 43.7346671627169], [-79.3062293347404, 43.733370053853], [-79.3058955175016, 43.7325596465972], [-79.3056134261962, 43.7318748117339], [-79.3051161016053, 43.7306677911564], [-79.3050027936756, 43.7303928437472], [-79.3045110464237, 43.7291995112943], [-79.3043900390112, 43.7289008231138], [-79.3042537997882, 43.728564546754], [-79.3042230520525, 43.7284886227436], [-79.3041388275156, 43.7282807392182], [-79.3039891562438, 43.7279113598265], [-79.3039532833384, 43.7278280189013], [-79.3034741517307, 43.7266953083528], [-79.3026482317967, 43.7247316233282], [-79.302103498409, 43.7233895777204], [-79.3016588464235, 43.7222817614726], [-79.3010267922854, 43.7208133878779], [-79.3005957720063, 43.719794424499], [-79.3005619200683, 43.7197143979453], [-79.3001826430632, 43.7187776234855], [-79.2997932106532, 43.717867833917], [-79.2992899267533, 43.716678812518], [-79.2991644841675, 43.7163815504928], [-79.3017855850509, 43.7158234841548], [-79.3037581417954, 43.7154217773518], [-79.3053418065762, 43.7151093874708], [-79.305334600764, 43.7151195548195], [-79.3052716812591, 43.7152082813228], [-79.3052046283263, 43.7153161911623], [-79.305153501581, 43.7154151182067], [-79.305058915866, 43.715639988344], [-79.3050194000692, 43.7157479445594], [-79.304991168259, 43.7158469103953], [-79.3049645489658, 43.7159233753909], [-79.3049425859684, 43.7159953481356], [-79.304923489188, 43.7161438369764], [-79.3049118226604, 43.7162743348368], [-79.3048903629356, 43.7164318203022], [-79.3048712225394, 43.716593819544], [-79.3048421082196, 43.7167197871686], [-79.3048152843349, 43.716859261112], [-79.3053902500504, 43.7167328099518], [-79.3063674778046, 43.7165178995987], [-79.3064679967445, 43.7164958003703], [-79.3090195111423, 43.7159345881865], [-79.3100658542624, 43.7157022543379], [-79.3111978950259, 43.7154610508788], [-79.3119922016937, 43.7172806314863], [-79.3133485833286, 43.7169947601114], [-79.3195052763959, 43.7156407686333], [-79.3198382111478, 43.715599402007], [-79.3200772256004, 43.7155669954558], [-79.3202122846669, 43.7158488130204], [-79.3202959923339, 43.7159560774177], [-79.3203366550819, 43.7159783022036], [-79.3203875699828, 43.7159839180281], [-79.3205403978619, 43.715963842082], [-79.3206779321091, 43.7159492783879], [-79.3208511637995, 43.7159200073886], [-79.3210217517794, 43.7159202747038], [-79.3211045066458, 43.7159313407175], [-79.3215835226239, 43.7160356039201], [-79.32207801198, 43.7161623919853], [-79.3224901416128, 43.7163340664542], [-79.3227757200284, 43.7163982920062], [-79.3228932168234, 43.7164247039752], [-79.3229463046375, 43.7164382882834], [-79.3233645765742, 43.7166324619507], [-79.3235714970802, 43.7169478254191], [-79.3235846233932, 43.7169703491646], [-79.3236168044393, 43.7171009258941], [-79.3236750559838, 43.7173305475795], [-79.3238728198629, 43.7177269083017], [-79.3239375323856, 43.7181365642197], [-79.323762947076, 43.718536869332], [-79.3236103143488, 43.7187297646466], [-79.3234539892893, 43.7188694481757], [-79.3231333907706, 43.719010857317], [-79.3225551413357, 43.7192206894403], [-79.3224778880978, 43.7192992766134], [-79.3224565671695, 43.7194084189261], [-79.322487849597, 43.7194770214412], [-79.322571565613, 43.7195761655385], [-79.3228572776834, 43.7198406872382], [-79.3232552218012, 43.7200933377291], [-79.3232753491369, 43.7201068713153], [-79.3236395907925, 43.7203504669428], [-79.3240442373509, 43.7205626203782], [-79.3242312634184, 43.7206247647508], [-79.3244531381813, 43.7206622542552], [-79.324665336893, 43.7206254220655], [-79.3248459485908, 43.7205638423535], [-79.32526053086, 43.7204339504508], [-79.3256420679469, 43.7203400192319], [-79.3260820765473, 43.7204036900145], [-79.3264618751684, 43.7205032802562], [-79.3266116804665, 43.7206309120091], [-79.3267112005531, 43.7207826972771], [-79.3267264133397, 43.7209002050173], [-79.3267331791925, 43.7209814605176], [-79.3267364650338, 43.7210601818177], [-79.3267222715844, 43.721118550742], [-79.3266906701564, 43.7211540490724], [-79.3266380639418, 43.7211869771571], [-79.3265644737685, 43.7212097189789], [-79.3264033716661, 43.7212374061092], [-79.326130176807, 43.7212852285325], [-79.3258570072319, 43.7213279824471], [-79.3256958702002, 43.7213632735543], [-79.325583758291, 43.7213935807214], [-79.3254224886263, 43.7214745708553], [-79.3252015809402, 43.7215986395197], [-79.3250403680847, 43.721659331835], [-79.3246584453325, 43.7217755369947], [-79.3244937691368, 43.7218235310584], [-79.3243676714053, 43.7218487303037], [-79.3240454967073, 43.721883789647], [-79.3238283525895, 43.7219164631176], [-79.3236637305429, 43.7219416015986], [-79.3235025829315, 43.7219794366156], [-79.3233974467451, 43.7220173675254], [-79.3233658416514, 43.7220528648735], [-79.3233482448435, 43.7220858450111], [-79.3233234301373, 43.722184820436], [-79.3232877880427, 43.7224031179425], [-79.3232731810091, 43.7226138232758], [-79.3232648621316, 43.7230581120744], [-79.3232359341609, 43.7233779715471], [-79.3231068537363, 43.7237071451395], [-79.3229367654269, 43.7240354367136], [-79.3227672037406, 43.7243232133795], [-79.3226500339304, 43.7245975698005], [-79.3225275185532, 43.7248449137421], [-79.3223452656414, 43.7250876646659], [-79.3223441507141, 43.7252001872958], [-79.3223429546368, 43.7253487057962], [-79.322507809269, 43.725609997819], [-79.3227643364255, 43.7258264260513], [-79.3230052570786, 43.7260743332329], [-79.3231995700392, 43.7263401703731], [-79.3232475878025, 43.7266327851874], [-79.3232105526743, 43.726956772582], [-79.3230519265587, 43.727213063559], [-79.3226772351866, 43.7273430096613], [-79.3222689000431, 43.7274368884955], [-79.3219058757195, 43.7275533482459], [-79.3215012484148, 43.7277057474241], [-79.3211281555751, 43.7278221981557], [-79.320753975293, 43.7279071329165], [-79.320681381076, 43.7279340227735], [-79.3204223594166, 43.7280326390823], [-79.3202657217453, 43.7282664333379], [-79.3199730357947, 43.7284685103038], [-79.3197008890999, 43.7286751185035], [-79.3193194564594, 43.7288455577726], [-79.3188719719866, 43.7289258696761], [-79.3186725224901, 43.7290785742323], [-79.3187739134188, 43.7291597466151], [-79.3189116531247, 43.7292724797248], [-79.3192948479224, 43.7294216067491], [-79.3197881612723, 43.7294538721249], [-79.3202304829618, 43.7295445720251], [-79.3204204688213, 43.7298329189628], [-79.3203123312938, 43.730192807041], [-79.3200642557492, 43.7305209712829], [-79.3197624158386, 43.7307995431381], [-79.319621068294, 43.731105379704], [-79.3197257028641, 43.7313980945124], [-79.3201202271341, 43.7315202236944], [-79.3204969676455, 43.7313632851467], [-79.3207730899865, 43.7311251763005], [-79.3211479291835, 43.7309547227183], [-79.3214790963898, 43.7307301998902], [-79.3217572026814, 43.7304695804609], [-79.3218851935723, 43.7303482545015], [-79.3220485802945, 43.7301909784271], [-79.3223426479502, 43.729916880093], [-79.322661419844, 43.7296788237241], [-79.3230173326851, 43.7294813395528], [-79.3234202317099, 43.7293874404577], [-79.3238651552347, 43.7293881178358], [-79.3242831723997, 43.7294382680513], [-79.3247078208944, 43.7294704154959], [-79.3251263825897, 43.7294575550766], [-79.3252006158995, 43.7296692068941], [-79.325014432041, 43.7299344667965], [-79.3248719338706, 43.7302448003613], [-79.3247945373487, 43.7305732358117], [-79.3247286300749, 43.7307199807783], [-79.3246438856706, 43.7309286078841], [-79.3247155886164, 43.7313695531326], [-79.3247421522958, 43.7314977446403], [-79.3247548086655, 43.7315588460247], [-79.3248234929789, 43.7316988754973], [-79.3250267957299, 43.7318022962536], [-79.3251011654681, 43.7318356423186], [-79.3253491091073, 43.731946809076], [-79.325739151576, 43.7320104124763], [-79.3260709598858, 43.7321009299801], [-79.32630381541, 43.7323308249941], [-79.3265482661782, 43.7325787392892], [-79.3268235221501, 43.7327726917104], [-79.3268308579754, 43.7327817038412], [-79.3271236340273, 43.7329531703778], [-79.3274313041434, 43.7329401339735], [-79.3276609135997, 43.7330845087171], [-79.3276903398168, 43.7333771022989], [-79.3277325639113, 43.7336697237844], [-79.3279331530413, 43.7339355805314], [-79.32819944297, 43.7341520284519], [-79.3285180701173, 43.7342425278653], [-79.3288139491734, 43.7341484588379], [-79.3290774457195, 43.733986831235], [-79.3294007020398, 43.7339423080144], [-79.3297461334795, 43.7340238427755], [-79.3300638662756, 43.7341548426134], [-79.3303746159943, 43.734319432492], [-79.3303877049251, 43.7343263648509], [-79.3304513498857, 43.7343661819904], [-79.33069054127, 43.7345158578813], [-79.3309805165572, 43.7347278247108], [-79.3311175159578, 43.7349845707195], [-79.331194691181, 43.7352682329768], [-79.3311303858178, 43.7355111794467], [-79.3310002254577, 43.7357225251396], [-79.3308537403198, 43.7359428385563], [-79.3306853651335, 43.7361588703412], [-79.3306626282554, 43.7361965880472], [-79.3306624631245, 43.7362507486166], [-79.3306782003764, 43.7362918078417], [-79.3308023636284, 43.7364167398729], [-79.3310276268726, 43.7365957114602], [-79.3313019006953, 43.7367401360274], [-79.3314824502644, 43.7368658439063], [-79.3315185429623, 43.7369085805106], [-79.3315478296726, 43.7369611461666], [-79.3315604121511, 43.7371005756242], [-79.3315314060462, 43.7371646576868], [-79.3314345583921, 43.7372939159058], [-79.3312389484261, 43.7374601588847], [-79.3310918287609, 43.7376354661236], [-79.3308868807165, 43.7378106956045], [-79.3306659768802, 43.7380083954749], [-79.3304260781417, 43.7381970657309], [-79.3302474436595, 43.7383993368125], [-79.3301420267561, 43.7386377129877], [-79.3301145740233, 43.7388807137816], [-79.330157684299, 43.7391418132518], [-79.3302811463005, 43.7393895304852], [-79.3304445338436, 43.7396462989562], [-79.3305579494164, 43.7397984698675], [-79.3296615123047, 43.7399695925075], [-79.3284465621337, 43.7402014830515], [-79.3274458782348, 43.7403890383434], [-79.3256743835945, 43.7406744247391], [-79.3247091249203, 43.7407989752619], [-79.3241700380501, 43.7408566455578], [-79.3221466474341, 43.7410155372679], [-79.3197085935198, 43.7411603279616], [-79.3192824959076, 43.7411911856797], [-79.3180042639715, 43.7412747059257], [-79.3162080094038, 43.7413799003679], [-79.3161726931492, 43.7413821927269], [-79.3160770761469, 43.741388384647], [-79.3142436868344, 43.7415072781649], [-79.3137275446203, 43.7415469528301], [-79.3128202060716, 43.7416310086742], [-79.3114461862494, 43.7418088112123], [-79.3097969784179, 43.7421526437139], [-79.3093515613765, 43.7409277085478], [-79.3092328541469, 43.7406754680184], [-79.3089010665092, 43.73983774614], [-79.3084679378162, 43.7388079029685], [-79.3083365678092, 43.7384955198384], [-79.3077398644955, 43.7370452313781], [-79.3076544234356, 43.7368333332155], [-79.307431150278, 43.7362795982806], [-79.3067636195807, 43.7346671627169]]]]}"
111,Banbury-Don Mills,42,30373,60,78,83,107,74,75,80,87,107,217.2575,282.1691,299.3472,378.2656,255.7368,254.522,268.4924,290.2419,352.2866,19,21,7,16,28,43,50,34,56,68.7982,75.9686,25.24615,56.56308,96.76527,145.9259,167.8078,113.4279,113.4279,3,12,5,10,13,2,6,12,8,10.86287,43.41063,18.03296,35.35193,44.92673,6.787253,20.13693,40.03336,40.03336,65,87,57,64,85,81,41,23,47,235.3623,314.7271,205.5758,226.2523,293.7517,274.8838,137.6024,76.73061,154.7427,,,,,,,,,,,,,,,,,,,12,29,24,11,8,13,7,3,20,43.4515,86.55823,38.88712,27.64722,44.11715,23.49309,10.00834,65.84795,104.909,,,2,1,,2,1,2,3,,,7.213186,3.535193,,6.787253,3.356155,6.672227,9.877193,74,41,50,59,64,58,49,41,74,267.9509,148.3196,180.3296,208.5764,221.1778,196.8304,164.4516,136.7807,243.6374,10,14,11,5,8,16,7,8,12,36.20958,50.64573,39.67252,17.67596,27.64722,54.29803,23.49309,26.68891,39.50877,"{'type': 'MultiPolygon', 'coordinates': [[[[-79.3452903985113, 43.7528982527927], [-79.3453005641154, 43.7528277152972], [-79.3453716784268, 43.7527174931604], [-79.3454366829715, 43.7526361466178], [-79.345510667522, 43.7525684230553], [-79.3456010863724, 43.7524887049156], [-79.3457753726959, 43.7523175389492], [-79.34588278338, 43.752211334484], [-79.3460018599541, 43.7520738217244], [-79.3460861959946, 43.7519834645683], [-79.3461706203806, 43.751877489849], [-79.3462309238057, 43.7517888015825], [-79.346287312966, 43.7517105396822], [-79.3463585553439, 43.7516362310568], [-79.3463960610631, 43.75159565917], [-79.3464090642029, 43.7515556663757], [-79.3464021148576, 43.7515152506858], [-79.3463576308392, 43.7514638753871], [-79.3462597802646, 43.7514110236371], [-79.3461445584673, 43.7513679415368], [-79.3460095840792, 43.7513327902155], [-79.3458782327293, 43.7512944480363], [-79.3457601817431, 43.7512603904538], [-79.3456437478102, 43.751210384435], [-79.3455619200048, 43.7511564017979], [-79.3454925232473, 43.7511164774535], [-79.3454050233402, 43.7510805163859], [-79.3453002982457, 43.7510507344812], [-79.3452030369395, 43.7510348777027], [-79.3451184980938, 43.7510258336466], [-79.3450248897604, 43.7510187668459], [-79.344855947198, 43.7509970428556], [-79.3448190468655, 43.7509955341476], [-79.3446802730282, 43.750994770009], [-79.344567211713, 43.7510003494905], [-79.3444794768022, 43.7509836144873], [-79.3443766217841, 43.7509701799011], [-79.344269877764, 43.7509671989308], [-79.3441347259723, 43.7509632344637], [-79.3440033480953, 43.7509644323487], [-79.3438623348568, 43.7509701534663], [-79.343677355322, 43.7509890821603], [-79.3436394072702, 43.7509889939799], [-79.3435114872997, 43.750978665321], [-79.3433901824015, 43.750964475281], [-79.3432560212665, 43.7509471175747], [-79.343128703095, 43.7509342509563], [-79.3430199436295, 43.7509185209175], [-79.3429173822069, 43.7508978394673], [-79.3428154098369, 43.7508746292155], [-79.342714630414, 43.7508463616694], [-79.342611970006, 43.7508017357768], [-79.3425292073091, 43.7507455630052], [-79.3424852557574, 43.7506677049312], [-79.3424700819176, 43.7505679773401], [-79.3424830626948, 43.7504764616884], [-79.3425340493713, 43.7503574551891], [-79.342567253997, 43.7502195665104], [-79.342600746944, 43.7501139748012], [-79.342602540797, 43.7500309863719], [-79.3426039967455, 43.7499634794669], [-79.3426070970523, 43.749856153077], [-79.3425912305313, 43.7497745444658], [-79.342549841842, 43.7496949345364], [-79.3424843428049, 43.7496050122225], [-79.3424196594228, 43.7495209145148], [-79.3423523454918, 43.7494266061865], [-79.3423014312069, 43.7493478835027], [-79.3422680720619, 43.7492796896433], [-79.3422383480942, 43.7492083143695], [-79.3421975380565, 43.749126175448], [-79.3421881483938, 43.749032369737], [-79.3422125719957, 43.7489287552163], [-79.3422536913681, 43.7488454603416], [-79.3422926924691, 43.7487135028296], [-79.3423398067315, 43.7486168946264], [-79.3424129840019, 43.7484918336105], [-79.3424291717737, 43.7484079924226], [-79.3424471740254, 43.7483285632732], [-79.3424522888337, 43.7482339766598], [-79.3424248689919, 43.7480889923642], [-79.3423888307038, 43.7479866255872], [-79.3423538092961, 43.7478708669809], [-79.3423276938189, 43.7477963009154], [-79.3423010366181, 43.7476966839828], [-79.3422735083176, 43.7476068495736], [-79.3422196981488, 43.7475251523025], [-79.3421516036259, 43.7474645614147], [-79.342075141383, 43.7474273803519], [-79.3419358988752, 43.7473859533027], [-79.3418235494083, 43.7473734122791], [-79.3417218943613, 43.7473549083045], [-79.341606032496, 43.7473419217302], [-79.3414838348334, 43.7473255315029], [-79.3413855214649, 43.7473111013035], [-79.341286442006, 43.7472908641914], [-79.3411840198817, 43.7472665537962], [-79.3410695707386, 43.7472173201212], [-79.3409795530975, 43.7471555458929], [-79.3408606717933, 43.7470916967141], [-79.3407695046935, 43.7470469506103], [-79.3406648802316, 43.7470015471211], [-79.3405487816016, 43.7469562614206], [-79.3404472743492, 43.7469341569619], [-79.3403255340879, 43.7469188741965], [-79.3401449292508, 43.7468889092012], [-79.340066757949, 43.7468832546749], [-79.3399485359883, 43.7468803892546], [-79.339826797245, 43.7468651050795], [-79.3397054833544, 43.7468389486286], [-79.3396141342983, 43.7468253996201], [-79.3395238320786, 43.7468104206503], [-79.3394269939378, 43.746783695787], [-79.3393441735224, 43.746743118824], [-79.3392810848545, 43.7466826412901], [-79.3392371592824, 43.7466167626797], [-79.3392025814498, 43.7465416614272], [-79.3391958750485, 43.7464820105117], [-79.339208767412, 43.746406093774], [-79.3392620199822, 43.7463321249937], [-79.3393449885228, 43.7462384673953], [-79.3394332999177, 43.7461616037249], [-79.3395743400949, 43.7460768031856], [-79.3396767600105, 43.7459705076192], [-79.3397687290717, 43.745862883326], [-79.3398382991759, 43.7457410056414], [-79.3398781972833, 43.745650796971], [-79.3399116304906, 43.7455727763674], [-79.3399534933826, 43.7454437846803], [-79.3399725143796, 43.7453509461062], [-79.3399943709436, 43.7452886525007], [-79.3400109996399, 43.7452454699198], [-79.3400517247201, 43.7451334976421], [-79.3401111297449, 43.7450426052509], [-79.3401729368348, 43.7449535889846], [-79.3402138330008, 43.7448895127402], [-79.340261355551, 43.7448215926908], [-79.3402695295753, 43.744777839778], [-79.3402751466683, 43.744747874073], [-79.3402456944825, 43.744669252368], [-79.3401852741114, 43.7445914062344], [-79.3401215912795, 43.7444939241318], [-79.340063326281, 43.7443856477748], [-79.3399821077811, 43.7442895990563], [-79.3398959427668, 43.7442054164796], [-79.3398029850899, 43.7441167233118], [-79.3397194258119, 43.7440427508895], [-79.3396155062517, 43.7439396768792], [-79.33952071239, 43.7438465881811], [-79.3394071602622, 43.7437480361421], [-79.339304008422, 43.7436507858194], [-79.3392359457737, 43.7435902017319], [-79.3391022356087, 43.7435224148275], [-79.3389787568052, 43.7434871359519], [-79.3388084794063, 43.7434621161583], [-79.3386156033128, 43.7434659936982], [-79.338418497839, 43.7434636085332], [-79.3382859418982, 43.7434698662486], [-79.3381308664116, 43.7435170019345], [-79.3379845795382, 43.7435693973737], [-79.3378149384977, 43.7436448842528], [-79.3376904813757, 43.7437140710071], [-79.3375613022247, 43.7437758967932], [-79.3373801324802, 43.7438395392393], [-79.3372380342849, 43.7438347011383], [-79.3371044519933, 43.7438028170912], [-79.3369522452237, 43.7437618516655], [-79.3368013670723, 43.7437122023562], [-79.3366662905363, 43.7436411063498], [-79.3365523455525, 43.7435653963604], [-79.3364696731014, 43.743481638396], [-79.3363980427294, 43.743396672562], [-79.3363244271416, 43.7433109295673], [-79.3362777802594, 43.7432384482406], [-79.3362572973597, 43.7431734391954], [-79.3362368780554, 43.7430808508], [-79.3362426640597, 43.7430076877778], [-79.3362537771201, 43.7429393481909], [-79.3362997362357, 43.7428082664433], [-79.3363135664361, 43.7427860628852], [-79.3363861124148, 43.7427030763359], [-79.3365047399294, 43.7426040073274], [-79.3365964957085, 43.7425156207304], [-79.3366529513108, 43.7424097931716], [-79.336664941455, 43.7422921374799], [-79.3366213641187, 43.7421914328016], [-79.3365649826411, 43.7420599793943], [-79.3364893802639, 43.7419614969778], [-79.3363994247396, 43.7418721478345], [-79.3363155330003, 43.7417814760181], [-79.3362501981309, 43.7416879221181], [-79.336156065244, 43.7415647407022], [-79.3360722239924, 43.7414464981635], [-79.3360098493523, 43.741328330465], [-79.3359253762095, 43.7412006435859], [-79.3358677417075, 43.7411018173583], [-79.3358047771559, 43.7409861872111], [-79.3356771233608, 43.7408775219338], [-79.3356354477284, 43.7408447058091], [-79.3355093004688, 43.7407752691078], [-79.3353870055338, 43.7407229585926], [-79.3352720411464, 43.740700190697], [-79.3351140365777, 43.740680861691], [-79.3349479055626, 43.7406776973316], [-79.3347920661376, 43.7406794519939], [-79.3346377249522, 43.7406689138526], [-79.3344586352567, 43.7406781507602], [-79.334334605337, 43.7406969092265], [-79.3341747702506, 43.7407246985646], [-79.3340117541091, 43.7407448043209], [-79.3338487649025, 43.7407768735169], [-79.333706330438, 43.7408068562246], [-79.3335613324539, 43.7408385904137], [-79.3334317624606, 43.7408717424291], [-79.3333186950273, 43.7409168623813], [-79.3332177702125, 43.7409712990455], [-79.3331307865146, 43.7410394725177], [-79.3330575676007, 43.7411130139749], [-79.3329898494373, 43.7411997315827], [-79.3329516170124, 43.7412464461918], [-79.33289167975, 43.7413122832173], [-79.3328482932153, 43.7413505473094], [-79.3327617609587, 43.7414253286286], [-79.3326616734068, 43.7414460651828], [-79.3322844108133, 43.7415254614651], [-79.3322700119815, 43.7415286529316], [-79.3320999222215, 43.7415464603009], [-79.3319254230966, 43.7415603980659], [-79.3316039527301, 43.7415778378177], [-79.331263488635, 43.7415506288249], [-79.3309092977215, 43.7414645399977], [-79.3306602743823, 43.7412737864252], [-79.330537595486, 43.741019779388], [-79.3305123904453, 43.7409237625327], [-79.3305376833978, 43.740817252187], [-79.3306860242624, 43.7406304811258], [-79.3308018994263, 43.7403951357971], [-79.3308134685864, 43.7402547697958], [-79.330786575133, 43.7401456800934], [-79.3307277628147, 43.7400098547677], [-79.3306544255113, 43.7399088147847], [-79.3305579494164, 43.7397984698675], [-79.3304445338436, 43.7396462989562], [-79.3302811463005, 43.7393895304852], [-79.330157684299, 43.7391418132518], [-79.3301145740233, 43.7388807137816], [-79.3301420267561, 43.7386377129877], [-79.3302474436595, 43.7383993368125], [-79.3304260781417, 43.7381970657309], [-79.3306659768802, 43.7380083954749], [-79.3308868807165, 43.7378106956045], [-79.3310918287609, 43.7376354661236], [-79.3312389484261, 43.7374601588847], [-79.3314345583921, 43.7372939159058], [-79.3315314060462, 43.7371646576868], [-79.3315604121511, 43.7371005756242], [-79.3315478296726, 43.7369611461666], [-79.3315185429623, 43.7369085805106], [-79.3314824502644, 43.7368658439063], [-79.3313019006953, 43.7367401360274], [-79.3310276268726, 43.7365957114602], [-79.3308023636284, 43.7364167398729], [-79.3306782003764, 43.7362918078417], [-79.3306624631245, 43.7362507486166], [-79.3306626282554, 43.7361965880472], [-79.3306853651335, 43.7361588703412], [-79.3308537403198, 43.7359428385563], [-79.3310002254577, 43.7357225251396], [-79.3311303858178, 43.7355111794467], [-79.331194691181, 43.7352682329768], [-79.3311175159578, 43.7349845707195], [-79.3309805165572, 43.7347278247108], [-79.33069054127, 43.7345158578813], [-79.3304513498857, 43.7343661819904], [-79.3303877049251, 43.7343263648509], [-79.3303746159943, 43.734319432492], [-79.3300638662756, 43.7341548426134], [-79.3297461334795, 43.7340238427755], [-79.3294007020398, 43.7339423080144], [-79.3290774457195, 43.733986831235], [-79.3288139491734, 43.7341484588379], [-79.3285180701173, 43.7342425278653], [-79.32819944297, 43.7341520284519], [-79.3279331530413, 43.7339355805314], [-79.3277325639113, 43.7336697237844], [-79.3276903398168, 43.7333771022989], [-79.3276609135997, 43.7330845087171], [-79.3274313041434, 43.7329401339735], [-79.3271236340273, 43.7329531703778], [-79.3268308579754, 43.7327817038412], [-79.3268235221501, 43.7327726917104], [-79.3265482661782, 43.7325787392892], [-79.32630381541, 43.7323308249941], [-79.3260709598858, 43.7321009299801], [-79.325739151576, 43.7320104124763], [-79.3253491091073, 43.731946809076], [-79.3251011654681, 43.7318356423186], [-79.3250267957299, 43.7318022962536], [-79.3248234929789, 43.7316988754973], [-79.3247548086655, 43.7315588460247], [-79.3247421522958, 43.7314977446403], [-79.3247155886164, 43.7313695531326], [-79.3246438856706, 43.7309286078841], [-79.3247286300749, 43.7307199807783], [-79.3247945373487, 43.7305732358117], [-79.3248719338706, 43.7302448003613], [-79.325014432041, 43.7299344667965], [-79.3252006158995, 43.7296692068941], [-79.3251263825897, 43.7294575550766], [-79.3247078208944, 43.7294704154959], [-79.3242831723997, 43.7294382680513], [-79.3238651552347, 43.7293881178358], [-79.3234202317099, 43.7293874404577], [-79.3230173326851, 43.7294813395528], [-79.322661419844, 43.7296788237241], [-79.3223426479502, 43.729916880093], [-79.3220485802945, 43.7301909784271], [-79.3218851935723, 43.7303482545015], [-79.3217572026814, 43.7304695804609], [-79.3214790963898, 43.7307301998902], [-79.3211479291835, 43.7309547227183], [-79.3207730899865, 43.7311251763005], [-79.3204969676455, 43.7313632851467], [-79.3201202271341, 43.7315202236944], [-79.3197257028641, 43.7313980945124], [-79.319621068294, 43.731105379704], [-79.3197624158386, 43.7307995431381], [-79.3200642557492, 43.7305209712829], [-79.3203123312938, 43.730192807041], [-79.3204204688213, 43.7298329189628], [-79.3202304829618, 43.7295445720251], [-79.3197881612723, 43.7294538721249], [-79.3192948479224, 43.7294216067491], [-79.3189116531247, 43.7292724797248], [-79.3187739134188, 43.7291597466151], [-79.3186725224901, 43.7290785742323], [-79.3188719719866, 43.7289258696761], [-79.3193194564594, 43.7288455577726], [-79.3197008890999, 43.7286751185035], [-79.3199730357947, 43.7284685103038], [-79.3202657217453, 43.7282664333379], [-79.3204223594166, 43.7280326390823], [-79.320681381076, 43.7279340227735], [-79.320753975293, 43.7279071329165], [-79.3211281555751, 43.7278221981557], [-79.3215012484148, 43.7277057474241], [-79.3219058757195, 43.7275533482459], [-79.3222689000431, 43.7274368884955], [-79.3226772351866, 43.7273430096613], [-79.3230519265587, 43.727213063559], [-79.3232105526743, 43.726956772582], [-79.3232475878025, 43.7266327851874], [-79.3231995700392, 43.7263401703731], [-79.3230052570786, 43.7260743332329], [-79.3227643364255, 43.7258264260513], [-79.322507809269, 43.725609997819], [-79.3223429546368, 43.7253487057962], [-79.3223441507141, 43.7252001872958], [-79.3226578151628, 43.7251196540965], [-79.3236555167694, 43.724838846883], [-79.325302499785, 43.7244080916045], [-79.3261987450869, 43.7241754165491], [-79.3269117965497, 43.723987454513], [-79.3284985428052, 43.7235757711249], [-79.3300735870054, 43.723173076669], [-79.3303611908857, 43.7231014936285], [-79.3320279791191, 43.7225974191672], [-79.333452327531, 43.7221674522363], [-79.3347160313868, 43.7217859591237], [-79.3351283156014, 43.7216613029407], [-79.3352152299062, 43.7216345863686], [-79.3355081587557, 43.7215445723503], [-79.3366723835629, 43.7211868757445], [-79.3381656229115, 43.7207280815975], [-79.3388722943647, 43.7205109174006], [-79.3388771021478, 43.7205094026246], [-79.3390688276994, 43.7204487975049], [-79.3396457912436, 43.7202852631332], [-79.3413104737446, 43.7197250978717], [-79.3430051685987, 43.7192282114491], [-79.3435394643732, 43.7190558947123], [-79.3450411047744, 43.7185715577971], [-79.3472615959869, 43.7178878858557], [-79.3477500900248, 43.7177383327561], [-79.3481323190674, 43.7176401792434], [-79.3488420564894, 43.7174284285492], [-79.3499830217651, 43.7171073363932], [-79.3504538813735, 43.7169324019004], [-79.3511312139, 43.7166947073499], [-79.3517949106876, 43.716484004429], [-79.3523756474065, 43.7163157482796], [-79.3526308695225, 43.7162417990225], [-79.3526996601161, 43.717295277533], [-79.3526388526376, 43.7174257265627], [-79.3526687877984, 43.7177138236506], [-79.3527143681274, 43.717785892441], [-79.3529440290051, 43.719996032938], [-79.3531317802582, 43.720941405126], [-79.3529001071609, 43.7209951239167], [-79.3527624852419, 43.7209679430914], [-79.3527144565628, 43.7211596165141], [-79.3527072492978, 43.721188402147], [-79.3527057388243, 43.7211973571416], [-79.3526761671028, 43.721372888118], [-79.3525674327022, 43.7214638136999], [-79.3524880742902, 43.7215301673151], [-79.3522453735846, 43.7216513792768], [-79.352010414938, 43.7217725925266], [-79.3519754023587, 43.7219795760697], [-79.3518895871081, 43.722177492095], [-79.3516800764057, 43.7223617550818], [-79.3514590580868, 43.7225009876376], [-79.3512608677877, 43.7226582604629], [-79.3510144417644, 43.7227119561234], [-79.350772172844, 43.7227461145269], [-79.3507270549274, 43.7227470011977], [-79.3506845635472, 43.722734784747], [-79.3505713502807, 43.7226580186284], [-79.3505262653588, 43.7226458079009], [-79.3503483931949, 43.7226623984735], [-79.3503316006909, 43.722677327417], [-79.3503289648193, 43.7226988191975], [-79.3503801972094, 43.7228297372132], [-79.350376269028, 43.7228568349982], [-79.3502652124838, 43.7229810235045], [-79.3499780622923, 43.7230346548026], [-79.3498742721913, 43.7231309488023], [-79.3498626046063, 43.7231664433768], [-79.349874134843, 43.7231860994538], [-79.3500293922233, 43.7233002492672], [-79.3501766617897, 43.723312657016], [-79.3501946560667, 43.7233332401361], [-79.3501932776277, 43.7233687572406], [-79.3501219845959, 43.723498398825], [-79.3499234778052, 43.723556250431], [-79.3499002311766, 43.7235758509092], [-79.3499091492672, 43.7236132364131], [-79.3499490429517, 43.7236764949635], [-79.3499336771177, 43.723701804191], [-79.3499174332206, 43.7237303348934], [-79.3499138858826, 43.7237440936613], [-79.3499138344832, 43.7237650032884], [-79.3499222404831, 43.7237782638814], [-79.3499313528243, 43.7237874577636], [-79.3500541983124, 43.7238595024444], [-79.3502594655235, 43.7239676607932], [-79.3504645757238, 43.7240750980045], [-79.3505207639709, 43.7241047940943], [-79.3505624306593, 43.7241344723279], [-79.350600482169, 43.724165458835], [-79.3506303548252, 43.7241964353231], [-79.3506602082714, 43.7242353060362], [-79.3506701105164, 43.724266256278], [-79.3506813319844, 43.7243006641015], [-79.3504737706001, 43.7244349792794], [-79.3503236338197, 43.7246058068604], [-79.3502237460048, 43.724844209136], [-79.35010078114, 43.7250880711477], [-79.3500660049954, 43.7251818817605], [-79.3500240425082, 43.7252950979737], [-79.3501665882782, 43.7255266082878], [-79.3504679644024, 43.7256816534782], [-79.3507103665, 43.7258439924206], [-79.3509740656198, 43.7258623392134], [-79.3512464393426, 43.7258311898644], [-79.3515135594815, 43.7258765429691], [-79.3517613044572, 43.7259173608016], [-79.3519238689582, 43.7260570913779], [-79.3520787117086, 43.7261878101348], [-79.35230959723, 43.7262961235288], [-79.3525914136874, 43.7262109665449], [-79.3527801914959, 43.7262562154565], [-79.3527436237603, 43.7264541954047], [-79.3529117835203, 43.7268504758775], [-79.3530420225611, 43.7270396693254], [-79.3532542978225, 43.7271569585484], [-79.3534226677651, 43.7273012031908], [-79.3534535568144, 43.7273642515028], [-79.3535051720818, 43.7274695695256], [-79.3535325019292, 43.7274807660345], [-79.3535905843383, 43.7275043968448], [-79.3536349690146, 43.727530493591], [-79.3536930091498, 43.7275714875129], [-79.3537527263312, 43.7276273626883], [-79.353803908782, 43.7276708229322], [-79.3538738816597, 43.7277254781147], [-79.353952373397, 43.7277937724276], [-79.3540069228961, 43.7278620441523], [-79.3540426996629, 43.7279216062151], [-79.3540562936285, 43.7279563413867], [-79.3540613270556, 43.7279947825558], [-79.3540561103848, 43.7280319785242], [-79.354044045009, 43.7280728916416], [-79.3540285966609, 43.7280964282724], [-79.3540009499432, 43.7281389420124], [-79.3539773894823, 43.7281804071425], [-79.3539640233817, 43.7282303196903], [-79.3539585677898, 43.7282994422814], [-79.3539584466846, 43.7283493718447], [-79.3539662693605, 43.7283993032883], [-79.3539872803061, 43.7284723122854], [-79.3540056949067, 43.7285261085505], [-79.3540082667614, 43.7285606768545], [-79.3540001542054, 43.7286297962869], [-79.3540132699104, 43.7286778258396], [-79.3540370140032, 43.7287143377968], [-79.3540739923391, 43.7287547103087], [-79.3541162572343, 43.7288008511359], [-79.3541902617335, 43.7288624061501], [-79.3542801360582, 43.7289316501966], [-79.3543832418764, 43.7290009199508], [-79.3544916347739, 43.7290759480248], [-79.3545365532009, 43.7291182480822], [-79.3545576678988, 43.7291490055737], [-79.3545655046692, 43.7291931837652], [-79.3545706843693, 43.7292431203222], [-79.3545705678127, 43.7292911330423], [-79.3545631229684, 43.7293515761862], [-79.3545494556987, 43.7294492215379], [-79.3545458305029, 43.7294857084304], [-79.3545484368353, 43.7295061980209], [-79.3545554374489, 43.729531806503], [-79.3545712726338, 43.7295593528553], [-79.3545913800143, 43.7295800629347], [-79.3546276418314, 43.7296094979723], [-79.354656853137, 43.7296231721266], [-79.3547028015678, 43.7296353558352], [-79.3547947138753, 43.7296475971443], [-79.3548991669964, 43.7296583334188], [-79.3549910879245, 43.7296675413244], [-79.3550955822417, 43.7296661616412], [-79.355216796156, 43.7296602568267], [-79.3553233236003, 43.7296755496655], [-79.3554026978124, 43.7296938325306], [-79.355438186438, 43.7297090266274], [-79.3554715460061, 43.7297378640959], [-79.3555215713898, 43.7297939959181], [-79.3555590867904, 43.7298334509864], [-79.3556028900202, 43.7298653253159], [-79.3556634354837, 43.7298881297512], [-79.3557469764851, 43.7299079300464], [-79.3558640482858, 43.7298853412869], [-79.3559957573987, 43.7298612666843], [-79.3560814491194, 43.7298537865466], [-79.3561274102622, 43.729855356223], [-79.3561775398523, 43.7298629985621], [-79.3562318350438, 43.7298782252501], [-79.3562923921303, 43.7298964835168], [-79.3563320855115, 43.7299025917905], [-79.356382230895, 43.7299041666274], [-79.3564470281084, 43.7298981900316], [-79.356534115375, 43.729893799011], [-79.3568481149823, 43.729877117019], [-79.3569501932545, 43.7298746978781], [-79.3570298289469, 43.7298765884103], [-79.3570944790089, 43.7298965167748], [-79.3571317587745, 43.7299155203813], [-79.3571764924392, 43.7299426426907], [-79.3572038070357, 43.7299661345464], [-79.3572236641426, 43.7299887250531], [-79.357236035348, 43.7300221259081], [-79.3572384550345, 43.7300482959321], [-79.3572359027566, 43.7300780689165], [-79.3572283499595, 43.7301114444505], [-79.3572057944681, 43.7301854156807], [-79.3571540031409, 43.7303230067915], [-79.3571368914462, 43.7303618983571], [-79.3571616344885, 43.7305644661015], [-79.3573129121122, 43.7307266855486], [-79.3575182212352, 43.730686418685], [-79.3576727330432, 43.730799135509], [-79.3575153683473, 43.7310779956318], [-79.3576086205543, 43.7311861359497], [-79.3578349444989, 43.7312674197876], [-79.3580853078204, 43.7313667436956], [-79.3582500559186, 43.7314408933167], [-79.3583994980473, 43.7316152166122], [-79.3584978503355, 43.7315987579155], [-79.3586887133874, 43.7315842230886], [-79.3587867011614, 43.7315801498905], [-79.3588673718946, 43.7315816443385], [-79.3589115555718, 43.7315900617439], [-79.3589499151671, 43.7316151866162], [-79.3589978576368, 43.7316514661011], [-79.3590554072591, 43.7316933299048], [-79.3591187001756, 43.7317365870995], [-79.3591820334589, 43.7317631374499], [-79.359268412615, 43.7317966832552], [-79.3593355810316, 43.7318288015924], [-79.3593931317063, 43.73186509371], [-79.3594295349506, 43.7319097213022], [-79.3594390583799, 43.7319403825965], [-79.3594504829321, 43.7319863658811], [-79.359456131536, 43.7320337455596], [-79.3594637243746, 43.7320727670427], [-79.3594617605803, 43.732100623512], [-79.359452080754, 43.7321312603138], [-79.3594347042729, 43.7321674688915], [-79.359409627055, 43.7322106258586], [-79.3593806852843, 43.7322607538739], [-79.3593499630273, 43.7323243817743], [-79.3593357755926, 43.7323610268861], [-79.3593195503908, 43.7324091810632], [-79.35929530174, 43.7324587749867], [-79.3592710256445, 43.7325098271204], [-79.3592406864504, 43.7325740142202], [-79.359204327025, 43.7326323506572], [-79.3591739742868, 43.7326965285397], [-79.3591415963913, 43.7327723867292], [-79.3591273318568, 43.7328468096013], [-79.3591190776707, 43.7329416726874], [-79.3591269985118, 43.732994231555], [-79.3591369810116, 43.7330307257972], [-79.3591710315446, 43.7330993660337], [-79.3591890738434, 43.7331344120489], [-79.3592091448577, 43.7331563272893], [-79.3592473288158, 43.7331826497367], [-79.3592915501736, 43.7332075111102], [-79.3593559042617, 43.7332280227863], [-79.3594203015894, 43.7332354021566], [-79.3594786740756, 43.733234007263], [-79.359581345138, 43.7332239077762], [-79.3596457547599, 43.7332152379861], [-79.3597383783326, 43.7332022092612], [-79.3597413088763, 43.7332021144696], [-79.359821716931, 43.733199575291], [-79.359815651116, 43.7330491127545], [-79.3598990487896, 43.7330581349487], [-79.3600325017772, 43.7330764092375], [-79.3600753154063, 43.7330821594232], [-79.3601031476866, 43.7330873686596], [-79.3601323920321, 43.7330936155789], [-79.3601744804681, 43.73310660155], [-79.3602893021109, 43.7331512530101], [-79.3603784455975, 43.7331881141083], [-79.3604226614776, 43.7332047302187], [-79.3604519105743, 43.7332140825227], [-79.3604854310452, 43.73322343938], [-79.3605203959503, 43.7332307370817], [-79.3605707988946, 43.7332399525716], [-79.360592630153, 43.7332627706904], [-79.3606144603683, 43.733318847795], [-79.3607111138548, 43.7333342406552], [-79.360717926518, 43.7333354467509], [-79.3608067322397, 43.7333574455576], [-79.3608603276202, 43.7333818231346], [-79.360913892164, 43.7334195762362], [-79.360970780771, 43.7334694852532], [-79.3610243342999, 43.7335121082807], [-79.3610846106649, 43.7335462156047], [-79.3611616406255, 43.7335876428341], [-79.3613072295727, 43.7337057442441], [-79.3613641493135, 43.7337422865223], [-79.3614194293097, 43.7337630117568], [-79.3614562965504, 43.7337691407507], [-79.3615032303449, 43.7337752736166], [-79.3615400812764, 43.7337886944978], [-79.3615668740153, 43.7338033082098], [-79.3616020469386, 43.7338228023602], [-79.3616990849145, 43.7339092422939], [-79.3617977657712, 43.7340151349184], [-79.3619029366018, 43.7341663292883], [-79.3620314914938, 43.7343456092503], [-79.3622336512139, 43.7344863985949], [-79.3624921263504, 43.7345272686067], [-79.362770102852, 43.7345634185562], [-79.3629210424032, 43.7346780776899], [-79.3630795341596, 43.7347965435542], [-79.3633088423837, 43.7347975385097], [-79.3634709038382, 43.7349300504072], [-79.3634555612067, 43.735131839088], [-79.3635461376876, 43.7353102888845], [-79.3636565078571, 43.7355250911211], [-79.3635299965218, 43.7356946579099], [-79.3635284755629, 43.7358175050568], [-79.3636645668004, 43.7359129273992], [-79.3638874907695, 43.7359831236224], [-79.3641324316858, 43.7360287004876], [-79.3643298703536, 43.7360544801007], [-79.3643618584724, 43.7362483144515], [-79.3644830167397, 43.7364157277247], [-79.3648069363001, 43.7364408470018], [-79.3650485799021, 43.7365348977841], [-79.3652911025981, 43.7367079272108], [-79.3655976305613, 43.7367614760247], [-79.3658312649618, 43.736640917612], [-79.3660432409545, 43.73655700496], [-79.3662790284043, 43.7367066657649], [-79.3665790841693, 43.7368123574297], [-79.3666776370817, 43.7367081394267], [-79.3667056256429, 43.7366321839871], [-79.3667755355734, 43.7366132722926], [-79.3669536097124, 43.7366457944324], [-79.3671746080598, 43.7367420766302], [-79.3674207463832, 43.7368158120115], [-79.3677178669299, 43.7369022978475], [-79.3679675465124, 43.7370543478224], [-79.3681998064676, 43.7372305261751], [-79.3683891565169, 43.737437781902], [-79.3685606288075, 43.7376464387608], [-79.3686681937713, 43.7378484683388], [-79.3687052077734, 43.7379591991618], [-79.3687087869011, 43.7379691138748], [-79.3687449977572, 43.7380437119369], [-79.3688720885797, 43.738117020496], [-79.3689929273992, 43.7380337174294], [-79.3691191828843, 43.7379148654663], [-79.369377448722, 43.7379465483832], [-79.3696156002117, 43.7380372920091], [-79.3696688593838, 43.7382774060214], [-79.3699664753646, 43.7384270661426], [-79.3701714056596, 43.7385585548156], [-79.3702651017023, 43.7386671529385], [-79.3703159373548, 43.7387260521377], [-79.3705202335532, 43.7388648214807], [-79.3708047569666, 43.7389792698915], [-79.3710117876778, 43.7391758112359], [-79.3708967637901, 43.7393894692928], [-79.3706305011821, 43.7395051042088], [-79.3707559984979, 43.7396286613183], [-79.3710490203662, 43.7397189237392], [-79.3710368989316, 43.7399470096875], [-79.3709080005643, 43.7401456119406], [-79.3706629011019, 43.7402154538953], [-79.370651054107, 43.7403672998894], [-79.3706402973644, 43.7405771059952], [-79.3708655742882, 43.7406674815385], [-79.3711236107659, 43.7405809199189], [-79.3712692752927, 43.7406284120741], [-79.3713623286655, 43.7407669465987], [-79.3715777670452, 43.7407505364283], [-79.3716789050964, 43.7408935896425], [-79.3718955988871, 43.7408711498404], [-79.3721049375967, 43.7407985556689], [-79.3721193449701, 43.7407957896776], [-79.3722423913612, 43.7407959902801], [-79.3723641359399, 43.7408129768171], [-79.3724351853062, 43.740796494513], [-79.3724906925213, 43.7407268505191], [-79.3725347462149, 43.7406193347422], [-79.3726382078828, 43.7404874833105], [-79.372884645318, 43.7404891892137], [-79.3730131981069, 43.740638419233], [-79.3731213907935, 43.7407883019291], [-79.373121742909, 43.7409156965823], [-79.3732979974161, 43.7410470486618], [-79.3736395004074, 43.7411249274302], [-79.3738234407085, 43.7413284586458], [-79.3741064577345, 43.7414183331353], [-79.3743043870766, 43.7415821120522], [-79.3745984441332, 43.7416123187364], [-79.3748664079141, 43.7415988860244], [-79.3750296708277, 43.7417896294051], [-79.3752315707267, 43.7419681365925], [-79.3753191519064, 43.7421885908635], [-79.3756057365598, 43.742243351797], [-79.3758538956391, 43.7422681857126], [-79.3761240579762, 43.7424003107856], [-79.3762831633118, 43.7425507041766], [-79.3763150214494, 43.7425808116264], [-79.3765830226347, 43.7426720953872], [-79.3768320040683, 43.7428356452912], [-79.3771018252892, 43.7430762593302], [-79.3774345340812, 43.7432188360751], [-79.3777993545818, 43.7433238835877], [-79.3780902872286, 43.743497395589], [-79.378216673213, 43.7437638673311], [-79.3782434617563, 43.7440296115238], [-79.3783787436287, 43.7443004761979], [-79.3784803674496, 43.7445217530241], [-79.3786792904176, 43.7447088383142], [-79.3787937223152, 43.7449213081329], [-79.3788374833082, 43.7451451148678], [-79.3787124646815, 43.7452686589331], [-79.378574816942, 43.7452704487163], [-79.3785130569846, 43.745271265059], [-79.3784655438262, 43.7454351352724], [-79.3784144181805, 43.7456727129167], [-79.378406491323, 43.7459268176993], [-79.3787005804879, 43.7460816000689], [-79.3790253097979, 43.7461892117098], [-79.3792911655558, 43.7462461912859], [-79.3795267759096, 43.7463396206869], [-79.3797362228409, 43.7464721501583], [-79.3799206461576, 43.7466385062994], [-79.3799775306018, 43.7468969721556], [-79.3801843618145, 43.7471035150409], [-79.3804337901526, 43.7472442046327], [-79.3807224326849, 43.7473334284262], [-79.3810432723611, 43.7473983824706], [-79.3812517741524, 43.7475098368928], [-79.3813640972163, 43.7477349928788], [-79.381429693403, 43.7479742224218], [-79.3815399459392, 43.7481733532737], [-79.3818097464221, 43.7483134307146], [-79.3820541342783, 43.7484390613368], [-79.3823175244592, 43.7485435486397], [-79.3826742974598, 43.7488163189573], [-79.3825266644666, 43.7488911924273], [-79.3823625528384, 43.7489662556031], [-79.3821199905687, 43.7490473766015], [-79.3819041189982, 43.7490874794177], [-79.3807982388916, 43.7493217663539], [-79.3806628253353, 43.749356568316], [-79.3799994623924, 43.7494802608013], [-79.3793170089009, 43.7496364874092], [-79.3787603301344, 43.749752680205], [-79.3773628697777, 43.7500432602384], [-79.3762783590235, 43.7502545744137], [-79.3760823878875, 43.7502985036628], [-79.3754480455894, 43.7504301497331], [-79.3748786360144, 43.7505588576625], [-79.3736564803042, 43.750815019486], [-79.3716630587361, 43.751234316077], [-79.3704578431159, 43.7514649171998], [-79.3690184002476, 43.7517806594675], [-79.3654978199137, 43.7525044618973], [-79.3641530117448, 43.7527983081288], [-79.3634954877052, 43.7529111656807], [-79.3633834391272, 43.7529237228726], [-79.3632157871955, 43.7529454767423], [-79.3630442740673, 43.7529621032469], [-79.3628367362968, 43.7529569762435], [-79.361929017057, 43.7529446857836], [-79.360852084497, 43.7529051781066], [-79.3606348920124, 43.7529082892835], [-79.3603800909373, 43.7529200307122], [-79.3599734593623, 43.7529630990163], [-79.3587415045156, 43.7532351841589], [-79.3574965875464, 43.7535018384945], [-79.3555613358488, 43.753929161903], [-79.3552254758183, 43.754003573428], [-79.3541038690897, 43.7542520925474], [-79.3526491060032, 43.7545648269966], [-79.3520384588823, 43.754707265605], [-79.3508865932331, 43.7549686124703], [-79.3486838549428, 43.7554513046553], [-79.3470484410926, 43.7558203645433], [-79.343905215966, 43.7565056602662], [-79.3438656350548, 43.756268263359], [-79.3438693034384, 43.7562375021701], [-79.343865704928, 43.7561220474361], [-79.3438591540123, 43.7560192361611], [-79.3438613706774, 43.7559216840843],"
112,Bridle Path-Sunnybrook-York Mills,41,10411,17,31,20,26,33,45,47,44,36,185.4883,335.3889,214.2016,272.0804,336.6317,448.9674,462.5984,429.4778,345.7881,6,12,11,3,9,11,16,39,59,65.46645,129.828,117.8109,31.39389,91.80863,109.7476,157.4803,380.6735,380.6735,3,6,6,6,3,6,11,1,3,32.73322,64.91399,64.26047,62.78778,30.60288,59.86232,108.2677,9.760859,9.760859,36,36,49,67,53,53,30,19,45,392.7987,389.4839,524.7938,701.1302,540.6508,528.7838,295.2756,185.4563,432.2351,,,,,,,,,,,,,,,,,,,2,1,2,1,1,13,8,5,3,21.82215,21.42016,10.46463,10.20096,129.7017,78.74016,48.80429,28.81568,10.819,,,,1,2,3,3,,1,,,,10.46463,20.40192,29.93116,29.52756,,9.605226,27,16,12,12,19,25,39,12,27,294.599,173.104,128.5209,125.5756,193.8182,249.4263,383.8583,117.1303,259.3411,8,3,5,5,4,3,6,1,6,87.2886,32.45699,53.55039,52.32315,40.80384,29.93116,59.05512,9.760859,57.63135,"{'type': 'MultiPolygon', 'coordinates': [[[[-79.3783787436287, 43.7443004761979], [-79.3782434617563, 43.7440296115238], [-79.378216673213, 43.7437638673311], [-79.3780902872286, 43.743497395589], [-79.3777993545818, 43.7433238835877], [-79.3774345340812, 43.7432188360751], [-79.3771018252892, 43.7430762593302], [-79.3768320040683, 43.7428356452912], [-79.3765830226347, 43.7426720953872], [-79.3763150214494, 43.7425808116264], [-79.3762831633118, 43.7425507041766], [-79.3761240579762, 43.7424003107856], [-79.3758538956391, 43.7422681857126], [-79.3756057365598, 43.742243351797], [-79.3753191519064, 43.7421885908635], [-79.3752315707267, 43.7419681365925], [-79.3750296708277, 43.7417896294051], [-79.3748664079141, 43.7415988860244], [-79.3745984441332, 43.7416123187364], [-79.3743043870766, 43.7415821120522], [-79.3741064577345, 43.7414183331353], [-79.3738234407085, 43.7413284586458], [-79.3736395004074, 43.7411249274302], [-79.3732979974161, 43.7410470486618], [-79.373121742909, 43.7409156965823], [-79.3731213907935, 43.7407883019291], [-79.3730131981069, 43.740638419233], [-79.372884645318, 43.7404891892137], [-79.3726382078828, 43.7404874833105], [-79.3725347462149, 43.7406193347422], [-79.3724906925213, 43.7407268505191], [-79.3724351853062, 43.740796494513], [-79.3723641359399, 43.7408129768171], [-79.3722423913612, 43.7407959902801], [-79.3721193449701, 43.7407957896776], [-79.3721049375967, 43.7407985556689], [-79.3718955988871, 43.7408711498404], [-79.3716789050964, 43.7408935896425], [-79.3715777670452, 43.7407505364283], [-79.3713623286655, 43.7407669465987], [-79.3712692752927, 43.7406284120741], [-79.3711236107659, 43.7405809199189], [-79.3708655742882, 43.7406674815385], [-79.3706402973644, 43.7405771059952], [-79.370651054107, 43.7403672998894], [-79.3706629011019, 43.7402154538953], [-79.3709080005643, 43.7401456119406], [-79.3710368989316, 43.7399470096875], [-79.3710490203662, 43.7397189237392], [-79.3707559984979, 43.7396286613183], [-79.3706305011821, 43.7395051042088], [-79.3708967637901, 43.7393894692928], [-79.3710117876778, 43.7391758112359], [-79.3708047569666, 43.7389792698915], [-79.3705202335532, 43.7388648214807], [-79.3703159373548, 43.7387260521377], [-79.3702651017023, 43.7386671529385], [-79.3701714056596, 43.7385585548156], [-79.3699664753646, 43.7384270661426], [-79.3696688593838, 43.7382774060214], [-79.3696156002117, 43.7380372920091], [-79.369377448722, 43.7379465483832], [-79.3691191828843, 43.7379148654663], [-79.3689929273992, 43.7380337174294], [-79.3688720885797, 43.738117020496], [-79.3687449977572, 43.7380437119369], [-79.3687087869011, 43.7379691138748], [-79.3687052077734, 43.7379591991618], [-79.3686681937713, 43.7378484683388], [-79.3685606288075, 43.7376464387608], [-79.3683891565169, 43.737437781902], [-79.3681998064676, 43.7372305261751], [-79.3679675465124, 43.7370543478224], [-79.3677178669299, 43.7369022978475], [-79.3674207463832, 43.7368158120115], [-79.3671746080598, 43.7367420766302], [-79.3669536097124, 43.7366457944324], [-79.3667755355734, 43.7366132722926], [-79.3667056256429, 43.7366321839871], [-79.3666776370817, 43.7367081394267], [-79.3665790841693, 43.7368123574297], [-79.3662790284043, 43.7367066657649], [-79.3660432409545, 43.73655700496], [-79.3658312649618, 43.736640917612], [-79.3655976305613, 43.7367614760247], [-79.3652911025981, 43.7367079272108], [-79.3650485799021, 43.7365348977841], [-79.3648069363001, 43.7364408470018], [-79.3644830167397, 43.7364157277247], [-79.3643618584724, 43.7362483144515], [-79.3643298703536, 43.7360544801007], [-79.3641324316858, 43.7360287004876], [-79.3638874907695, 43.7359831236224], [-79.3636645668004, 43.7359129273992], [-79.3635284755629, 43.7358175050568], [-79.3635299965218, 43.7356946579099], [-79.3636565078571, 43.7355250911211], [-79.3635461376876, 43.7353102888845], [-79.3634555612067, 43.735131839088], [-79.3634709038382, 43.7349300504072], [-79.3633088423837, 43.7347975385097], [-79.3630795341596, 43.7347965435542], [-79.3629210424032, 43.7346780776899], [-79.362770102852, 43.7345634185562], [-79.3624921263504, 43.7345272686067], [-79.3622336512139, 43.7344863985949], [-79.3620314914938, 43.7343456092503], [-79.3619029366018, 43.7341663292883], [-79.3617977657712, 43.7340151349184], [-79.3616990849145, 43.7339092422939], [-79.3616020469386, 43.7338228023602], [-79.3615668740153, 43.7338033082098], [-79.3615400812764, 43.7337886944978], [-79.3615032303449, 43.7337752736166], [-79.3614562965504, 43.7337691407507], [-79.3614194293097, 43.7337630117568], [-79.3613641493135, 43.7337422865223], [-79.3613072295727, 43.7337057442441], [-79.3611616406255, 43.7335876428341], [-79.3610846106649, 43.7335462156047], [-79.3610243342999, 43.7335121082807], [-79.360970780771, 43.7334694852532], [-79.360913892164, 43.7334195762362], [-79.3608603276202, 43.7333818231346], [-79.3608067322397, 43.7333574455576], [-79.360717926518, 43.7333354467509], [-79.3607111138548, 43.7333342406552], [-79.3606144603683, 43.733318847795], [-79.360592630153, 43.7332627706904], [-79.3605707988946, 43.7332399525716], [-79.3605203959503, 43.7332307370817], [-79.3604854310452, 43.73322343938], [-79.3604519105743, 43.7332140825227], [-79.3604226614776, 43.7332047302187], [-79.3603784455975, 43.7331881141083], [-79.3602893021109, 43.7331512530101], [-79.3601744804681, 43.73310660155], [-79.3601323920321, 43.7330936155789], [-79.3601031476866, 43.7330873686596], [-79.3600753154063, 43.7330821594232], [-79.3600325017772, 43.7330764092375], [-79.3598990487896, 43.7330581349487], [-79.359815651116, 43.7330491127545], [-79.359821716931, 43.733199575291], [-79.3597413088763, 43.7332021144696], [-79.3597383783326, 43.7332022092612], [-79.3596457547599, 43.7332152379861], [-79.359581345138, 43.7332239077762], [-79.3594786740756, 43.733234007263], [-79.3594203015894, 43.7332354021566], [-79.3593559042617, 43.7332280227863], [-79.3592915501736, 43.7332075111102], [-79.3592473288158, 43.7331826497367], [-79.3592091448577, 43.7331563272893], [-79.3591890738434, 43.7331344120489], [-79.3591710315446, 43.7330993660337], [-79.3591369810116, 43.7330307257972], [-79.3591269985118, 43.732994231555], [-79.3591190776707, 43.7329416726874], [-79.3591273318568, 43.7328468096013], [-79.3591415963913, 43.7327723867292], [-79.3591739742868, 43.7326965285397], [-79.359204327025, 43.7326323506572], [-79.3592406864504, 43.7325740142202], [-79.3592710256445, 43.7325098271204], [-79.35929530174, 43.7324587749867], [-79.3593195503908, 43.7324091810632], [-79.3593357755926, 43.7323610268861], [-79.3593499630273, 43.7323243817743], [-79.3593806852843, 43.7322607538739], [-79.359409627055, 43.7322106258586], [-79.3594347042729, 43.7321674688915], [-79.359452080754, 43.7321312603138], [-79.3594617605803, 43.732100623512], [-79.3594637243746, 43.7320727670427], [-79.359456131536, 43.7320337455596], [-79.3594504829321, 43.7319863658811], [-79.3594390583799, 43.7319403825965], [-79.3594295349506, 43.7319097213022], [-79.3593931317063, 43.73186509371], [-79.3593355810316, 43.7318288015924], [-79.359268412615, 43.7317966832552], [-79.3591820334589, 43.7317631374499], [-79.3591187001756, 43.7317365870995], [-79.3590554072591, 43.7316933299048], [-79.3589978576368, 43.7316514661011], [-79.3589499151671, 43.7316151866162], [-79.3589115555718, 43.7315900617439], [-79.3588673718946, 43.7315816443385], [-79.3587867011614, 43.7315801498905], [-79.3586887133874, 43.7315842230886], [-79.3584978503355, 43.7315987579155], [-79.3583994980473, 43.7316152166122], [-79.3582500559186, 43.7314408933167], [-79.3580853078204, 43.7313667436956], [-79.3578349444989, 43.7312674197876], [-79.3576086205543, 43.7311861359497], [-79.3575153683473, 43.7310779956318], [-79.3576727330432, 43.730799135509], [-79.3575182212352, 43.730686418685], [-79.3573129121122, 43.7307266855486], [-79.3571616344885, 43.7305644661015], [-79.3571368914462, 43.7303618983571], [-79.3571540031409, 43.7303230067915], [-79.3572057944681, 43.7301854156807], [-79.3572283499595, 43.7301114444505], [-79.3572359027566, 43.7300780689165], [-79.3572384550345, 43.7300482959321], [-79.357236035348, 43.7300221259081], [-79.3572236641426, 43.7299887250531], [-79.3572038070357, 43.7299661345464], [-79.3571764924392, 43.7299426426907], [-79.3571317587745, 43.7299155203813], [-79.3570944790089, 43.7298965167748], [-79.3570298289469, 43.7298765884103], [-79.3569501932545, 43.7298746978781], [-79.3568481149823, 43.729877117019], [-79.356534115375, 43.729893799011], [-79.3564470281084, 43.7298981900316], [-79.356382230895, 43.7299041666274], [-79.3563320855115, 43.7299025917905], [-79.3562923921303, 43.7298964835168], [-79.3562318350438, 43.7298782252501], [-79.3561775398523, 43.7298629985621], [-79.3561274102622, 43.729855356223], [-79.3560814491194, 43.7298537865466], [-79.3559957573987, 43.7298612666843], [-79.3558640482858, 43.7298853412869], [-79.3557469764851, 43.7299079300464], [-79.3556634354837, 43.7298881297512], [-79.3556028900202, 43.7298653253159], [-79.3555590867904, 43.7298334509864], [-79.3555215713898, 43.7297939959181], [-79.3554715460061, 43.7297378640959], [-79.355438186438, 43.7297090266274], [-79.3554026978124, 43.7296938325306], [-79.3553233236003, 43.7296755496655], [-79.355216796156, 43.7296602568267], [-79.3550955822417, 43.7296661616412], [-79.3549910879245, 43.7296675413244], [-79.3548991669964, 43.7296583334188], [-79.3547947138753, 43.7296475971443], [-79.3547028015678, 43.7296353558352], [-79.354656853137, 43.7296231721266], [-79.3546276418314, 43.7296094979723], [-79.3545913800143, 43.7295800629347], [-79.3545712726338, 43.7295593528553], [-79.3545554374489, 43.729531806503], [-79.3545484368353, 43.7295061980209], [-79.3545458305029, 43.7294857084304], [-79.3545494556987, 43.7294492215379], [-79.3545631229684, 43.7293515761862], [-79.3545705678127, 43.7292911330423], [-79.3545706843693, 43.7292431203222], [-79.3545655046692, 43.7291931837652], [-79.3545576678988, 43.7291490055737], [-79.3545365532009, 43.7291182480822], [-79.3544916347739, 43.7290759480248], [-79.3543832418764, 43.7290009199508], [-79.3542801360582, 43.7289316501966], [-79.3541902617335, 43.7288624061501], [-79.3541162572343, 43.7288008511359], [-79.3540739923391, 43.7287547103087], [-79.3540370140032, 43.7287143377968], [-79.3540132699104, 43.7286778258396], [-79.3540001542054, 43.7286297962869], [-79.3540082667614, 43.7285606768545], [-79.3540056949067, 43.7285261085505], [-79.3539872803061, 43.7284723122854], [-79.3539662693605, 43.7283993032883], [-79.3539584466846, 43.7283493718447], [-79.3539585677898, 43.7282994422814], [-79.3539640233817, 43.7282303196903], [-79.3539773894823, 43.7281804071425], [-79.3540009499432, 43.7281389420124], [-79.3540285966609, 43.7280964282724], [-79.354044045009, 43.7280728916416], [-79.3540561103848, 43.7280319785242], [-79.3540613270556, 43.7279947825558], [-79.3540562936285, 43.7279563413867], [-79.3540426996629, 43.7279216062151], [-79.3540069228961, 43.7278620441523], [-79.353952373397, 43.7277937724276], [-79.3538738816597, 43.7277254781147], [-79.353803908782, 43.7276708229322], [-79.3537527263312, 43.7276273626883], [-79.3536930091498, 43.7275714875129], [-79.3536349690146, 43.727530493591], [-79.3535905843383, 43.7275043968448], [-79.3535325019292, 43.7274807660345], [-79.3535051720818, 43.7274695695256], [-79.3534535568144, 43.7273642515028], [-79.3534226677651, 43.7273012031908], [-79.3532542978225, 43.7271569585484], [-79.3530420225611, 43.7270396693254], [-79.3529117835203, 43.7268504758775], [-79.3527436237603, 43.7264541954047], [-79.3527801914959, 43.7262562154565], [-79.3525914136874, 43.7262109665449], [-79.35230959723, 43.7262961235288], [-79.3520787117086, 43.7261878101348], [-79.3519238689582, 43.7260570913779], [-79.3517613044572, 43.7259173608016], [-79.3515135594815, 43.7258765429691], [-79.3512464393426, 43.7258311898644], [-79.3509740656198, 43.7258623392134], [-79.3507103665, 43.7258439924206], [-79.3504679644024, 43.7256816534782], [-79.3501665882782, 43.7255266082878], [-79.3500240425082, 43.7252950979737], [-79.35010078114, 43.7250880711477], [-79.3502237460048, 43.724844209136], [-79.3503236338197, 43.7246058068604], [-79.3504737706001, 43.7244349792794], [-79.3506813319844, 43.7243006641015], [-79.3506701105164, 43.724266256278], [-79.3506602082714, 43.7242353060362], [-79.3506303548252, 43.7241964353231], [-79.350600482169, 43.724165458835], [-79.3505624306593, 43.7241344723279], [-79.3505207639709, 43.7241047940943], [-79.3504645757238, 43.7240750980045], [-79.3502594655235, 43.7239676607932], [-79.3500541983124, 43.7238595024444], [-79.3499313528243, 43.7237874577636], [-79.3499222404831, 43.7237782638814], [-79.3499138344832, 43.7237650032884], [-79.3499138858826, 43.7237440936613], [-79.3499174332206, 43.7237303348934], [-79.3499336771177, 43.723701804191], [-79.3499490429517, 43.7236764949635], [-79.3499091492672, 43.7236132364131], [-79.3499002311766, 43.7235758509092], [-79.3499234778052, 43.723556250431], [-79.3501219845959, 43.723498398825], [-79.3501932776277, 43.7233687572406], [-79.3501946560667, 43.7233332401361], [-79.3501766617897, 43.723312657016], [-79.3500293922233, 43.7233002492672], [-79.349874134843, 43.7231860994538], [-79.3498626046063, 43.7231664433768], [-79.3498742721913, 43.7231309488023], [-79.3499780622923, 43.7230346548026], [-79.3502652124838, 43.7229810235045], [-79.350376269028, 43.7228568349982], [-79.3503801972094, 43.7228297372132], [-79.3503289648193, 43.7226988191975], [-79.3503316006909, 43.722677327417], [-79.3503483931949, 43.7226623984735], [-79.3505262653588, 43.7226458079009], [-79.3505713502807, 43.7226580186284], [-79.3506845635472, 43.722734784747], [-79.3507270549274, 43.7227470011977], [-79.350772172844, 43.7227461145269], [-79.3510144417644, 43.7227119561234], [-79.3512608677877, 43.7226582604629], [-79.3514590580868, 43.7225009876376], [-79.3516800764057, 43.7223617550818], [-79.3518895871081, 43.722177492095], [-79.3519754023587, 43.7219795760697], [-79.352010414938, 43.7217725925266], [-79.3522453735846, 43.7216513792768], [-79.3524880742902, 43.7215301673151], [-79.3525674327022, 43.7214638136999], [-79.3526761671028, 43.721372888118], [-79.3527057388243, 43.7211973571416], [-79.3527072492978, 43.721188402147], [-79.3527144565628, 43.7211596165141], [-79.3527624852419, 43.7209679430914], [-79.3529001071609, 43.7209951239167], [-79.3531317802582, 43.720941405126], [-79.3531644269157, 43.7211832300599], [-79.3531720460564, 43.7212396323982], [-79.3532369249818, 43.72172013031], [-79.3586388681173, 43.7206823980744], [-79.3598821051755, 43.7204435229149], [-79.3617893249443, 43.7200770363682], [-79.3621291483915, 43.7200117383841], [-79.3657554419615, 43.7191653732377], [-79.3669233242424, 43.7189371709681], [-79.3694065760903, 43.7184804491668], [-79.3718362124745, 43.7179660315503], [-79.3756617567275, 43.7172082373933], [-79.3756822549784, 43.7172041736299], [-79.3780957032978, 43.716726042431], [-79.3779841799088, 43.7160802993836], [-79.3776255424936, 43.7138594311847], [-79.3774928310187, 43.7130996550965], [-79.3782107215609, 43.7129389932541], [-79.3788709278439, 43.7127912276655], [-79.3789247151053, 43.7127707525362], [-79.3789870112494, 43.7127328784924], [-79.3800607233681, 43.7125206440904], [-79.3810499629461, 43.7123247125559], [-79.3815135320592, 43.7122328855762], [-79.3814966554694, 43.7121887620317], [-79.3819845537074, 43.7120862111435], [-79.3829552677688, 43.7118826554691], [-79.3838280028856, 43.7116991556212], [-79.3839693957269, 43.7117104696656], [-79.3844825510205, 43.7116146939738], [-79.3846242552962, 43.7115932062621], [-79.3857124045476, 43.7113630124675], [-79.3860262489982, 43.7121786690639], [-79.3861828766823, 43.7121472852281], [-79.3863424995536, 43.7126055539113], [-79.3863107067883, 43.712631904775], [-79.3862139799773, 43.7126625482483], [-79.3863772367058, 43.7130836185475], [-79.3864244499698, 43.7130797590065], [-79.386642221439, 43.7136402409342], [-79.3870971153922, 43.7148123578914], [-79.3873510225076, 43.7154671354905], [-79.3873880975779, 43.7156093559253], [-79.3875907634736, 43.7163802250294], [-79.3878110697124, 43.7172181525051], [-79.3878866582662, 43.7175056817712], [-79.3881516442096, 43.7185135235447], [-79.3882677685843, 43.7189551668071], [-79.3882969324672, 43.7190894221854], [-79.3887829463275, 43.7214187446962], [-79.3888362048647, 43.7216793287032], [-79.3890492887478, 43.7226908802371], [-79.3892539284532, 43.7236880655045], [-79.3892614992214, 43.7237019164952], [-79.3896582655856, 43.7246332180384], [-79.3896079419245, 43.7246497321982], [-79.3895754272369, 43.7246613660598], [-79.3895373213086, 43.7246758482438], [-79.3894926431081, 43.7246931865275], [-79.3894641343422, 43.7247062742019], [-79.3896465627192, 43.7255994002446], [-79.3896634900969, 43.7256822466808], [-79.3898790265476, 43.7267045811244], [-79.3898976514149, 43.7267961058629], [-79.3900797541885, 43.7276907524816], [-79.3901670635037, 43.7281124184258], [-79.3902236991515, 43.7283314732521], [-79.3903006753388, 43.7284506421477], [-79.3903588488505, 43.7285621603375], [-79.3905471202566, 43.7291437127141], [-79.3908973432631, 43.7299390278207], [-79.3906511208505, 43.7299997312198], [-79.3912700209638, 43.7324479822533], [-79.392411116744, 43.7369205032055], [-79.3980496070833, 43.7356916481743], [-79.3999920325338, 43.7352682991882], [-79.4034251865914, 43.7345195230105], [-79.4045551584154, 43.7342711020271], [-79.4045767994001, 43.7343701872538], [-79.4048374043154, 43.7355382516035], [-79.4049357941946, 43.7360195565606], [-79.4051433829963, 43.7369879731408], [-79.4054263870983, 43.7382072348846], [-79.4056159789297, 43.7390240539606], [-79.4059169915772, 43.7403858626527], [-79.4062548922126, 43.7418668408216], [-79.4064572202921, 43.7430267600728], [-79.406501124932, 43.7433121432261], [-79.405657316227, 43.7435015648961], [-79.4052672646103, 43.7435793006029], [-79.4046956735103, 43.7436856788961], [-79.4044207652311, 43.743754434324], [-79.4043239072516, 43.7437945801545], [-79.4042679246331, 43.7438181877754], [-79.4042219100863, 43.7438419219674], [-79.4041758366006, 43.7439342450431], [-79.4041218796562, 43.7440885254017], [-79.4040700838819, 43.7442265697264], [-79.4040064807083, 43.7442166956586], [-79.4039398591507, 43.7442074942947], [-79.4038283185856, 43.744197471873], [-79.4037242113678, 43.7441894007524], [-79.4036203280867, 43.7441740738364], [-79.4034739802661, 43.7441597823197], [-79.4033312134439, 43.7441422983992], [-79.4032349727523, 43.7441372665721], [-79.4030970788711, 43.7441390941814], [-79.4029768249162, 43.7441358055211], [-79.4028704977003, 43.7441342123124], [-79.4027945740952, 43.7441342648835], [-79.4026807208846, 43.7441343472468], [-79.4026070050598, 43.7441435198471], [-79.4025030948638, 43.7441593814535], [-79.4023833098126, 43.7441727808843], [-79.4022634865123, 43.7442017615562], [-79.4021498297311, 43.7442257790225], [-79.402012826051, 43.7442453920863], [-79.4019254162794, 43.7442611948915], [-79.4016840440331, 43.7443267508888], [-79.4014704204629, 43.7443837511245], [-79.4010055854016, 43.7444713188202], [-79.4006019088206, 43.74456690314], [-79.4000139774707, 43.7447225436048], [-79.399644085506, 43.7448082261459], [-79.3990888147963, 43.7449122595328], [-79.396443747139, 43.7454619914039], [-79.394213926803, 43.7459435042307], [-79.3916149723492, 43.7464852554072], [-79.3890139436923, 43.7470417886808], [-79.3863985494539, 43.7475798586662], [-79.385282788089, 43.7478169344121], [-79.3841590202551, 43.7480679606776], [-79.3839985288058, 43.7481097347343], [-79.3838489833607, 43.7481538053709], [-79.3837181758923, 43.7482103886506], [-79.3834908561833, 43.7483036257269], [-79.3832567851649, 43.7484645452328], [-79.3829591440862, 43.7486548136634], [-79.3829451462877, 43.7486637651838], [-79.3826742974598, 43.7488163189573], [-79.3823175244592, 43.7485435486397], [-79.3820541342783, 43.7484390613368], [-79.3818097464221, 43.7483134307146], [-79.3815399459392, 43.7481733532737], [-79.381429693403, 43.7479742224218], [-79.3813640972163, 43.7477349928788], [-79.3812517741524, 43.7475098368928], [-79.3810432723611, 43.7473983824706], [-79.3807224326849, 43.7473334284262], [-79.3804337901526, 43.7472442046327], [-79.3801843618145, 43.7471035150409], [-79.3799775306018, 43.7468969721556], [-79.3799206461576, 43.7466385062994], [-79.3797362228409, 43.7464721501583], [-79.3795267759096, 43.7463396206869], [-79.3792911655558, 43.7462461912859], [-79.3790253097979, 43.7461892117098], [-79.3787005804879, 43.7460816000689], [-79.378406491323, 43.7459268176993], [-79.3784144181805, 43.7456727129167], [-79.3784655438262, 43.7454351352724], [-79.3785130569846, 43.745271265059], [-79.378574816942, 43.7452704487163], [-79.3787124646815, 43.7452686589331], [-79.3788374833082, 43.7451451148678], [-79.3787937223152, 43.7449213081329], [-79.3786792904176, 43.7447088383142], [-79.3784803674496, 43.7445217530241], [-79.3783787436287, 43.7443004761979]]]]}"
113,St.Andrew-Windfields,40,19666,53,41,53,47,59,64,48,50,58,289.1908,224.9657,291.7699,254.3428,312.5828,333.4723,247.8315,257.4268,294.9253,17,25,10,15,24,40,31,63,85,92.75932,137.1742,55.05092,81.17323,127.1523,208.4202,160.0578,324.3577,324.3577,8,1,7,5,7,4,16,14,8,43.65144,5.486969,38.53564,27.05774,37.08609,20.84202,82.61049,72.07949,72.07949,81,79,56,88,81,84,50,33,52,441.9709,433.4705,308.2852,476.2162,429.1391,437.6824,258.1578,169.9017,264.4157,1,,,2,,,,,,5.456430403,,,11,,,,,,8,5,17,1,5,11,9,2,8,43.65144,93.58657,5.411548,26.49007,57.31555,46.4684,10.29707,40.67934,27.43484,1,,2,,1,2,1,,,5.45643,,11.01018,,5.298013,10.42101,5.163156,,,59,43,27,31,27,50,60,62,59,321.9294,235.9396,148.6375,167.758,143.0464,260.5252,309.7893,319.2092,300.0102,10,14,9,7,6,7,4,7,13,54.5643,76.81756,49.54583,37.88084,31.78808,36.47353,20.65262,36.03975,66.10394,"{'type': 'MultiPolygon', 'coordinates': [[[[-79.3576152961842, 43.7647589192059], [-79.3574537230551, 43.7647326324308], [-79.3573047727521, 43.7647359294373], [-79.357190314361, 43.7647387209378], [-79.357044155777, 43.7647485926398], [-79.3569029434728, 43.7647777780267], [-79.3567498105086, 43.7648216200305], [-79.356631829651, 43.764858808538], [-79.3565619315317, 43.764857632166], [-79.356462655038, 43.7648534212111], [-79.3562829879208, 43.7648311871044], [-79.3561020336387, 43.7648020211427], [-79.3559122254308, 43.764767631397], [-79.3557442641405, 43.7647379675333], [-79.3556252086697, 43.7647105702766], [-79.3554976455372, 43.7646826767996], [-79.3554654003232, 43.7646786301426], [-79.3552580836716, 43.7646531017855], [-79.3550720858979, 43.7646301200798], [-79.354948838148, 43.7646104670901], [-79.3548861107388, 43.7645973900719], [-79.3548301301962, 43.7645729529289], [-79.3547809369324, 43.7645209081438], [-79.3547519912455, 43.7644363867435], [-79.3547031203812, 43.7642559859599], [-79.3546719586174, 43.7641633508892], [-79.3546452182408, 43.7640966903753], [-79.3546095065546, 43.7640316744025], [-79.3545223588835, 43.7639178243615], [-79.354382555201, 43.7637707917338], [-79.3543166378218, 43.7637063589686], [-79.3542741207414, 43.7636770598671], [-79.3542248495064, 43.7636623791473], [-79.3541374694866, 43.7636443907582], [-79.3540299121904, 43.7636296357094], [-79.3538931926262, 43.7636197132201], [-79.3537833632705, 43.7636146933424], [-79.353689208656, 43.7636194521446], [-79.3535725963579, 43.7636404190105], [-79.353402130658, 43.7636824527462], [-79.3531744015725, 43.7637371575166], [-79.3530974164494, 43.7637700568017], [-79.3530368021864, 43.7638023015299], [-79.3529932347, 43.7638222551602], [-79.3529528500827, 43.7638352821731], [-79.3529039841465, 43.7638429152391], [-79.3528583208557, 43.7638459350265], [-79.3528062953738, 43.7638451121321], [-79.352763832648, 43.7638396569005], [-79.3525566854423, 43.7637917194304], [-79.3524518750223, 43.7637507638632], [-79.3523988463768, 43.7637237633141], [-79.3523384226134, 43.7636836664408], [-79.3523034385572, 43.7636574545606], [-79.352280108244, 43.7636443454611], [-79.3522323819253, 43.7636227352894], [-79.3522037359499, 43.7636103850643], [-79.3521644944198, 43.7635926373662], [-79.3520965820954, 43.7635725403753], [-79.3518633441101, 43.763534216796], [-79.3517335464854, 43.7635133818151], [-79.351700942334, 43.7635088661268], [-79.3516659234601, 43.7635118003869], [-79.3515892775484, 43.7635182173101], [-79.3514786942152, 43.7635417468356], [-79.3513672084591, 43.7635786778737], [-79.351278401343, 43.7636261516522], [-79.3512072885792, 43.7636996799383], [-79.3511767064194, 43.7637713341201], [-79.3511686458946, 43.7638415692596], [-79.3511713521406, 43.7639021952292], [-79.3511507683855, 43.7639740251898], [-79.3510982303486, 43.7640445800975], [-79.3510067754145, 43.7640974599987], [-79.3509028921044, 43.7641134811128], [-79.3507697148434, 43.7641072318043], [-79.3506335183885, 43.7640668632902], [-79.3504396371241, 43.763984150234], [-79.3504071907454, 43.763966204708], [-79.3502370095827, 43.7638926039742], [-79.3500935732709, 43.7638274366898], [-79.3499484755493, 43.7637506367397], [-79.3498053297083, 43.7636589789465], [-79.3496677767847, 43.7635804877558], [-79.3495432673489, 43.763466675037], [-79.3494289370242, 43.7632953494071], [-79.3494216639909, 43.7631697370119], [-79.349443311431, 43.7630112277131], [-79.349488790954, 43.7628582046769], [-79.3495109932455, 43.7626815851869], [-79.3495377518699, 43.762569942916], [-79.3495649336417, 43.7623933935305], [-79.3495916087247, 43.7622505800565], [-79.3496241898656, 43.7621448499635], [-79.3496729284764, 43.7619994910508], [-79.3497069412343, 43.7618622406727], [-79.3497516961329, 43.7617501982757], [-79.3497903377259, 43.7616587068007], [-79.3498239047075, 43.7615707741267], [-79.3498453195994, 43.7615047511762], [-79.3498590956796, 43.7614440561544], [-79.3498530422804, 43.7614313023002], [-79.349857714445, 43.7613555278262], [-79.3498495603381, 43.7612589072829], [-79.3498392424702, 43.7611687831879], [-79.3498084478575, 43.7610772180991], [-79.3497594161813, 43.7610125520476], [-79.3496505481241, 43.7609432528077], [-79.3495152739443, 43.7608894636178], [-79.3493675018764, 43.760852868211], [-79.3492536761468, 43.760833906114], [-79.3491446870899, 43.7608030505363], [-79.3490357240946, 43.7607373778378], [-79.3489199767384, 43.7606480136507], [-79.34881818655, 43.7605255084485], [-79.3487666566742, 43.7603929790246], [-79.3487070312873, 43.7602802677264], [-79.3486375529217, 43.7601637458839], [-79.3485480216273, 43.7600661166108], [-79.3484229779216, 43.7599704310966], [-79.3482897773555, 43.7599137712239], [-79.3481452311064, 43.7598692669741], [-79.347983027638, 43.759814288034], [-79.3478702390096, 43.7597938854509], [-79.3477080709886, 43.7597545136867], [-79.347585936779, 43.7597121893751], [-79.3474776720697, 43.7596907749802], [-79.3473385397203, 43.7596666559037], [-79.3472179923632, 43.7596551892011], [-79.347188963408, 43.7596524319444], [-79.3470894919755, 43.7596599229738], [-79.3469446922907, 43.7596574699301], [-79.3468086150305, 43.7596482775601], [-79.3466459440688, 43.7595922068097], [-79.3464844650994, 43.759511861031], [-79.3463853258127, 43.7594187819621], [-79.34631225886, 43.7592706586159], [-79.3462830378422, 43.7591439368812], [-79.3462634290977, 43.7590126732168], [-79.3462436781984, 43.758869437938], [-79.3461681202648, 43.7587386745321], [-79.3460808464131, 43.7586153307337], [-79.345984321287, 43.7585012546426], [-79.3458566881714, 43.7583917450196], [-79.3456876993042, 43.7582782646259], [-79.3454857009, 43.7581841808456], [-79.3452835352388, 43.7580781166297], [-79.3450618378338, 43.7579572182531], [-79.3448709089147, 43.7578426625683], [-79.3446747051054, 43.7577040478243], [-79.3444994820529, 43.7575487637923], [-79.3443833068483, 43.7574234891237], [-79.3442711867649, 43.7572960950931], [-79.3441813336788, 43.7571589295448], [-79.3441040158195, 43.7570201520374], [-79.3440297177326, 43.7568807123462], [-79.3440242641111, 43.7568291193886], [-79.343905215966, 43.7565056602662], [-79.3470484410926, 43.7558203645433], [-79.3486838549428, 43.7554513046553], [-79.3508865932331, 43.7549686124703], [-79.3520384588823, 43.754707265605], [-79.3526491060032, 43.7545648269966], [-79.3541038690897, 43.7542520925474], [-79.3552254758183, 43.754003573428], [-79.3555613358488, 43.753929161903], [-79.3574965875464, 43.7535018384945], [-79.3587415045156, 43.7532351841589], [-79.3599734593623, 43.7529630990163], [-79.3603800909373, 43.7529200307122], [-79.3606348920124, 43.7529082892835], [-79.360852084497, 43.7529051781066], [-79.361929017057, 43.7529446857836], [-79.3628367362968, 43.7529569762435], [-79.3630442740673, 43.7529621032469], [-79.3632157871955, 43.7529454767423], [-79.3633834391272, 43.7529237228726], [-79.3634954877052, 43.7529111656807], [-79.3641530117448, 43.7527983081288], [-79.365134525715, 43.7525838466971], [-79.3654978199137, 43.7525044618973], [-79.3690184002476, 43.7517806594675], [-79.3704578431159, 43.7514649171998], [-79.3716630587361, 43.751234316077], [-79.3736564803042, 43.750815019486], [-79.3748786360144, 43.7505588576625], [-79.3754480455894, 43.7504301497331], [-79.3760823878875, 43.7502985036628], [-79.3762783590235, 43.7502545744137], [-79.3773628697777, 43.7500432602384], [-79.3787603301344, 43.749752680205], [-79.3793170089009, 43.7496364874092], [-79.3799994623924, 43.7494802608013], [-79.3806628253353, 43.749356568316], [-79.3807982388916, 43.7493217663539], [-79.3819041189982, 43.7490874794177], [-79.3821199905687, 43.7490473766015], [-79.3823625528384, 43.7489662556031], [-79.3825266644666, 43.7488911924273], [-79.3826742974598, 43.7488163189573], [-79.3829451462877, 43.7486637651838], [-79.3829591440862, 43.7486548136634], [-79.3832567851649, 43.7484645452328], [-79.3834908561833, 43.7483036257269], [-79.3837181758923, 43.7482103886506], [-79.3838489833607, 43.7481538053709], [-79.3839985288058, 43.7481097347343], [-79.3841590202551, 43.7480679606776], [-79.385282788089, 43.7478169344121], [-79.3863985494539, 43.7475798586662], [-79.3890139436923, 43.7470417886808], [-79.3916149723492, 43.7464852554072], [-79.394213926803, 43.7459435042307], [-79.396443747139, 43.7454619914039], [-79.3990888147963, 43.7449122595328], [-79.399644085506, 43.7448082261459], [-79.4000139774707, 43.7447225436048], [-79.4006019088206, 43.74456690314], [-79.4010055854016, 43.7444713188202], [-79.4014704204629, 43.7443837511245], [-79.4016840440331, 43.7443267508888], [-79.4019254162794, 43.7442611948915], [-79.402012826051, 43.7442453920863], [-79.4021498297311, 43.7442257790225], [-79.4022634865123, 43.7442017615562], [-79.4023833098126, 43.7441727808843], [-79.4025030948638, 43.7441593814535], [-79.4026070050598, 43.7441435198471], [-79.4026807208846, 43.7441343472468], [-79.4027945740952, 43.7441342648835], [-79.4028704977003, 43.7441342123124], [-79.4029768249162, 43.7441358055211], [-79.4030970788711, 43.7441390941814], [-79.4032349727523, 43.7441372665721], [-79.4033312134439, 43.7441422983992], [-79.4034739802661, 43.7441597823197], [-79.4036203280867, 43.7441740738364], [-79.4037242113678, 43.7441894007524], [-79.4038283185856, 43.744197471873], [-79.4039398591507, 43.7442074942947], [-79.4040064807083, 43.7442166956586], [-79.4040700838819, 43.7442265697264], [-79.4041218796562, 43.7440885254017], [-79.4041758366006, 43.7439342450431], [-79.4042219100863, 43.7438419219674], [-79.4042679246331, 43.7438181877754], [-79.4043239072516, 43.7437945801545], [-79.4044207652311, 43.743754434324], [-79.4046956735103, 43.7436856788961], [-79.4052672646103, 43.7435793006029], [-79.405657316227, 43.7435015648961], [-79.406501124932, 43.7433121432261], [-79.406728769436, 43.7441581467179], [-79.4068636463599, 43.7446607126747], [-79.4069386209233, 43.7450254763954], [-79.4069957311557, 43.7453724291806], [-79.4070390216362, 43.745696426873], [-79.4070415363925, 43.7457078606841], [-79.407120727515, 43.7460692876905], [-79.4072337782015, 43.7464304005555], [-79.407454114949, 43.7473114194824], [-79.4076557029394, 43.7481153989093], [-79.407776373945, 43.7485491659446], [-79.4078436515677, 43.7488136755833], [-79.4078798025639, 43.7489391630522], [-79.4079813542831, 43.7492916422769], [-79.408053837113, 43.7495646085739], [-79.4081130010403, 43.7498021440902], [-79.408137386829, 43.7499730418367], [-79.4081421738082, 43.7500097708908], [-79.4081434288989, 43.7500174316581], [-79.4081499675821, 43.7500611738245], [-79.4081554753404, 43.7501051042131], [-79.4081603750305, 43.7501490612451], [-79.4081642932369, 43.7501929811941], [-79.4081674420125, 43.750237017377], [-79.4081697463784, 43.7502809994788], [-79.4081712941546, 43.7503250349673], [-79.4081719837908, 43.750369159343], [-79.4081717668827, 43.7504131837535], [-79.4081708560098, 43.7504572885339], [-79.4081690373235, 43.7505012942316], [-79.408166473929, 43.7505453264702], [-79.408163067139, 43.7505893127451], [-79.4081587782229, 43.7506332615206], [-79.4081537435179, 43.7506771836995], [-79.4081478402924, 43.7507210235496], [-79.4081410685693, 43.75076482699], [-79.4081335510759, 43.7508086029334], [-79.4081252894325, 43.7508522433572], [-79.4081160340487, 43.750895792504], [-79.4081068904163, 43.7509391082088], [-79.4081105140307, 43.7510219220425], [-79.4081131067454, 43.7511047350191], [-79.4081148420514, 43.7511876557999], [-79.408115708313, 43.7512704672324], [-79.4081158304334, 43.7513533772425], [-79.4081149586491, 43.7514362959147], [-79.4081132292228, 43.7515190963937], [-79.4081107439446, 43.7516019682759], [-79.4081072522855, 43.7516848036276], [-79.4081029154633, 43.7517676118976], [-79.4080978224671, 43.7518504096319], [-79.4080917345404, 43.7519332070099], [-79.4080943786419, 43.7519903753192], [-79.4080977811043, 43.7520475181777], [-79.4081019161415, 43.7521046244218], [-79.4081069196695, 43.7521617679748], [-79.4081126556806, 43.7522188316937], [-79.4081192864509, 43.7522758322453], [-79.4081266743518, 43.7523328073286], [-79.4081347711748, 43.752389701349], [-79.4081476018176, 43.7524689852017], [-79.4081534722109, 43.7525033199311], [-79.4081639275972, 43.7525600361166], [-79.4081752908654, 43.7526166632057], [-79.4081885160387, 43.7526970456017], [-79.4081886751407, 43.7527065053525], [-79.4081899898695, 43.7527399824861], [-79.4081921991666, 43.7527734504722], [-79.4081946127454, 43.7528031019149], [-79.4081962909028, 43.7528180453988], [-79.4081987905508, 43.7528402807548], [-79.4082033219985, 43.7528736784457], [-79.4082086227996, 43.7529068707636], [-79.4082146567605, 43.7529400985047], [-79.4082215603198, 43.7529732285132], [-79.4082292082855, 43.7530062509416], [-79.4082376021638, 43.7530392027262], [-79.4082468525596, 43.753072081806], [-79.4082568859747, 43.7531047557024], [-79.4082676390164, 43.7531373666915], [-79.4082791255342, 43.7531698609438], [-79.4082861613454, 43.7531982388121], [-79.4083385152695, 43.7534093855817], [-79.4083919547393, 43.7536249529728], [-79.4083873435246, 43.7536279203055], [-79.4067487976128, 43.7546586813027], [-79.4056781108975, 43.7553321908577], [-79.4032897431979, 43.7568515408688], [-79.4003900023478, 43.7586598293077], [-79.3993792613439, 43.7593072728053], [-79.3992795577641, 43.759368824855], [-79.3991790977866, 43.7594299448454], [-79.3990782767334, 43.7594906221063], [-79.3989768107871, 43.7595508319516], [-79.3988748985569, 43.7596106266829], [-79.3987724539061, 43.7596698358221], [-79.398669512077, 43.7597286750506], [-79.3985659618742, 43.7597870284614], [-79.3984619038742, 43.759844804724], [-79.398357486106, 43.7599022292046], [-79.3982524477484, 43.7599591136695], [-79.3981469257371, 43.7600154474315], [-79.3980325052286, 43.7600757350343], [-79.397934492775, 43.7601267923471], [-79.3978274458672, 43.7601816845434], [-79.3977200756503, 43.7602361624352], [-79.3976120482942, 43.7602900736792], [-79.397503661603, 43.760343524192], [-79.3973947917415, 43.7603964528113], [-79.3972855237875, 43.7604489300578], [-79.3971757733874, 43.760500858407], [-79.3970655137838, 43.7605523095122], [-79.3969547831623, 43.7606031560546], [-79.3968436807894, 43.7606535885039], [-79.3967320448623, 43.760703525356], [-79.3966200616876, 43.7607529215038], [-79.3965075826977, 43.7608018045737], [-79.3963990668605, 43.7608493223615], [-79.3962901927732, 43.7608964793703], [-79.3961808210447, 43.7609430062317], [-79.3960710662087, 43.7609891728633], [-79.395960827179, 43.7610347176371], [-79.3958503538323, 43.7610798664518], [-79.3957393459015, 43.76112441971], [-79.3956281152761, 43.7611685141444], [-79.3955163775078, 43.7612121484611], [-79.3954042661031, 43.761255161566], [-79.3952919086948, 43.7612977515318], [-79.3951790419062, 43.7613398723412], [-79.3950658275281, 43.7613813272827], [-79.394952366936, 43.7614223671825], [-79.3948384093641, 43.7614629389969], [-79.3947241788066, 43.7615028892061], [-79.3946095907099, 43.7615424066003], [-79.3944947527845, 43.761581365739], [-79.3943794332332, 43.7616197939772], [-79.3942638529467, 43.7616576539006], [-79.3941480246763, 43.7616950726404], [-79.3940317492663, 43.7617318790269], [-79.3939153143366, 43.7617682346668], [-79.3937983838786, 43.7618040222897], [-79.3936813541749, 43.7618392888822], [-79.3935637909704, 43.761874013933], [-79.3934461419558, 43.761908180325], [-79.3933280839823, 43.7619419329764], [-79.3932096665877, 43.7619750456883], [-79.3930911385308, 43.7620076002904], [-79.3929722131309, 43.762039632367], [-79.3928530653585, 43.762071195699], [-79.3927335343169, 43.7621021286565], [-79.3926138916608, 43.762132539503], [-79.3924938653203, 43.7621623820931], [-79.3923737144466, 43.762191721297], [-79.392253204804, 43.7622205826306], [-79.392131565294, 43.7622490911987], [-79.3871553427542, 43.7633203333101], [-79.3834956564608, 43.7640903313715], [-79.3824390563685, 43.7643152786586], [-79.3805773397963, 43.7647078340836], [-79.3797450773885, 43.7648822950023], [-79.3795468966737, 43.7649214312305], [-79.3793483206424, 43.7649601068194], [-79.3791496321742, 43.7649981520078], [-79.3789507222073, 43.7650355571445], [-79.3787515522769, 43.7650724126201], [-79.3785521091633, 43.7651086561201], [-79.3783525809822, 43.7651442687039], [-79.3781529041871, 43.7651793494103], [-79.3779528680494, 43.7652138808413], [-79.3777526837435, 43.7652477723544], [-79.3775524143934, 43.7652810329485], [-79.3773518726747, 43.7653137445979], [-79.3771511818321, 43.7653458523283], [-79.3769502693549, 43.7653774190352], [-79.3767492584149, 43.765408346526], [-79.3765479624409, 43.765438642954], [-79.3763465432029, 43.7654683907493], [-79.3761450133933, 43.7654975342687], [-79.3759432492659, 43.7655261014651], [-79.3757413616483, 43.7655540371892], [-79.3755393378355, 43.7655813520642], [-79.375337067327, 43.7656081354559], [-79.3751355677163, 43.7656341092122], [-79.374927592029, 43.765657122826], [-79.3747193803671, 43.7656795771747], [-79.374511181677, 43.765701501009], [-79.3743027116924, 43.7657227939447], [-79.3740942544489, 43.7657435194465], [-79.3738855624735, 43.765763640679], [-79.3736768718057, 43.7657832042182], [-79.3734680333559, 43.7658020728861], [-79.373259084206, 43.7658204831073], [-79.3730500367165, 43.7658382540824], [-79.3728409527943, 43.7658553938955], [-79.3726317713456, 43.765871956599], [-79.3724224414092, 43.7658879432671], [-79.3722130382657, 43.765903281141], [-79.3720035870429, 43.7659180975308], [-79.3717940254103, 43.7659323546329], [-79.3715843520901, 43.7659459623911], [-79.3690814013066, 43.766068500847], [-79.3657650115134, 43.7662191318416], [-79.365261632981, 43.7662422486654], [-79.3629310390089, 43.7663493374407], [-79.3627829960466, 43.7663561264194], [-79.360141636506, 43.7664720468128], [-79.3596672090423, 43.7664940760439], [-79.3596709047587, 43.7664216392803], [-79.3596702048366, 43.7663493852156], [-79.3596691487898, 43.766243161319], [-79.359673608768, 43.7661734438416], [-79.3596756200711, 43.7661420857595], [-79.3596684302358, 43.7660567281554], [-79.3596670878971, 43.7660407488975], [-79.3596136591053, 43.7659386549604], [-79.3595160498564, 43.7658260208245], [-79.3593939583345, 43.7657140759217], [-79.3592508052904, 43.7656224388721], [-79.3590806914116, 43.7655296338482], [-79.358989901961, 43.7654911050487], [-79.3589414023891, 43.7654587397402], [-79.3587791353021, 43.7653881862006], [-79.3586461531, 43.7653242935717], [-79.358486076819, 43.7652472523935], [-79.3583429505579, 43.7651712135277], [-79.3582100142467, 43.765088102614], [-79.358054698632, 43.7649679690106], [-79.3579251571992, 43.7648889032971], [-79.3577678482332, 43.7648028368349], [-79.3576152961842, 43.7647589192059]]]]}"
114,Bedford Park-Nortown,39,25143,60,28,34,52,39,59,52,44,42,254.6473,119.2149,144.9152,218.0842,160.4212,239.1569,209.3229,176.7849,167.0445,40,40,30,47,49,63,80,104,165,169.7649,170.307,127.8663,197.1146,201.5549,255.3709,322.0352,417.8553,417.8553,11,9,20,11,20,20,8,3,6,46.68534,38.31907,85.24422,46.1332,82.26729,81.07013,32.20353,12.05352,12.05352,84,67,100,121,101,90,63,30,64,356.5062,285.2642,426.2211,507.4652,415.4498,364.8156,253.6028,120.5352,254.544,,,,,,,,,,,,,,,,,,,13,8,18,17,13,14,18,10,12,55.17358,76.7198,71.29676,53.47374,56.74909,72.45793,40.17839,47.727,34.0614,1,,1,,,2,1,2,,4.244122,,4.262211,,,8.107013,4.025441,8.035679,,68,65,46,87,74,119,111,50,68,288.6003,276.7488,196.0617,364.8717,304.3889,482.3672,446.8239,200.892,270.453,10,14,7,13,7,18,10,4,8,42.44122,59.60744,29.83548,54.52105,28.79355,72.96311,40.25441,16.07136,31.818,"{'type': 'MultiPolygon', 'coordinates': [[[[-79.4270120959318, 43.7083460081502], [-79.4271561337832, 43.7082946485016], [-79.4272847318232, 43.708779349647], [-79.4274663577874, 43.7096121546238], [-79.4274918061754, 43.7097472081448], [-79.4276976009418, 43.7104944704556], [-79.42772748573, 43.7106360523827], [-79.4279365303208, 43.7114307621339], [-79.4279495870522, 43.7115432858862], [-79.4281506800862, 43.7123400160511], [-79.4282145916841, 43.7126071413406], [-79.4283671502011, 43.7132447877441], [-79.428602551481, 43.7142125883575], [-79.4287934871666, 43.7150723462884], [-79.4290088311021, 43.715959113107], [-79.4292289048418, 43.7168188789844], [-79.4294168147359, 43.7176381272578], [-79.429595837139, 43.7184303397273], [-79.4298193921918, 43.7192675758611], [-79.4299825612229, 43.7200417655865], [-79.4301403138867, 43.7208024586199], [-79.4301762194704, 43.7209510012949], [-79.4303143118727, 43.7216306796661], [-79.4305374519756, 43.7225669455218], [-79.4306656603775, 43.7230845858438], [-79.4307363228723, 43.7234375136023], [-79.4309122174766, 43.7242278940032], [-79.4310658903953, 43.7248535732337], [-79.4310971266738, 43.7250201148248], [-79.4312618555252, 43.7258033317478], [-79.4314323468218, 43.7266315482371], [-79.4315246708945, 43.7269466470097], [-79.431626549439, 43.727405770852], [-79.4317412415435, 43.7278423907834], [-79.4318346760716, 43.7282204985765], [-79.4319577957076, 43.7287471357828], [-79.4320307162582, 43.7290802247671], [-79.4321642630865, 43.7296428722291], [-79.43235190033, 43.7303900683628], [-79.4325390248441, 43.7312768454012], [-79.4326081889705, 43.7315109272039], [-79.4327649534065, 43.732168154589], [-79.4329707045927, 43.7330594521298], [-79.4330178795418, 43.7331900064568], [-79.433178891526, 43.733897660286], [-79.4332037497385, 43.7340942168492], [-79.4333552573028, 43.7347122757889], [-79.43339767134, 43.7348838641951], [-79.4334319274336, 43.7350249692054], [-79.4336162890052, 43.7357768141137], [-79.4336676506603, 43.7359862481568], [-79.4337090142781, 43.7361549912292], [-79.4336880708755, 43.7361672653301], [-79.4312121564786, 43.7376158367994], [-79.4310500505186, 43.7377106754745], [-79.4274811120848, 43.7398312072988], [-79.4266657871374, 43.7403155915079], [-79.4237201971751, 43.7421812549453], [-79.4231174648927, 43.7425685870278], [-79.4214345244704, 43.7436501089409], [-79.4198637432232, 43.7446537886387], [-79.4193562337465, 43.7450011576286], [-79.4192788057348, 43.7450479451626], [-79.4192019119165, 43.7450951470035], [-79.4191254881166, 43.7451428892174], [-79.419049698384, 43.7451910732329], [-79.4189743909131, 43.7452396627365], [-79.4188995923864, 43.7452887292281], [-79.4188255246309, 43.7453382910846], [-79.4187518418004, 43.7453882759933], [-79.4186788915562, 43.7454386401458], [-79.4186064359199, 43.7454895540228], [-79.4185346134923, 43.7455408007518], [-79.4184634107862, 43.7455925152039], [-79.4183926794357, 43.7456446719168], [-79.418322605763, 43.745697269869], [-79.418253114406, 43.7457502467929], [-79.4181843922743, 43.7458036737055], [-79.4181161539369, 43.7458575421549], [-79.4180485354219, 43.7459117801944], [-79.4179815372279, 43.745966368924], [-79.4179151723652, 43.7460214273746], [-79.417849402338, 43.7460769081947], [-79.4177843885131, 43.7461327677005], [-79.417719994987, 43.746188978801], [-79.4176561098496, 43.7462456407895], [-79.4167996405852, 43.7472168996477], [-79.4166961580892, 43.7473442807867], [-79.4165918191895, 43.7474714815915], [-79.4164868588622, 43.7475983045324], [-79.41638114194, 43.7477248827906], [-79.41627481664, 43.7478512004109], [-79.4161677333335, 43.7479771382688], [-79.4160600297036, 43.748102797312], [-79.4159517165994, 43.7482280957549], [-79.4158426465708, 43.7483531143863], [-79.4157328449754, 43.7484778805669], [-79.4156224085923, 43.748602303798], [-79.4155107179194, 43.7487272209401], [-79.4154681950675, 43.7487765246972], [-79.4154249151747, 43.7488255676359], [-79.4153810152758, 43.7488742400089], [-79.4153363702207, 43.7489226247154], [-79.4152911052421, 43.7489707297939], [-79.4152452069951, 43.7490184019947], [-79.4151987132876, 43.7490659029502], [-79.4151514625791, 43.7491129531038], [-79.4151035921817, 43.7491597146257], [-79.4150552242155, 43.7492061252824], [-79.4150061252137, 43.7492521836357], [-79.4149563927324, 43.7492978640265], [-79.41490616318, 43.7493431746489], [-79.4148551771292, 43.7493882505613], [-79.4148035970074, 43.7494328671213], [-79.4147514941915, 43.7494770964481], [-79.4146987708625, 43.7495209740991], [-79.4146454409689, 43.7495645362821], [-79.4145914893973, 43.7496076027114], [-79.4145370303448, 43.7496503172301], [-79.414481974345, 43.7496926812971], [-79.4144262739495, 43.7497346573377], [-79.4143701015211, 43.7497762090267], [-79.4143132970654, 43.7498173746601], [-79.4142559845468, 43.7498581163407], [-79.4141980754971, 43.7498983977254], [-79.414140638795, 43.7499382390496], [-79.4138605756784, 43.7501178546668], [-79.4114524693179, 43.7516622317823], [-79.4083919547393, 43.7536249529728], [-79.4083385152695, 43.7534093855817], [-79.4082861613454, 43.7531982388121], [-79.4082791255342, 43.7531698609438], [-79.4082676390164, 43.7531373666915], [-79.4082568859747, 43.7531047557024], [-79.4082468525596, 43.753072081806], [-79.4082376021638, 43.7530392027262], [-79.4082292082855, 43.7530062509416], [-79.4082215603198, 43.7529732285132], [-79.4082146567605, 43.7529400985047], [-79.4082086227996, 43.7529068707636], [-79.4082033219985, 43.7528736784457], [-79.4081987905508, 43.7528402807548], [-79.4081962909028, 43.7528180453988], [-79.4081946127454, 43.7528031019149], [-79.4081921991666, 43.7527734504722], [-79.4081899898695, 43.7527399824861], [-79.4081886751407, 43.7527065053525], [-79.4081885160387, 43.7526970456017], [-79.4081752908654, 43.7526166632057], [-79.4081639275972, 43.7525600361166], [-79.4081534722109, 43.7525033199311], [-79.4081476018176, 43.7524689852017], [-79.4081347711748, 43.752389701349], [-79.4081266743518, 43.7523328073286], [-79.4081192864509, 43.7522758322453], [-79.4081126556806, 43.7522188316937], [-79.4081069196695, 43.7521617679748], [-79.4081019161415, 43.7521046244218], [-79.4080977811043, 43.7520475181777], [-79.4080943786419, 43.7519903753192], [-79.4080917345404, 43.7519332070099], [-79.4080978224671, 43.7518504096319], [-79.4081029154633, 43.7517676118976], [-79.4081072522855, 43.7516848036276], [-79.4081107439446, 43.7516019682759], [-79.4081132292228, 43.7515190963937], [-79.4081149586491, 43.7514362959147], [-79.4081158304334, 43.7513533772425], [-79.408115708313, 43.7512704672324], [-79.4081148420514, 43.7511876557999], [-79.4081131067454, 43.7511047350191], [-79.4081105140307, 43.7510219220425], [-79.4081068904163, 43.7509391082088], [-79.4081160340487, 43.750895792504], [-79.4081252894325, 43.7508522433572], [-79.4081335510759, 43.7508086029334], [-79.4081410685693, 43.75076482699], [-79.4081478402924, 43.7507210235496], [-79.4081537435179, 43.7506771836995], [-79.4081587782229, 43.7506332615206], [-79.408163067139, 43.7505893127451], [-79.408166473929, 43.7505453264702], [-79.4081690373235, 43.7505012942316], [-79.4081708560098, 43.7504572885339], [-79.4081717668827, 43.7504131837535], [-79.4081719837908, 43.750369159343], [-79.4081712941546, 43.7503250349673], [-79.4081697463784, 43.7502809994788], [-79.4081674420125, 43.750237017377], [-79.4081642932369, 43.7501929811941], [-79.4081603750305, 43.7501490612451], [-79.4081554753404, 43.7501051042131], [-79.4081499675821, 43.7500611738245], [-79.4081434288989, 43.7500174316581], [-79.4081421738082, 43.7500097708908], [-79.408137386829, 43.7499730418367], [-79.4081130010403, 43.7498021440902], [-79.408053837113, 43.7495646085739], [-79.4079813542831, 43.7492916422769], [-79.4078798025639, 43.7489391630522], [-79.4078436515677, 43.7488136755833], [-79.407776373945, 43.7485491659446], [-79.4076557029394, 43.7481153989093], [-79.407454114949, 43.7473114194824], [-79.4072337782015, 43.7464304005555], [-79.407120727515, 43.7460692876905], [-79.4070415363925, 43.7457078606841], [-79.4070390216362, 43.745696426873], [-79.4069957311557, 43.7453724291806], [-79.4069386209233, 43.7450254763954], [-79.4068636463599, 43.7446607126747], [-79.406728769436, 43.7441581467179], [-79.406501124932, 43.7433121432261], [-79.4064572202921, 43.7430267600728], [-79.4062548922126, 43.7418668408216], [-79.4059169915772, 43.7403858626527], [-79.4056159789297, 43.7390240539606], [-79.4054263870983, 43.7382072348846], [-79.4051433829963, 43.7369879731408], [-79.4049357941946, 43.7360195565606], [-79.4050353174285, 43.7359886302885], [-79.4082410170323, 43.7352779013697], [-79.408842730433, 43.7351437337018], [-79.4101306619521, 43.7348608728112], [-79.4112364720006, 43.7346173806762], [-79.4124392344611, 43.7343516015965], [-79.4163280935959, 43.7334911617671], [-79.4169836853789, 43.7333463323302], [-79.416911148243, 43.7329547985748], [-79.416773100377, 43.7321990799375], [-79.4166233299834, 43.7313869340059], [-79.4164337152405, 43.73035243652], [-79.4162443431741, 43.7293183344824], [-79.4161577747857, 43.7288477495171], [-79.4160167686932, 43.728303980754], [-79.4158785286952, 43.7277463689844], [-79.4157372663353, 43.7273884568487], [-79.4154330029867, 43.7266370240196], [-79.4152639812724, 43.7262264422314], [-79.4150969267824, 43.7258206774672], [-79.4149162171053, 43.7253660611591], [-79.4147445884902, 43.7249342159379], [-79.414566995991, 43.7244991966887], [-79.4145662329178, 43.7244948489771], [-79.4144996408828, 43.7241216886423], [-79.4143536692209, 43.7233441146742], [-79.4142076773884, 43.722574730895], [-79.4135029558482, 43.7187703797178], [-79.414675810183, 43.718535518264], [-79.4151817800993, 43.7184367364074], [-79.417265304483, 43.7180216768903], [-79.4184650487103, 43.7177856524535], [-79.4204800284356, 43.7173850405498], [-79.4222210657343, 43.7170392213271], [-79.4219662266971, 43.7163844675073], [-79.4215491229678, 43.7153081809813], [-79.4211201581126, 43.7142036199095], [-79.4206173151396, 43.7131050634899], [-79.4202486280067, 43.7122169946563], [-79.4198962547263, 43.711350016419], [-79.4195391969093, 43.7104676414117], [-79.4193324833556, 43.709963180991], [-79.4212912358551, 43.7095495976053], [-79.424252808014, 43.7089265586939], [-79.426014666063, 43.7085558166504], [-79.4267218841358, 43.7084081830304], [-79.4270120959318, 43.7083460081502]]]]}"
115,Lansing-Westgate,38,17612,39,77,65,84,65,69,97,93,66,242.9755,472.0741,391.5427,499.3461,379.407,397.3281,555.2693,532.524,374.7445,18,22,26,28,16,25,46,61,65,112.1425,134.8783,156.6171,166.4487,93.39248,143.9595,263.3236,349.29,349.29,6,4,13,5,4,5,11,12,1,37.38085,24.52333,78.30853,29.72298,23.34812,28.79189,62.96869,68.71278,68.71278,34,27,41,42,50,39,39,16,37,211.8248,165.5325,246.9731,249.673,291.8515,224.5768,223.2526,91.61704,210.084,,,,,,,,,3,,,,,,,,,17.03384,11,5,5,14,32,9,11,12,14,68.53156,30.11867,83.22435,186.785,51.82541,62.96869,68.71278,79.49126,30.65416,,1,1,,1,2,1,3,2,,6.130832,6.023734,,5.83703,11.51676,5.724426,17.1782,11.35589,22,31,38,32,52,72,86,40,22,137.0631,190.0558,228.9019,190.2271,303.5256,414.6032,492.3007,229.0426,124.9148,4,5,4,11,6,10,8,5,12,24.92057,30.65416,24.09493,65.39056,35.02218,57.58379,45.79541,28.63033,68.13536,"{'type': 'MultiPolygon', 'coordinates': [[[[-79.4161347237403, 43.7680948601695], [-79.4153755757231, 43.7663402322819], [-79.4144252899754, 43.766563770601], [-79.4143164735547, 43.7665896040233], [-79.4141776864958, 43.7666077274875], [-79.4140669388075, 43.7666116674191], [-79.4139336546438, 43.7666116299143], [-79.4138433970796, 43.7666012643994], [-79.4136900483709, 43.7665697258675], [-79.4135053138404, 43.7665298370943], [-79.4134067010777, 43.7665254957709], [-79.4133078646648, 43.7665300838539], [-79.4127121011873, 43.7666589408748], [-79.4126047261029, 43.7666753405746], [-79.412427898408, 43.7666728911503], [-79.4122506974513, 43.7666963841035], [-79.4122162619823, 43.7665730137572], [-79.4119956863272, 43.7656659221693], [-79.4117678575371, 43.7648228753818], [-79.4116429969415, 43.7643083882801], [-79.411569030573, 43.7640081598607], [-79.4115426720189, 43.7639012144962], [-79.4113814591389, 43.763271222439], [-79.4111594607987, 43.7623607965302], [-79.4109412315635, 43.7615174318639], [-79.4108061200502, 43.76097423939], [-79.4107519729708, 43.7607225423426], [-79.4105887018943, 43.7600597835565], [-79.4105631734648, 43.7599561412143], [-79.4103426905791, 43.7590619347634], [-79.4101272675559, 43.7582347895781], [-79.4100685383796, 43.7580274915091], [-79.4099462646971, 43.7575961209176], [-79.4098839487678, 43.7573472880956], [-79.4098535925862, 43.7572352616169], [-79.4096989328529, 43.7566639603861], [-79.4096435287594, 43.7564939649028], [-79.4095925211174, 43.7563411295828], [-79.4095692520543, 43.7562897049877], [-79.4095375757511, 43.7562131068604], [-79.4095040364948, 43.7561369212752], [-79.4094696278836, 43.7560610134991], [-79.4094343502748, 43.7559852763917], [-79.4093983395932, 43.7559097370547], [-79.4093613219247, 43.7558344664055], [-79.4093234475449, 43.7557594656348], [-79.4092848040412, 43.7556846171117], [-79.4092452893587, 43.7556099752377], [-79.409204806794, 43.7555356737219], [-79.4091769620111, 43.7554718331066], [-79.4091482479725, 43.7554081721617], [-79.4091187891622, 43.755344680915], [-79.409088584342, 43.755281406168], [-79.4090576344665, 43.7552182650991], [-79.4090259392084, 43.7551554107666], [-79.4089934988025, 43.7550926468917], [-79.4089603124679, 43.7550301436337], [-79.4089265052134, 43.7549679180388], [-79.4088918298645, 43.754905782088], [-79.4088589216732, 43.7548479772232], [-79.408783576461, 43.7547209008617], [-79.4087574484479, 43.7546718961004], [-79.4087320407767, 43.7546227564039], [-79.408707540818, 43.7545733016058], [-79.4086837986635, 43.7545237042917], [-79.4086607514132, 43.75447390056], [-79.408638723793, 43.7544239174426], [-79.4086173170978, 43.7543737538895], [-79.408596904095, 43.7543233583688], [-79.4085772368055, 43.7542728543803], [-79.4085583021392, 43.754222126494], [-79.4085403853987, 43.7541712831274], [-79.4085231893855, 43.7541201958898], [-79.4085068888936, 43.7540690652987], [-79.4084913204718, 43.7540178719706], [-79.4084766215352, 43.7539664458482], [-79.408444983128, 43.7538177117242], [-79.4083919547393, 43.7536249529728], [-79.4114524693179, 43.7516622317823], [-79.4138605756784, 43.7501178546668], [-79.414140638795, 43.7499382390496], [-79.4141980754971, 43.7498983977254], [-79.4142559845468, 43.7498581163407], [-79.4143132970654, 43.7498173746601], [-79.4143701015211, 43.7497762090267], [-79.4144262739495, 43.7497346573377], [-79.414481974345, 43.7496926812971], [-79.4145370303448, 43.7496503172301], [-79.4145914893973, 43.7496076027114], [-79.4146454409689, 43.7495645362821], [-79.4146987708625, 43.7495209740991], [-79.4147514941915, 43.7494770964481], [-79.4148035970074, 43.7494328671213], [-79.4148551771292, 43.7493882505613], [-79.41490616318, 43.7493431746489], [-79.4149563927324, 43.7492978640265], [-79.4150061252137, 43.7492521836357], [-79.4150552242155, 43.7492061252824], [-79.4151035921817, 43.7491597146257], [-79.4151514625791, 43.7491129531038], [-79.4151987132876, 43.7490659029502], [-79.4152452069951, 43.7490184019947], [-79.4152911052421, 43.7489707297939], [-79.4153363702207, 43.7489226247154], [-79.4153810152758, 43.7488742400089], [-79.4154249151747, 43.7488255676359], [-79.4154681950675, 43.7487765246972], [-79.4155107179194, 43.7487272209401], [-79.4156224085923, 43.748602303798], [-79.4157328449754, 43.7484778805669], [-79.4158426465708, 43.7483531143863], [-79.4159517165994, 43.7482280957549], [-79.4160600297036, 43.748102797312], [-79.4161677333335, 43.7479771382688], [-79.41627481664, 43.7478512004109], [-79.41638114194, 43.7477248827906], [-79.4164868588622, 43.7475983045324], [-79.4165918191895, 43.7474714815915], [-79.4166961580892, 43.7473442807867], [-79.4167996405852, 43.7472168996477], [-79.4176561098496, 43.7462456407895], [-79.417719994987, 43.746188978801], [-79.4177843885131, 43.7461327677005], [-79.417849402338, 43.7460769081947], [-79.4179151723652, 43.7460214273746], [-79.4179815372279, 43.745966368924], [-79.4180485354219, 43.7459117801944], [-79.4181161539369, 43.7458575421549], [-79.4181843922743, 43.7458036737055], [-79.418253114406, 43.7457502467929], [-79.418322605763, 43.745697269869], [-79.4183926794357, 43.7456446719168], [-79.4184634107862, 43.7455925152039], [-79.4185346134923, 43.7455408007518], [-79.4186064359199, 43.7454895540228], [-79.4186788915562, 43.7454386401458], [-79.4187518418004, 43.7453882759933], [-79.4188255246309, 43.7453382910846], [-79.4188995923864, 43.7452887292281], [-79.4189743909131, 43.7452396627365], [-79.419049698384, 43.7451910732329], [-79.4191254881166, 43.7451428892174], [-79.4192019119165, 43.7450951470035], [-79.4192788057348, 43.7450479451626], [-79.4193562337465, 43.7450011576286], [-79.4198637432232, 43.7446537886387], [-79.4214345244704, 43.7436501089409], [-79.4231174648927, 43.7425685870278], [-79.4237201971751, 43.7421812549453], [-79.4266657871374, 43.7403155915079], [-79.4274811120848, 43.7398312072988], [-79.4310500505186, 43.7377106754745], [-79.4312121564786, 43.7376158367994], [-79.4336880708755, 43.7361672653301], [-79.4337090142781, 43.7361549912292], [-79.4337606992022, 43.7363657667099], [-79.4337949816679, 43.7364720552461], [-79.4339581640873, 43.737152687334], [-79.4340086219779, 43.7373631019106], [-79.4340667155242, 43.7376172218634], [-79.4342521495524, 43.7384247837795], [-79.4346646424387, 43.7400098385821], [-79.4348283030401, 43.7405993313633], [-79.4348791711666, 43.7408828184434], [-79.4350318200804, 43.7415109833773], [-79.4350950295045, 43.7418069970067], [-79.4353186750969, 43.7426539762298], [-79.4355969612911, 43.7435657134244], [-79.435761046762, 43.7442639407165], [-79.4358030742322, 43.7444619280249], [-79.4360109768827, 43.7451746069321], [-79.4360436737768, 43.7452979963059], [-79.43624510173, 43.7461629090053], [-79.4364797305413, 43.7472564974007], [-79.4367266689822, 43.7482720072776], [-79.436951393445, 43.7491295415325], [-79.4371652368263, 43.7499607038812], [-79.4373401297886, 43.7507720875554], [-79.43752973939, 43.7515014336101], [-79.4377337448143, 43.7523885858627], [-79.4379883924153, 43.7534467169263], [-79.4381194994378, 43.7539888573652], [-79.4382436602941, 43.754502290561], [-79.4384849102849, 43.755467015868], [-79.4384301833303, 43.7554669865], [-79.4381930432132, 43.7554803691955], [-79.4379136126393, 43.7555117219077], [-79.4374532584821, 43.7556059925047], [-79.4369955956929, 43.7557002719451], [-79.4328361460039, 43.7566432447574], [-79.4308634502393, 43.7570831358324], [-79.4304162393875, 43.7571956407108], [-79.4300277589099, 43.7572933634812], [-79.4301156770353, 43.7573842126442], [-79.4302766027779, 43.7574968255046], [-79.4303153799246, 43.7575238525971], [-79.4305470013567, 43.7575869927136], [-79.430798856695, 43.757582645355], [-79.4310321505184, 43.7575422806175], [-79.4312797934766, 43.7574974241439], [-79.4313465909918, 43.7574659600795], [-79.431515043935, 43.7574390570848], [-79.4317405655054, 43.7573851848429], [-79.4319598848647, 43.757335809051], [-79.4322211278698, 43.757286457911], [-79.4324932135504, 43.7572371126503], [-79.4327493821909, 43.7572057594045], [-79.4329853452932, 43.7571968962666], [-79.4332262924501, 43.7572510362481], [-79.4334842650716, 43.7573501901448], [-79.4336897408887, 43.7575438177652], [-79.4337287376852, 43.7577553595228], [-79.433693985568, 43.7579623573256], [-79.4338665837285, 43.7580614610429], [-79.4341296508649, 43.7581291134752], [-79.4343965831792, 43.7582057679787], [-79.4346107415493, 43.7582778822253], [-79.4346959875959, 43.7583994471372], [-79.4348437757563, 43.7584760323963], [-79.4349973272988, 43.758597635876], [-79.4350798830908, 43.7587056976548], [-79.4352613296411, 43.758872313445], [-79.4355658708187, 43.7589849999635], [-79.4359092691218, 43.7590526928261], [-79.4362359958602, 43.7591023642143], [-79.4365534593563, 43.7591295354299], [-79.4368662729543, 43.7591251902847], [-79.4371322005668, 43.7590533187315], [-79.4374020021931, 43.7589949493235], [-79.4377104916527, 43.7590401155367], [-79.4379703693146, 43.7591977772454], [-79.4381428421474, 43.7594048978728], [-79.4381088459706, 43.7596389104346], [-79.4379770609965, 43.7598368741515], [-79.4377362646183, 43.7599942729422], [-79.4376168839056, 43.7602057538628], [-79.4376597088616, 43.7604533191909], [-79.4378430646623, 43.7606469537654], [-79.438104998589, 43.7606966019728], [-79.4383347330513, 43.7607192205832], [-79.4384730751178, 43.7609218306317], [-79.4385648173526, 43.7611514191172], [-79.4387404433777, 43.7613315463464], [-79.4390236103023, 43.7614622244803], [-79.4393417755859, 43.7615569147752], [-79.4396688800722, 43.7616065941079], [-79.4399875663048, 43.7615662570465], [-79.4400399251165, 43.7617804675951], [-79.4404371399614, 43.7634061093986], [-79.4399638665148, 43.7635197985222], [-79.4389203732135, 43.7637388478739], [-79.4376422740437, 43.7633452110683], [-79.4342414778335, 43.7640637960943], [-79.4325144157185, 43.7644162291211], [-79.4312720085542, 43.7647104133116], [-79.4299938084211, 43.7650040930776], [-79.4282120235052, 43.7653945664349], [-79.4255632229906, 43.7659875702934], [-79.4161347237403, 43.7680948601695]]]]}"
116,Willowdale West,37,19225,78,103,95,76,95,105,82,82,121,470.0494,608.963,549.6413,430.2049,524.2536,567.4142,437.1468,433.6101,629.3888,9,14,11,13,11,24,45,34,43,54.23647,82.77167,63.64267,73.58768,60.70305,129.6947,239.8976,179.7895,179.7895,5,15,47,23,8,11,13,18,18,30.13137,88.68393,271.9278,130.1936,44.14767,59.44339,69.30376,95.1827,95.1827,29,16,38,30,35,20,23,16,30,174.762,94.59619,219.8565,169.8177,193.1461,108.0789,122.6143,84.60684,156.0468,,,,1,,,,,,,,,6,,,,,,14,1,11,23,32,25,25,29,3,84.36784,63.64267,130.1936,176.5907,135.0986,133.2765,153.3499,15.60468,5.912262,,,2,,,,1,,,,,11.5714,,,,5.331059,,,14,17,40,45,37,56,73,67,14,84.36784,100.5085,231.4279,254.7266,204.183,302.6209,389.1673,354.2912,72.82185,4,6,4,4,6,9,9,9,9,24.1051,35.47357,23.14279,22.64236,33.11076,48.63551,47.97953,47.59135,46.81404,"{'type': 'MultiPolygon', 'coordinates': [[[[-79.412674004442, 43.768402719481], [-79.4124518234921, 43.7674803517149], [-79.4123209405862, 43.7669480022343], [-79.4122506974513, 43.7666963841035], [-79.412427898408, 43.7666728911503], [-79.4126047261029, 43.7666753405746], [-79.4127121011873, 43.7666589408748], [-79.4133078646648, 43.7665300838539], [-79.4134067010777, 43.7665254957709], [-79.4135053138404, 43.7665298370943], [-79.4136900483709, 43.7665697258675], [-79.4138433970796, 43.7666012643994], [-79.4139336546438, 43.7666116299143], [-79.4140669388075, 43.7666116674191], [-79.4141776864958, 43.7666077274875], [-79.4143164735547, 43.7665896040233], [-79.4144252899754, 43.766563770601], [-79.4153755757231, 43.7663402322819], [-79.4161347237403, 43.7680948601695], [-79.4255632229906, 43.7659875702934], [-79.4282120235052, 43.7653945664349], [-79.4299938084211, 43.7650040930776], [-79.4312720085542, 43.7647104133116], [-79.4325144157185, 43.7644162291211], [-79.4342414778335, 43.7640637960943], [-79.4376422740437, 43.7633452110683], [-79.4389203732135, 43.7637388478739], [-79.4399638665148, 43.7635197985222], [-79.4404371399614, 43.7634061093986], [-79.4405254722927, 43.7637675976386], [-79.4406023093298, 43.7640862260015], [-79.4409369067857, 43.7654733195986], [-79.441085485053, 43.7661373047268], [-79.4412410907214, 43.7668325824859], [-79.4414518060031, 43.7677102781], [-79.4417052278399, 43.768579012563], [-79.4419120389893, 43.7694882452322], [-79.4421429157748, 43.7703839703744], [-79.4425357657593, 43.7720043606957], [-79.4426119283609, 43.7723239406119], [-79.4430118697294, 43.773867823607], [-79.4426861339236, 43.7738991735918], [-79.4420824248753, 43.7739618863163], [-79.4415070317502, 43.77404261314], [-79.4410407353085, 43.7741143920258], [-79.4388593298454, 43.7746038454515], [-79.4373814998465, 43.7749361148666], [-79.4364892122314, 43.7751336579796], [-79.4350180133796, 43.775456846009], [-79.433883800365, 43.7757172017888], [-79.4327325256675, 43.775964035385], [-79.4317256547942, 43.7761974502018], [-79.430258598876, 43.7765026046203], [-79.4277772526604, 43.7770591443518], [-79.4270658616236, 43.7772162133793], [-79.4257760044771, 43.7775121416239], [-79.425403128514, 43.7775976803374], [-79.4242828690002, 43.7778399570587], [-79.4229885675886, 43.778131612047], [-79.4220724436118, 43.7783297910668], [-79.4216197352736, 43.7784277196094], [-79.4215374702917, 43.7784469532246], [-79.4206407379733, 43.7786565649174], [-79.4203091148907, 43.7787238429969], [-79.4195833136331, 43.7788898561896], [-79.4189798358255, 43.779028956161], [-79.4185130416035, 43.7791456401767], [-79.4176758175023, 43.7793205622288], [-79.4174350512638, 43.7793788960828], [-79.4155809535054, 43.7797776879797], [-79.4153168731831, 43.7787905337363], [-79.4153078030499, 43.778756664747], [-79.4152896737015, 43.7786888909025], [-79.4150898114645, 43.7778995746344], [-79.414853178707, 43.7769552126286], [-79.4147575783081, 43.7765937631126], [-79.4145179970221, 43.775668714602], [-79.414387707421, 43.7751656591622], [-79.4140340208954, 43.7737867837648], [-79.4138359332609, 43.7729862689151], [-79.4136411632093, 43.7722666314629], [-79.4135784300854, 43.7720010494016], [-79.4133197892511, 43.7710016424088], [-79.4132182811762, 43.7705810844564], [-79.4131136747595, 43.7701476890707], [-79.4129078422039, 43.7692828617689], [-79.412674004442, 43.768402719481]]]]}"
117,Newtonbrook West,36,25890,144,113,139,111,169,157,175,202,230,594.2556,465.4995,570.233,448.6661,671.7545,615.8312,681.9953,786.9721,888.3739,50,24,45,35,51,58,61,88,164,206.3387,98.86715,184.6078,141.4713,202.7188,227.5045,237.7241,342.8393,342.8393,17,19,27,24,16,16,23,17,13,70.15517,78.26982,110.7647,97.0089,63.59806,62.75986,89.63367,66.23032,66.23032,54,42,54,87,54,53,31,35,36,222.8458,173.0175,221.5294,351.6572,214.6434,207.8921,120.8106,136.3566,139.0498,,,,,,,,,1,,,,,,,,,3.862495,24,6,16,40,24,18,23,19,30,99.04259,65.63834,161.6815,95.39709,70.60485,89.63367,74.02213,115.8749,24.71679,1,,,,,1,5,,2,4.126774,,,,,3.922492,19.48558,,7.72499,62,66,45,51,63,83,96,80,62,255.86,271.8846,184.6078,206.1439,250.4174,325.5668,374.1231,311.6721,239.4747,7,10,6,17,9,11,9,9,13,28.88742,41.19464,24.61437,68.71463,35.77391,43.14741,35.07405,35.06311,50.21244,"{'type': 'MultiPolygon', 'coordinates': [[[[-79.4426861339236, 43.7738991735918], [-79.4430118697294, 43.773867823607], [-79.4431882448428, 43.7745565002496], [-79.4435874670031, 43.7760643839453], [-79.4438058342027, 43.7769215650979], [-79.4438905664988, 43.7772566389804], [-79.4439622426981, 43.7775518313034], [-79.4440844415734, 43.7780764158046], [-79.4444656977243, 43.7795699475702], [-79.4446314076138, 43.7802190291331], [-79.4448379792236, 43.7810472452382], [-79.4453997727049, 43.7833247259819], [-79.4455533706783, 43.7839413690635], [-79.446057160414, 43.7859263436698], [-79.4466152030419, 43.7880824246513], [-79.4466330213012, 43.7881229386369], [-79.4466584852961, 43.7882714695156], [-79.4466687859956, 43.7884514971847], [-79.4466795184964, 43.7885955204177], [-79.4466782344372, 43.7887260359088], [-79.4466462598648, 43.7888430365011], [-79.4466275576413, 43.7889150369477], [-79.4466041999207, 43.7889690324275], [-79.4465758063272, 43.7890275270165], [-79.4465342048586, 43.789086014904], [-79.4464424320735, 43.7892254896074], [-79.4464323178241, 43.789252488342], [-79.4463172235648, 43.7894189549738], [-79.4462192449192, 43.7895494260421], [-79.4461111609152, 43.7896978939498], [-79.446001548302, 43.7898328588238], [-79.4459004742043, 43.7899498260805], [-79.4457815443234, 43.7900667934729], [-79.4456765763769, 43.790201751873], [-79.4456217245177, 43.7903052388259], [-79.4455334805667, 43.7904267119581], [-79.4454436338216, 43.7905751887114], [-79.4454046772605, 43.7907011858604], [-79.4453933532032, 43.7907731892223], [-79.4453843741496, 43.7908361928786], [-79.4453866035721, 43.7909397072007], [-79.4454147906539, 43.791110742259], [-79.4454545966481, 43.7913222881456], [-79.4455424461211, 43.7916373701398], [-79.4457042124676, 43.7922450242012], [-79.4457584340382, 43.7924160711354], [-79.4433519267618, 43.7929684467632], [-79.4410596343125, 43.793457822954], [-79.4389541128725, 43.7939292592473], [-79.4383955248136, 43.7940448582813], [-79.4365681484666, 43.7944230313143], [-79.4327259678554, 43.7952623682137], [-79.4292712549935, 43.7960162427123], [-79.4263817342922, 43.7966309872088], [-79.423164666342, 43.7973444686101], [-79.4200872553679, 43.7980082703735], [-79.4198227014309, 43.7971682798217], [-79.4196344379535, 43.7963311958092], [-79.4194259108531, 43.7954855359828], [-79.4192126953631, 43.7946289550598], [-79.419017801723, 43.793818625176], [-79.4187974984944, 43.792964837177], [-79.4185791413127, 43.792073352816], [-79.4184780042412, 43.7916557898423], [-79.4183642571865, 43.7911822752381], [-79.4181381130707, 43.7902613425722], [-79.4179232417727, 43.7893702911075], [-79.4178267757555, 43.7889864847852], [-79.4173537098103, 43.78707738856], [-79.4171275522773, 43.78617930632], [-79.4169819611565, 43.7855593997483], [-79.4168463294519, 43.7849816520916], [-79.4167245270474, 43.7845123779544], [-79.4166248391499, 43.7840981264937], [-79.4164791923035, 43.7835430629756], [-79.4164567221305, 43.7834413428746], [-79.4163473254227, 43.7830160845822], [-79.4163291032417, 43.782924204946], [-79.4161634114869, 43.7822709694378], [-79.4160049522169, 43.7816462900943], [-79.4157925778483, 43.7807378810109], [-79.4155809535054, 43.7797776879797], [-79.4174350512638, 43.7793788960828], [-79.4176758175023, 43.7793205622288], [-79.4185130416035, 43.7791456401767], [-79.4189798358255, 43.779028956161], [-79.4195833136331, 43.7788898561896], [-79.4203091148907, 43.7787238429969], [-79.4206407379733, 43.7786565649174], [-79.4215374702917, 43.7784469532246], [-79.4216197352736, 43.7784277196094], [-79.4220724436118, 43.7783297910668], [-79.4229885675886, 43.778131612047], [-79.4242828690002, 43.7778399570587], [-79.425403128514, 43.7775976803374], [-79.4270658616236, 43.7772162133793], [-79.4277772526604, 43.7770591443518], [-79.430258598876, 43.7765026046203], [-79.4317256547942, 43.7761974502018], [-79.4327325256675, 43.775964035385], [-79.433883800365, 43.7757172017888], [-79.4350180133796, 43.775456846009], [-79.4364892122314, 43.7751336579796], [-79.4373814998465, 43.7749361148666], [-79.4388593298454, 43.7746038454515], [-79.4410407353085, 43.7741143920258], [-79.4415070317502, 43.77404261314], [-79.4420824248753, 43.7739618863163], [-79.4426861339236, 43.7738991735918]]]]}"
118,Westminster-Branson,35,27570,81,94,111,100,100,105,93,89,87,303.9514,351.7043,413.3463,369.0037,365.1101,380.3108,336.6028,323.8012,315.5604,29,19,24,18,35,34,49,61,83,108.8221,71.08916,89.37216,66.42066,127.7885,123.1482,177.3499,221.9312,221.9312,8,11,15,10,5,11,14,17,4,30.01989,41.15688,55.8576,36.90037,18.2555,39.84208,50.67139,61.84967,61.84967,61,68,19,42,40,38,15,25,32,228.9016,254.4244,70.75296,154.9816,146.044,137.6363,54.29078,90.9554,116.0682,,,,,,,,,,,,,,,,,,,13,6,10,15,15,8,17,8,14,48.78232,37.2384,55.35055,54.76651,28.97606,61.52955,29.10573,50.77983,22.44921,,,2,,1,1,1,2,,,,7.44768,,3.651101,3.622007,3.619385,7.276432,,79,51,44,43,61,52,70,59,79,296.4464,190.8183,163.849,158.6716,222.7171,188.3444,253.357,214.6547,286.5433,3,5,7,4,4,1,6,7,11,11.25746,18.70767,26.06688,14.76015,14.6044,3.622007,21.71631,25.46751,39.89844,"{'type': 'MultiPolygon', 'coordinates': [[[[-79.446057160414, 43.7859263436698], [-79.4455533706783, 43.7839413690635], [-79.4453997727049, 43.7833247259819], [-79.4448379792236, 43.7810472452382], [-79.4446314076138, 43.7802190291331], [-79.4444656977243, 43.7795699475702], [-79.4440844415734, 43.7780764158046], [-79.4439622426981, 43.7775518313034], [-79.4438905664988, 43.7772566389804], [-79.4438058342027, 43.7769215650979], [-79.4435874670031, 43.7760643839453], [-79.4431882448428, 43.7745565002496], [-79.4430118697294, 43.773867823607], [-79.4426119283609, 43.7723239406119], [-79.4425357657593, 43.7720043606957], [-79.4421429157748, 43.7703839703744], [-79.4419120389893, 43.7694882452322], [-79.4417052278399, 43.768579012563], [-79.4414518060031, 43.7677102781], [-79.4412410907214, 43.7668325824859], [-79.441085485053, 43.7661373047268], [-79.4409369067857, 43.7654733195986], [-79.4406023093298, 43.7640862260015], [-79.4405254722927, 43.7637675976386], [-79.4404371399614, 43.7634061093986], [-79.4399875663048, 43.7615662570465], [-79.4400362574785, 43.761559882652], [-79.4403899783113, 43.761520750246], [-79.4406723848547, 43.7614333064423], [-79.4409889439254, 43.7613200288765], [-79.4413118301054, 43.7612245930099], [-79.4415757562858, 43.7612112090473], [-79.441857296839, 43.7612182114293], [-79.4421266230751, 43.7612976392463], [-79.4423344855126, 43.7614542117834], [-79.4424975835702, 43.7616681533808], [-79.4426810483024, 43.7618851922807], [-79.4428639370264, 43.7620837329532], [-79.4430273116683, 43.7622846581401], [-79.4431438390188, 43.7625141475496], [-79.4432586069254, 43.7627670567951], [-79.4434246964631, 43.7630038703636], [-79.443613000656, 43.7632455547546], [-79.4437971488005, 43.7634329779312], [-79.4440222839933, 43.763605506716], [-79.4442175510187, 43.7637374780364], [-79.4444012557619, 43.7638703351511], [-79.4444474178933, 43.7639001428804], [-79.4445200638846, 43.763924940377], [-79.4448114818195, 43.7640244275702], [-79.4450413595341, 43.7641788178293], [-79.4452448845493, 43.7643855200207], [-79.4453854496634, 43.7645546021438], [-79.445465836906, 43.7646726371945], [-79.4455067487055, 43.7647552069846], [-79.4455084834213, 43.7647590778795], [-79.4455095993848, 43.7647616078041], [-79.4454945865203, 43.764880757983], [-79.4454887114827, 43.7650595192445], [-79.4455568371537, 43.7652635180396], [-79.4456269551594, 43.7654633778615], [-79.4457708875363, 43.7656486994053], [-79.4458870840937, 43.7658376808178], [-79.4458832123107, 43.7660123825239], [-79.4459172161081, 43.7661818099505], [-79.4460048567977, 43.7663725952652], [-79.4459002649665, 43.7665234952655], [-79.4459160230658, 43.7666917714528], [-79.4459460185944, 43.7667475658578], [-79.4461781552501, 43.7667652187063], [-79.4464328887139, 43.7667938720401], [-79.4466620225145, 43.7668221434981], [-79.4468919944533, 43.7669005613712], [-79.4470458814679, 43.7670601245427], [-79.4471150206902, 43.7672510708109], [-79.4471164929711, 43.7674267032035], [-79.4472703925323, 43.7675599735354], [-79.4474844497907, 43.7676463754519], [-79.4476915396597, 43.7677480210728], [-79.4478943010525, 43.7678570374026], [-79.4481099952798, 43.7679338795097], [-79.4483436101205, 43.7679724564995], [-79.4485795193615, 43.7680594060946], [-79.4488053738147, 43.7681828053682], [-79.4490404216237, 43.7682898269382], [-79.4492736191216, 43.7683839115636], [-79.4495103300728, 43.7684508143042], [-79.4497786085019, 43.7684662977384], [-79.4500129957828, 43.7684755719493], [-79.4501995936237, 43.7685663943845], [-79.4503087929003, 43.768724412443], [-79.4503868884174, 43.7688982414175], [-79.4504328356862, 43.7690769348777], [-79.4504424803761, 43.7692945777675], [-79.4505326526986, 43.7694364486931], [-79.4507811936338, 43.769458069188], [-79.4510187312989, 43.7694027327719], [-79.4512355503647, 43.7692990684446], [-79.4513858144376, 43.7691693363117], [-79.4515431541851, 43.7690442053275], [-79.4517258305643, 43.7689344860679], [-79.4519468750943, 43.7688575385775], [-79.4521749298407, 43.7688356623937], [-79.4523010624221, 43.7689158167639], [-79.4523751089222, 43.7690829357826], [-79.452446995465, 43.7692625217733], [-79.4525088337337, 43.7694437318634], [-79.452664864465, 43.7695580394019], [-79.4528982543287, 43.7695782805402], [-79.4531394825289, 43.7695660572192], [-79.4533813609167, 43.7695161183624], [-79.4536034778498, 43.7694807262979], [-79.4538253287169, 43.769468862349], [-79.4540859221644, 43.7694713167328], [-79.4543378201936, 43.7694742795621], [-79.4545733494867, 43.7694578209029], [-79.4547853761135, 43.7694439710526], [-79.4549847793906, 43.7693841742647], [-79.4551825608121, 43.7693339351704], [-79.4553643944789, 43.7693484888914], [-79.4554590512078, 43.7695049935987], [-79.4555071096451, 43.7696880956709], [-79.4555282105498, 43.769876840645], [-79.45555442072, 43.7700594033774], [-79.4555169144492, 43.7702179626185], [-79.4554766682998, 43.770387816902], [-79.4555036188997, 43.7705610194588], [-79.4555888272311, 43.7707310486743], [-79.4557509207351, 43.7708893793233], [-79.4559233674633, 43.7710246344285], [-79.456034301131, 43.7711801277575], [-79.4560607144142, 43.7712582498423], [-79.4561216293155, 43.7713439645291], [-79.4561264007322, 43.7713920053578], [-79.456085227641, 43.7715222002881], [-79.4560305706429, 43.7717124641489], [-79.4561063193149, 43.771896099417], [-79.4562464561489, 43.7720383806554], [-79.4564679013669, 43.7720670255798], [-79.4566639835615, 43.771988853047], [-79.4568186986335, 43.7719147692455], [-79.4569951154684, 43.7718390271755], [-79.4571926798432, 43.7717534105555], [-79.4573667520401, 43.7716896661317], [-79.4575523859739, 43.771610336292], [-79.457693225544, 43.7714814194757], [-79.4578776523048, 43.7713513124935], [-79.4581224980873, 43.77130772878], [-79.4583390776122, 43.7713822477443], [-79.458541685404, 43.7715259893596], [-79.4590316265499, 43.7716921562148], [-79.4593434137626, 43.7716845988548], [-79.4596175725012, 43.7716624812828], [-79.4598561933996, 43.771640242414], [-79.4600879940891, 43.7716373168697], [-79.4603187952042, 43.7716432748703], [-79.4605329450983, 43.7716402888629], [-79.4607587903417, 43.7716089343853], [-79.4609695879914, 43.7716032282954], [-79.4611927115605, 43.7715527447967], [-79.4613911137748, 43.7715058977365], [-79.4614095997488, 43.7715015385392], [-79.4615380836745, 43.771471202595], [-79.4616898897152, 43.7714474902908], [-79.461842049126, 43.7714548228952], [-79.4620344453643, 43.7714754101279], [-79.4622775252059, 43.7714911346096], [-79.4625300301406, 43.7715302105062], [-79.4628000342844, 43.7715949180727], [-79.4629777566261, 43.7716637445718], [-79.4630289090428, 43.7716835547318], [-79.4632579183778, 43.7717771510947], [-79.4635380577811, 43.7718884146423], [-79.4638148627862, 43.7720075604578], [-79.4641418532223, 43.7721078645674], [-79.4644170996934, 43.7721578798607], [-79.4646686074196, 43.7722120548883], [-79.4648892961365, 43.7722870128104], [-79.4649745753195, 43.7723237366763], [-79.4651053805193, 43.7723800428665], [-79.4653443124654, 43.7724868966621], [-79.4654158612252, 43.772551547231], [-79.465519244176, 43.7726449923977], [-79.4656288866958, 43.7728042019117], [-79.4656571359512, 43.77284520155], [-79.4657819637202, 43.7730598274671], [-79.4658907729528, 43.7732910454409], [-79.4659936016032, 43.7735307590654], [-79.466024021404, 43.7737747902548], [-79.4659226248855, 43.774030761802], [-79.4656627695924, 43.7742218604804], [-79.4653275450016, 43.77433221205], [-79.4649816695619, 43.7744060246982], [-79.4648896048519, 43.7744141508789], [-79.464606750914, 43.7744391408791], [-79.4642988043798, 43.7744400987471], [-79.4640102245405, 43.7744627990011], [-79.4636741583853, 43.7745407236895], [-79.4633393156768, 43.7746260558972], [-79.4630285876772, 43.7747256078294], [-79.4627301453096, 43.7748436332678], [-79.4624792343473, 43.7749936997757], [-79.4622559194164, 43.7751329733858], [-79.4620133443757, 43.7752774426796], [-79.4617898889125, 43.7754188662679], [-79.461653894298, 43.7755651980499], [-79.4615285496475, 43.7757437389111], [-79.4614197098131, 43.7759681102159], [-79.4612620607715, 43.7761337681504], [-79.4609649996038, 43.776213768614], [-79.4606782801814, 43.7762445528218], [-79.4605488260303, 43.7762616284161], [-79.4604163917993, 43.7762765343312], [-79.4601988693097, 43.7763022648686], [-79.4599527747482, 43.7763255993808], [-79.4597503703191, 43.7763698328803], [-79.4595130744194, 43.7764257272509], [-79.4586388427715, 43.7766858899538], [-79.4584710295625, 43.7768071013933], [-79.4583556514519, 43.7769449575131], [-79.4582586290429, 43.7771083832383], [-79.458152814603, 43.7772475827838], [-79.4580843913171, 43.7773701626164], [-79.458080431028, 43.7775094003098], [-79.4580064216381, 43.777643292614], [-79.4578912938575, 43.7777576726242], [-79.4577520997048, 43.7778401894721], [-79.4575962496541, 43.7779358680522], [-79.4575456986749, 43.7780783556109], [-79.4574788713781, 43.7782260580697], [-79.4573301031155, 43.7783179134601], [-79.4571563080123, 43.7782972174112], [-79.4569892147194, 43.778304634767], [-79.4568156300245, 43.7783541655352], [-79.4567103158244, 43.7784641380964], [-79.4566855626823, 43.7785599013499], [-79.4566737899552, 43.7786054425102], [-79.456633854132, 43.7786852585877], [-79.4567241029843, 43.7788300309769], [-79.4567356049621, 43.7788498378331], [-79.4568755719819, 43.7789062564263], [-79.4571681272211, 43.7790735000973], [-79.4572372581925, 43.7791664991863], [-79.4572627415053, 43.7793016964037], [-79.4572923435121, 43.7794436921018], [-79.4573050274943, 43.779583286786], [-79.4573077787579, 43.7797331754694], [-79.4574286217692, 43.7797819791528], [-79.4575961319924, 43.7797537691064], [-79.4577514108513, 43.7797526560788], [-79.4579127865996, 43.7799330905029], [-79.4579174197317, 43.7800590447756], [-79.4578511120697, 43.7801882679883], [-79.4578671099896, 43.7802822999036], [-79.4578152201341, 43.7803308337018], [-79.4578424642929, 43.7804741236604], [-79.4579336726857, 43.7806030542685], [-79.457896188944, 43.7807310638201], [-79.4579118882945, 43.7808423238998], [-79.4580370970856, 43.7808702459151], [-79.4581764015282, 43.780836011773], [-79.4582859697596, 43.7808271412831], [-79.4583377454972, 43.780870275249], [-79.4583189248172, 43.7809591905028], [-79.4582591028807, 43.7810527720017], [-79.4582210358942, 43.7811248751265], [-79.4582909513023, 43.7811672967717], [-79.4584462687491, 43.7811334908408], [-79.4586057188711, 43.7810526465215], [-79.4587264013444, 43.7809616883136], [-79.4587757276977, 43.7809177348335], [-79.4589105317581, 43.7807230703401], [-79.459024409241, 43.7806083645741], [-79.4590295333769, 43.7805985737094], [-79.4591595253396, 43.7805175015075], [-79.4593429220973, 43.7804962613153], [-79.459532743203, 43.7805089028808], [-79.4597264892047, 43.78057819979], [-79.4599202339507, 43.7806694402065], [-79.4600827932751, 43.7807651526444], [-79.4602323062778, 43.7808625969354], [-79.4603641704803, 43.7809556516168], [-79.4604912261392, 43.781011556862], [-79.4606613228632, 43.7809827307092], [-79.4607523565713, 43.7810489026242], [-79.4607719637316, 43.7810631495127], [-79.4607985262244, 43.781118128352], [-79.4608094940071, 43.781160419775], [-79.460825665985, 43.7812023347134], [-79.4608878124092, 43.781349425439], [-79.4610260071257, 43.7814715196628], [-79.4611786247749, 43.7815781360883], [-79.4613348384659, 43.7816945742624], [-79.461476273947, 43.7818045349538], [-79.4615872640925, 43.781925170046], [-79.4617294747597, 43.7820279117765], [-79.4618830838718, 43.782103770413], [-79.4620190942257, 43.782168903546], [-79.4621549619047, 43.7822447021954], [-79.4622697033291, 43.7823517725911], [-79.4623408054194, 43.7824882632044], [-79.4623581120228, 43.7826267967163], [-79.4624150674331, 43.7827581421671], [-79.462524944349, 43.7828783255743], [-79.4627056825158, 43.7829252176305], [-79.4628395790079, 43.7829986020556], [-79.4629473334595, 43.7831164533516], [-79.4630127354542, 43.7832337690854], [-79.4630699315595, 43.7833607938546], [-79.4631175729166, 43.7834908035648], [-79.4631322675604, 43.7836369693684], [-79.4631511971023, 43.7837857734889], [-79.4632288803198, 43.783915054529], [-79.4633916977979, 43.7840178732247], [-79.4635875638829, 43.7841008362962], [-79.4638015070398, 43.784121336623], [-79.4639819048989, 43.784143365538], [-79.4641776927074, 43.784171583087], [-79.4643506197387, 43.7842010705209], [-79.4645379618787, 43.784225702118], [-79.4647378638055, 43.7842303725652], [-79.4649400183052, 43.7842507501841], [-79.4651356884763, 43.7842699013762], [-79.4653360653163, 43.7842907460186], [-79.4655244168712, 43.7843108759951], [-79.4657434535003, 43.7843145510251], [-79.465940766808, 43.7842850767541], [-79.4661004525531, 43.7842240162299], [-79.466284867604, 43.7841506209884], [-79.4664827027842, 43.7840982743552], [-79.4666972944419, 43.7840505226311], [-79.4668896362182, 43.7840207225002], [-79.4670689437358, 43.7839925731379], [-79.4672580391014, 43.7839927264978], [-79.4674504904603, 43.7840132864482], [-79.4676667717111, 43.7840544825147], [-79.4676753316794, 43.7840568257239], [-79.4677401874179, 43.7840750896992], [-79.4678768457666, 43.7841120681331], [-79.4678788206649, 43.7841127437808], [-79.4680318711506, 43.7841649573084], [-79.4681645292157, 43.7842486065236], [-79.4683349337757, 43.7843531567636], [-79.4684571331111, 43.7844812049996], [-79.4685349589487, 43.7846238773618], [-79.4685516747007, 43.7847547857479], [-79.468458794842, 43.7848880581185], [-79.4682536235452, 43.784976230126], [-79.4680212621311, 43.7850019719532], [-79.4678295455434, 43.7849967876468], [-79.4677863215768, 43.784995613812], [-79.4676711685638, 43.7849581637523], [-79.4675255371286, 43.7849691760559], [-79.4674960903213, 43.7849704008946], [-79.4673025141627, 43.7849784640323], [-79.4671922555209, 43.7850577690165], [-79.4671798856026, 43.7852069232978], [-79.4670824126566, 43.7853036669986], [-79.4668766360834, 43.7853557775516], [-79.4666419087179, 43.7854111745539], [-79.466490890988, 43.7854979109778], [-79.4663787600708, 43.7856080700596], [-79.4663313517415, 43.7857576282189], [-79.4663147534251, 43.785866563693], [-79.4662476026083, 43.7859938202486], [-79.4662553346165, 43.7861636925443], [-79.4662725201783, 43.7863348991222], [-79.4662349136377, 43.786484288963], [-79.4660717052757, 43.7866136954161], [-79.4659754711414, 43.7867328325878], [-79.4660362903047, 43.7868640065393], [-79.4661802739974, 43.786896714933], [-79.4663260079416, 43.786911240242], [-79.4664037387792, 43.7869972334903], [-79.4665013427826, 43.7871161759473], [-79.4665919721455, 43.7872459183059], [-79.4666694251558, 43.7874072146379], [-79.4667256024874, 43.7876018533678], [-79.4668021742658, 43.7877853012978], [-79.466880944907, 43.7879269483604], [-79.4659168036144, 43.7881274437735], [-79.4651524829075, 43.7882732841717], [-79.463191692596, 43.7886563341184], [-79.4601388438171, 43.7893154637304], [-79.4598395388027, 43.7893800857646], [-79.4592532554559, 43.7895066503199], [-79.4583914949258, 43.7896931499498], [-79.4576382705087, 43.7898561624977], [-79.4558138952158, 43.7902256439411], [-79.455142179958, 43.7903710029909], [-79.4530379022543, 43.7908204123016], [-79.4475931596312, 43.7920225965636], [-79.4457584340382, 43.7924160711354], [-79.4457042124676, 43.7922450242012], [-79.4455424461211, 43.7916373701398], [-79.4454545966481, 43.7913222881456], [-79.4454147906539, 43.791110742259], [-79.4453866035721, 43.7909397072007], [-79.4453843741496, 43.7908361928786], [-79.4453933532032, 43.7907731892223], [-79.4454046772605, 43.7907011858604], [-79.4454436338216, 43.7905751887114], [-79.4455334805667, 43.7904267119581], [-79.4456217245177, 43.7903052388259], [-79.4456765763769, 43.790201751873], [-79.4457815443234, 43.7900667934729], [-79.4459004742043, 43.7899498260805], [-79.446001548302, 43.7898328588238], [-79.4461111609152, 43.7896978939498], [-79.4462192449192, 43.7895494260421], [-79.4463172235648, 43.7894189549738], [-79.4464323178241, 43.789252488342], [-79.4464424320735, 43.7892254896074], [-79.4465342048586, 43.789086014904], [-79.4465758063272, 43.7890275270165], [-79.4466041999207, 43.7889690324275], [-79.4466275576413, 43.7889150369477], [-79.4466462598648, 43.7888430365011], [-79.4466782344372, 43.7887260359088], [-79.4466795184964, 43.7885955204177], [-79.4466687859956, 43.7884514971847], [-79.4466584852961, 43.7882714695156], [-79.4466330213012, 43.7881229386369], [-79.4466152030419, 43.7880824246513], [-79.446057160414, 43.7859263436698]]]]}"
119,Bathurst Manor,34,16993,46,47,71,56,67,57,60,55,58,288.2386,294.1913,442.3676,344.2764,404.7849,339.9129,355.9986,326.1385,341.317,37,23,25,25,37,25,46,44,76,231.8441,143.9659,155.7632,153.6948,223.5379,149.0846,272.9323,260.9108,260.9108,4,6,4,7,9,6,12,5,7,25.06423,37.55634,24.92212,43.03455,54.37409,35.78031,71.19971,29.64896,29.64896,34,30,33,38,32,22,27,18,24,213.0459,187.7817,205.6075,233.6161,193.3301,131.1945,160.1994,106.7362,141.2346,,,,,,,,,,,,,,,,,,,8,10,12,13,10,15,7,9,17,50.12845,74.76636,79.92131,60.41566,89.45078,41.53317,53.36812,100.0412,62.59389,,,,,,,1,1,1,,,,,,,5.93331,5.929791,5.884776,39,28,34,30,41,32,57,35,39,244.3762,175.2629,211.838,184.4338,247.7042,190.8283,338.1986,207.5427,229.5063,2,2,4,5,4,5,7,1,6,12.53211,12.51878,24.92212,30.73896,24.16626,29.81692,41.53317,5.929791,35.30865,"{'type': 'MultiPolygon', 'coordinates': [[[[-79.4671922555209, 43.7850577690165], [-79.4673025141627, 43.7849784640323], [-79.4674960903213, 43.7849704008946], [-79.4675255371286, 43.7849691760559], [-79.4676711685638, 43.7849581637523], [-79.4677863215768, 43.784995613812], [-79.4678295455434, 43.7849967876468], [-79.4680212621311, 43.7850019719532], [-79.4682536235452, 43.784976230126], [-79.468458794842, 43.7848880581185], [-79.4685516747007, 43.7847547857479], [-79.4685349589487, 43.7846238773618], [-79.4684571331111, 43.7844812049996], [-79.4683349337757, 43.7843531567636], [-79.4681645292157, 43.7842486065236], [-79.4680318711506, 43.7841649573084], [-79.4678788206649, 43.7841127437808], [-79.4678768457666, 43.7841120681331], [-79.4677401874179, 43.7840750896992], [-79.4676753316794, 43.7840568257239], [-79.4676667717111, 43.7840544825147], [-79.4674504904603, 43.7840132864482], [-79.4672580391014, 43.7839927264978], [-79.4670689437358, 43.7839925731379], [-79.4668896362182, 43.7840207225002], [-79.4666972944419, 43.7840505226311], [-79.4664827027842, 43.7840982743552], [-79.466284867604, 43.7841506209884], [-79.4661004525531, 43.7842240162299], [-79.465940766808, 43.7842850767541], [-79.4657434535003, 43.7843145510251], [-79.4655244168712, 43.7843108759951], [-79.4653360653163, 43.7842907460186], [-79.4651356884763, 43.7842699013762], [-79.4649400183052, 43.7842507501841], [-79.4647378638055, 43.7842303725652], [-79.4645379618787, 43.784225702118], [-79.4643506197387, 43.7842010705209], [-79.4641776927074, 43.784171583087], [-79.4639819048989, 43.784143365538], [-79.4638015070398, 43.784121336623], [-79.4635875638829, 43.7841008362962], [-79.4633916977979, 43.7840178732247], [-79.4632288803198, 43.783915054529], [-79.4631511971023, 43.7837857734889], [-79.4631322675604, 43.7836369693684], [-79.4631175729166, 43.7834908035648], [-79.4630699315595, 43.7833607938546], [-79.4630127354542, 43.7832337690854], [-79.4629473334595, 43.7831164533516], [-79.4628395790079, 43.7829986020556], [-79.4627056825158, 43.7829252176305], [-79.462524944349, 43.7828783255743], [-79.4624150674331, 43.7827581421671], [-79.4623581120228, 43.7826267967163], [-79.4623408054194, 43.7824882632044], [-79.4622697033291, 43.7823517725911], [-79.4621549619047, 43.7822447021954], [-79.4620190942257, 43.782168903546], [-79.4618830838718, 43.782103770413], [-79.4617294747597, 43.7820279117765], [-79.4615872640925, 43.781925170046], [-79.461476273947, 43.7818045349538], [-79.4613348384659, 43.7816945742624], [-79.4611786247749, 43.7815781360883], [-79.4610260071257, 43.7814715196628], [-79.4608878124092, 43.781349425439], [-79.460825665985, 43.7812023347134], [-79.4608094940071, 43.781160419775], [-79.4607985262244, 43.781118128352], [-79.4607719637316, 43.7810631495127], [-79.4607523565713, 43.7810489026242], [-79.4606613228632, 43.7809827307092], [-79.4604912261392, 43.781011556862], [-79.4603641704803, 43.7809556516168], [-79.4602323062778, 43.7808625969354], [-79.4600827932751, 43.7807651526444], [-79.4599202339507, 43.7806694402065], [-79.4597264892047, 43.78057819979], [-79.459532743203, 43.7805089028808], [-79.4593429220973, 43.7804962613153], [-79.4591595253396, 43.7805175015075], [-79.4590295333769, 43.7805985737094], [-79.459024409241, 43.7806083645741], [-79.4589105317581, 43.7807230703401], [-79.4587757276977, 43.7809177348335], [-79.4587264013444, 43.7809616883136], [-79.4586057188711, 43.7810526465215], [-79.4584462687491, 43.7811334908408], [-79.4582909513023, 43.7811672967717], [-79.4582210358942, 43.7811248751265], [-79.4582591028807, 43.7810527720017], [-79.4583189248172, 43.7809591905028], [-79.4583377454972, 43.780870275249], [-79.4582859697596, 43.7808271412831], [-79.4581764015282, 43.780836011773], [-79.4580370970856, 43.7808702459151], [-79.4579118882945, 43.7808423238998], [-79.457896188944, 43.7807310638201], [-79.4579336726857, 43.7806030542685], [-79.4578424642929, 43.7804741236604], [-79.4578152201341, 43.7803308337018], [-79.4578671099896, 43.7802822999036], [-79.4578511120697, 43.7801882679883], [-79.4579174197317, 43.7800590447756], [-79.4579127865996, 43.7799330905029], [-79.4577514108513, 43.7797526560788], [-79.4575961319924, 43.7797537691064], [-79.4574286217692, 43.7797819791528], [-79.4573077787579, 43.7797331754694], [-79.4573050274943, 43.779583286786], [-79.4572923435121, 43.7794436921018], [-79.4572627415053, 43.7793016964037], [-79.4572372581925, 43.7791664991863], [-79.4571681272211, 43.7790735000973], [-79.4568755719819, 43.7789062564263], [-79.4567356049621, 43.7788498378331], [-79.4567241029843, 43.7788300309769], [-79.456633854132, 43.7786852585877], [-79.4566737899552, 43.7786054425102], [-79.4566855626823, 43.7785599013499], [-79.4567103158244, 43.7784641380964], [-79.4568156300245, 43.7783541655352], [-79.4569892147194, 43.778304634767], [-79.4571563080123, 43.7782972174112], [-79.4573301031155, 43.7783179134601], [-79.4574788713781, 43.7782260580697], [-79.4575456986749, 43.7780783556109], [-79.4575962496541, 43.7779358680522], [-79.4577520997048, 43.7778401894721], [-79.4578912938575, 43.7777576726242], [-79.4580064216381, 43.777643292614], [-79.458080431028, 43.7775094003098], [-79.4580843913171, 43.7773701626164], [-79.458152814603, 43.7772475827838], [-79.4582586290429, 43.7771083832383], [-79.4583556514519, 43.7769449575131], [-79.4584710295625, 43.7768071013933], [-79.4586388427715, 43.7766858899538], [-79.4595130744194, 43.7764257272509], [-79.4597503703191, 43.7763698328803], [-79.4599527747482, 43.7763255993808], [-79.4601988693097, 43.7763022648686], [-79.4604163917993, 43.7762765343312], [-79.4605488260303, 43.7762616284161], [-79.4606782801814, 43.7762445528218], [-79.4609649996038, 43.776213768614], [-79.4612620607715, 43.7761337681504], [-79.4614197098131, 43.7759681102159], [-79.4615285496475, 43.7757437389111], [-79.461653894298, 43.7755651980499], [-79.4617898889125, 43.7754188662679], [-79.4620133443757, 43.7752774426796], [-79.4622559194164, 43.7751329733858], [-79.4624792343473, 43.7749936997757], [-79.4627301453096, 43.7748436332678], [-79.4630285876772, 43.7747256078294], [-79.4633393156768, 43.7746260558972], [-79.4636741583853, 43.7745407236895], [-79.4640102245405, 43.7744627990011], [-79.4642988043798, 43.7744400987471], [-79.464606750914, 43.7744391408791], [-79.4648896048519, 43.7744141508789], [-79.4649816695619, 43.7744060246982], [-79.4653275450016, 43.77433221205], [-79.4656627695924, 43.7742218604804], [-79.4659226248855, 43.774030761802], [-79.466024021404, 43.7737747902548], [-79.4659936016032, 43.7735307590654], [-79.4658907729528, 43.7732910454409], [-79.4657819637202, 43.7730598274671], [-79.4656571359512, 43.77284520155], [-79.4656288866958, 43.7728042019117], [-79.465519244176, 43.7726449923977], [-79.4654158612252, 43.772551547231], [-79.4653443124654, 43.7724868966621], [-79.4651053805193, 43.7723800428665], [-79.4649745753195, 43.7723237366763], [-79.4648892961365, 43.7722870128104], [-79.4646686074196, 43.7722120548883], [-79.4644170996934, 43.7721578798607], [-79.4641418532223, 43.7721078645674], [-79.4638148627862, 43.7720075604578], [-79.4635380577811, 43.7718884146423], [-79.4632579183778, 43.7717771510947], [-79.4630289090428, 43.7716835547318], [-79.4629777566261, 43.7716637445718], [-79.4628000342844, 43.7715949180727], [-79.4625300301406, 43.7715302105062], [-79.4622775252059, 43.7714911346096], [-79.4620344453643, 43.7714754101279], [-79.461842049126, 43.7714548228952], [-79.4616898897152, 43.7714474902908], [-79.4615380836745, 43.771471202595], [-79.4614095997488, 43.7715015385392], [-79.4613911137748, 43.7715058977365], [-79.4611927115605, 43.7715527447967], [-79.4609695879914, 43.7716032282954], [-79.4607587903417, 43.7716089343853], [-79.4605329450983, 43.7716402888629], [-79.4603187952042, 43.7716432748703], [-79.4600879940891, 43.7716373168697], [-79.4598561933996, 43.771640242414], [-79.4596175725012, 43.7716624812828], [-79.4593434137626, 43.7716845988548], [-79.4590316265499, 43.7716921562148], [-79.458541685404, 43.7715259893596], [-79.4583390776122, 43.7713822477443], [-79.4581224980873, 43.77130772878], [-79.4578776523048, 43.7713513124935], [-79.457693225544, 43.7714814194757], [-79.4575523859739, 43.771610336292], [-79.4573667520401, 43.7716896661317], [-79.4571926798432, 43.7717534105555], [-79.4569951154684, 43.7718390271755], [-79.4568186986335, 43.7719147692455], [-79.4566639835615, 43.771988853047], [-79.4564679013669, 43.7720670255798], [-79.4562464561489, 43.7720383806554], [-79.4561063193149, 43.771896099417], [-79.4560305706429, 43.7717124641489], [-79.456085227641, 43.7715222002881], [-79.4561264007322, 43.7713920053578], [-79.4561216293155, 43.7713439645291], [-79.4560607144142, 43.7712582498423], [-79.456034301131, 43.7711801277575], [-79.4559233674633, 43.7710246344285], [-79.4557509207351, 43.7708893793233], [-79.4555888272311, 43.7707310486743], [-79.4555036188997, 43.7705610194588], [-79.4554766682998, 43.770387816902], [-79.4555169144492, 43.7702179626185], [-79.45555442072, 43.7700594033774], [-79.4555282105498, 43.769876840645], [-79.4555071096451, 43.7696880956709], [-79.4554590512078, 43.7695049935987], [-79.4553643944789, 43.7693484888914], [-79.4551825608121, 43.7693339351704], [-79.4549847793906, 43.7693841742647], [-79.4547853761135, 43.7694439710526], [-79.4545733494867, 43.7694578209029], [-79.4543378201936, 43.7694742795621], [-79.4540859221644, 43.7694713167328], [-79.4538253287169, 43.769468862349], [-79.4536034778498, 43.7694807262979], [-79.4533813609167, 43.7695161183624], [-79.4531394825289, 43.7695660572192], [-79.4528982543287, 43.7695782805402], [-79.452664864465, 43.7695580394019], [-79.4525088337337, 43.7694437318634], [-79.452446995465, 43.7692625217733], [-79.4523751089222, 43.7690829357826], [-79.4523010624221, 43.7689158167639], [-79.4521749298407, 43.7688356623937], [-79.4519468750943, 43.7688575385775], [-79.4517258305643, 43.7689344860679], [-79.4515431541851, 43.7690442053275], [-79.4513858144376, 43.7691693363117], [-79.4512355503647, 43.7692990684446], [-79.4510187312989, 43.7694027327719], [-79.4507811936338, 43.769458069188], [-79.4505326526986, 43.7694364486931], [-79.4504424803761, 43.7692945777675], [-79.4504328356862, 43.7690769348777], [-79.4503868884174, 43.7688982414175], [-79.4503087929003, 43.768724412443], [-79.4501995936237, 43.7685663943845], [-79.4500129957828, 43.7684755719493], [-79.4497786085019, 43.7684662977384], [-79.4495103300728, 43.7684508143042], [-79.4492736191216, 43.7683839115636], [-79.4490404216237, 43.7682898269382], [-79.4488053738147, 43.7681828053682], [-79.4485795193615, 43.7680594060946], [-79.4483436101205, 43.7679724564995], [-79.4481099952798, 43.7679338795097], [-79.4478943010525, 43.7678570374026], [-79.4476915396597, 43.7677480210728], [-79.4474844497907, 43.7676463754519], [-79.4472703925323, 43.7675599735354], [-79.4471164929711, 43.7674267032035], [-79.4471150206902, 43.7672510708109], [-79.4470458814679, 43.7670601245427], [-79.4468919944533, 43.7669005613712], [-79.4466620225145, 43.7668221434981], [-79.4464328887139, 43.7667938720401], [-79.4461781552501, 43.7667652187063], [-79.4459460185944, 43.7667475658578], [-79.4459160230658, 43.7666917714528], [-79.4459002649665, 43.7665234952655], [-79.4460048567977, 43.7663725952652], [-79.4459172161081, 43.7661818099505], [-79.4458832123107, 43.7660123825239], [-79.4458870840937, 43.7658376808178], [-79.4457708875363, 43.7656486994053], [-79.4456269551594, 43.7654633778615], [-79.4455568371537, 43.7652635180396], [-79.4454887114827, 43.7650595192445], [-79.4454945865203, 43.764880757983], [-79.4455095993848, 43.7647616078041], [-79.4455084834213, 43.7647590778795], [-79.4455067487055, 43.7647552069846], [-79.445465836906, 43.7646726371945], [-79.4453854496634, 43.7645546021438], [-79.4452448845493, 43.7643855200207], [-79.4450413595341, 43.7641788178293], [-79.4448114818195, 43.7640244275702], [-79.4445200638846, 43.763924940377], [-79.4444474178933, 43.7639001428804], [-79.4444012557619, 43.7638703351511], [-79.4442175510187, 43.7637374780364], [-79.4440222839933, 43.763605506716], [-79.4437971488005, 43.7634329779312], [-79.443613000656, 43.7632455547546], [-79.4434246964631, 43.7630038703636], [-79.4432586069254, 43.7627670567951], [-79.4431438390188, 43.7625141475496], [-79.4430273116683, 43.7622846581401], [-79.4428639370264, 43.7620837329532], [-79.4426810483024, 43.7618851922807], [-79.4424975835702, 43.7616681533808], [-79.4423344855126, 43.7614542117834], [-79.4421266230751, 43.7612976392463], [-79.441857296839, 43.7612182114293], [-79.4415757562858, 43.7612112090473], [-79.4413118301054, 43.7612245930099], [-79.4409889439254, 43.7613200288765], [-79.4406723848547, 43.7614333064423], [-79.4403899783113, 43.761520750246], [-79.4400362574785, 43.761559882652], [-79.4399875663048, 43.7615662570465], [-79.4396688800722, 43.7616065941079], [-79.4393417755859, 43.7615569147752], [-79.4390236103023, 43.7614622244803], [-79.4387404433777, 43.7613315463464], [-79.4385648173526, 43.7611514191172], [-79.4384730751178, 43.7609218306317], [-79.4383347330513, 43.7607192205832], [-79.438104998589, 43.7606966019728], [-79.4378430646623, 43.7606469537654], [-79.4376597088616, 43.7604533191909], [-79.4376168839056, 43.7602057538628], [-79.4377362646183, 43.7599942729422], [-79.4379770609965, 43.7598368741515], [-79.4381088459706, 43.7596389104346], [-79.4381428421474, 43.7594048978728], [-79.4379703693146, 43.7591977772454], [-79.4377104916527, 43.7590401155367], [-79.4374020021931, 43.7589949493235], [-79.4371322005668, 43.7590533187315], [-79.4368662729543, 43.7591251902847], [-79.4365534593563, 43.7591295354299], [-79.4362359958602, 43.7591023642143], [-79.4359092691218, 43.7590526928261], [-79.4355658708187, 43.7589849999635], [-79.4352613296411, 43.758872313445], [-79.4350798830908, 43.7587056976548], [-79.4349973272988, 43.758597635876], [-79.4348437757563, 43.7584760323963], [-79.4346959875959, 43.7583994471372], [-79.4346107415493, 43.7582778822253], [-79.4343965831792, 43.7582057679787], [-79.4341296508649, 43.7581291134752], [-79.4338665837285, 43.7580614610429], [-79.433693985568, 43.7579623573256], [-79.4337287376852, 43.7577553595228], [-79.4336897408887, 43.7575438177652], [-79.4334842650716, 43.7573501901448], [-79.4332262924501, 43.7572510362481], [-79.4329853452932, 43.7571968962666], [-79.4327493821909, 43.7572057594045], [-79.4324932135504, 43.7572371126503], [-79.4322211278698, 43.757286457911], [-79.4319598848647, 43.757335809051], [-79.4317405655054, 43.7573851848429], [-79.431515043935, 43.7574390570848], [-79.4313465909918, 43.7574659600795], [-79.4312797934766, 43.7574974241439], [-79.4310321505184, 43.7575422806175], [-79.430798856695, 43.757582645355], [-79.4305470013567, 43.7575869927136], [-79.4303153799246, 43.7575238525971], [-79.4302766027779, 43.7574968255046], [-79.4301156770353, 43.7573842126442], [-79.4300277589099, 43.7572933634812], [-79.4304162393875, 43.7571956407108], [-79.4308634502393, 43.7570831358324], [-79.4328361460039, 43.7566432447574], [-79.4369955956929, 43.7557002719451], [-79.4374532584821, 43.7556059925047], [-79.4379136126393, 43.7555117219077], [-79.4381930432132, 43.7554803691955], [-79.4384301833303, 43.7554669865], [-79.4384849102849, 43.755467015868], [-79.4387756072619, 43.7554557580869], [-79.4390832915614, 43.7554208716818], [-79.440169061381, 43.7552016276399], [-79.4405373917538, 43.7551307100993], [-79.4414074266806, 43.7549465534186], [-79.4431646176977, 43.7545756379275], [-79.4434687724107, 43.7545099356969], [-79.445773854248, 43.7540172739851], [-79.4480781845517, 43.7535306942138], [-79.4484020929443, 43.7534570311725], [-79.4502209835369, 43.7530760338666], [-79.4519218458658, 43.7526969750023], [-79.4547772356754, 43.752103160189], [-79.4547921263005, 43.7521000607693], [-79.4567544535642, 43.7516717418248], [-79.4580006776334, 43.7514104070079], [-79.4595166066132, 43.7510925001443], [-79.4597447219778, 43.7510422728831], [-79.4627748035863, 43.7503859058754], [-79.4634607437315, 43.7533197633977], [-79.4637364519955, 43.7544992148506], [-79.4639269745967, 43.7552958900114], [-79.4641029963086, 43.7561365314531], [-79.4642773245827, 43.7569535707348], [-79.4644600330219, 43.7577591713491], [-79.464609902164, 43.7584124253973], [-79.4646140128915, 43.7584535080099], [-79.4646199851646, 43.7584989842531], [-79.4646165653783, 43.7585261305226], [-79.4646124568919, 43.7585438253077], [-79.4647162190717, 43.7589618642791], [-79.4649567188061, 43.7594818284223], [-79.4649686717425, 43.7597064118731], [-79.4649971043705, 43.7600169440554], [-79.4650323656556, 43.7602887726056], [-79.4650833166329, 43.7605547460615], [-79.4650955953946, 43.7606248962035], [-79.4651256008127, 43.7607962254325], [-79.4651613854366, 43.760894439034], [-79.465210190892, 43.761028400404], [-79.4652150705019, 43.7610508510526], [-79.4657026410216, 43.7632946613072], [-79.4661297498966, 43.7652266491006], [-79.4662611707353, 43.765819127669], [-79.4669310885305, 43.7688607043077], [-79.467649694078, 43.771785337111], [-79.467683332555, 43.7719239558255], [-79.4676951068109, 43.7719724574369], [-79.4677223860578, 43.7720849079587], [-79.4677898096435, 43.772365484067], [-79.4684716997244, 43.7752024644591], [-79.4691240959555, 43.7779521197954], [-79.4698230017073, 43.7808523535716], [-79.4700450374718, 43.7817935462626], [-79.4700788168223, 43.7819685643615], [-79.4701227219307, 43.7821941631264], [-79.4701647530635, 43.7824153861825], [-79.4701836868382, 43.7826406091644], [-79.4701875514581, 43.7827382638597], [-79.4701840039462, 43.7829265128216], [-79.4701527965817, 43.7838484209061], [-79.470146012655, 43.7840487031801], [-79.4700761291777, 43.7861120814178], [-79.4700729932154, 43.7864708489053], [-79.4700742339204, 43.7867973840755], [-79.4700929474026, 43.787291803995], [-79.4684772579736, 43.7876079665048], [-79.4671504458251, 43.7878730996325], [-79.466880944907, 43.7879269483604], [-79.4668021742658, 43.7877853012978], [-79.4667256024874, 43.7876018533678], [-79.4666694251558, 43.7874072146379], [-79.4665919721455, 43.7872459183059], [-79.4665013427826, 43.7871161759473], [-79.4664037387792, 43.7869972334903], [-79.4663260079416, 43.786911240242], [-79.4661802739974, 43.786896714933], [-79.4660362903047, 43.7868640065393], [-79.4659754711414, 43.7867328325878], [-79.4660717052757, 43.7866136954161], [-79.4662349136377, 43.786484288963], [-79.4662725201783, 43.7863348991222], [-79.4662553346165, 43.7861636925443], [-79.4662476026083, 43.7859938202486], [-79.4663147534251, 43.785866563693], [-79.4663313517415, 43.7857576282189], [-79.4663787600708, 43.7856080700596], [-79.466490890988, 43.7854979109778], [-79.4666419087179, 43.7854111745539], [-79.4668766360834, 43.7853557775516], [-79.4670824126566, 43.7853036669986], [-79.4671798856026, 43.7852069232978], [-79.4671922555209, 43.7850577690165]]]]}"
120,Clanton Park,33,18681,75,63,57,61,85,91,81,97,117,460.9428,379.8842,336.5016,352.5808,479.4134,503.4857,442.7197,526.8876,626.3048,70,30,50,27,42,44,43,89,158,430.2133,180.8972,295.1768,156.0603,236.8866,243.4436,235.024,483.4329,483.4329,6,5,1,5,11,9,11,12,15,36.87542,30.14954,5.903536,28.90006,62.04174,49.79528,60.12243,65.18197,65.18197,61,44,41,54,52,44,33,36,39,374.9001,265.316,242.045,312.1207,293.2882,243.4436,180.3673,195.5459,208.7683,,,1,,,,,1,,,,6,,,,,5.43183,,8,8,7,15,11,16,16,13,19,49.16723,41.32475,86.70019,62.04174,88.52496,87.45081,70.6138,101.7076,48.23927,1,1,,1,,2,4,,1,6.145904,6.029908,,5.780013,,11.06562,21.8627,,5.353033,37,51,41,69,65,68,77,75,37,227.3984,307.5253,242.045,398.8209,366.6103,376.231,420.857,407.3873,198.0622,5,6,6,5,9,4,5,7,10,30.72952,36.17945,35.42122,28.90006,50.76142,22.13124,27.32838,38.02281,53.53032,"{'type': 'MultiPolygon', 'coordinates': [[[[-79.436951393445, 43.7491295415325], [-79.4367266689822, 43.7482720072776], [-79.4364797305413, 43.7472564974007], [-79.4363556446544, 43.7466781636458], [-79.43624510173, 43.7461629090053], [-79.4360436737768, 43.7452979963059], [-79.4360109768827, 43.7451746069321], [-79.4358030742322, 43.7444619280249], [-79.435761046762, 43.7442639407165], [-79.4355969612911, 43.7435657134244], [-79.4353186750969, 43.7426539762298], [-79.4350950295045, 43.7418069970067], [-79.4350318200804, 43.7415109833773], [-79.4348791711666, 43.7408828184434], [-79.4348283030401, 43.7405993313633], [-79.4346646424387, 43.7400098385821], [-79.4342521495524, 43.7384247837795], [-79.4340667155242, 43.7376172218634], [-79.4340086219779, 43.7373631019106], [-79.4339581640873, 43.737152687334], [-79.4337949816679, 43.7364720552461], [-79.4337606992022, 43.7363657667099], [-79.4337090142781, 43.7361549912292], [-79.4362668951905, 43.7346548525245], [-79.4370052022759, 43.7342270905565], [-79.43703343568, 43.7342107152882], [-79.4382086578736, 43.7335297746786], [-79.4399264537414, 43.7325344154948], [-79.4400066875427, 43.7324919901505], [-79.4400882859079, 43.7324498976087], [-79.4401702560542, 43.7324083548117], [-79.4402527228711, 43.7323671905908], [-79.4403355609546, 43.7323265481943], [-79.4404188821298, 43.7322863292055], [-79.4405027242721, 43.7322466052702], [-79.4405869262564, 43.7322074129047], [-79.4406714995996, 43.7321686433196], [-79.4407565817113, 43.7321303605151], [-79.4408420239261, 43.7320925993773], [-79.4409278362388, 43.7320552619004], [-79.4410141339106, 43.7320185000193], [-79.4411008024572, 43.7319821798155], [-79.4411878542297, 43.7319463995978], [-79.4412752791287, 43.7319110700903], [-79.4413630884981, 43.7318762805841], [-79.4414513802112, 43.7318420396164], [-79.4415399201099, 43.7318082314453], [-79.441628831838, 43.7317749721044], [-79.4417181162337, 43.7317421814707], [-79.4418077706802, 43.73170991263], [-79.441897798646, 43.7316781755327], [-79.4419880852388, 43.7316469956229], [-79.442066927082, 43.7316168724213], [-79.4421461525421, 43.7315873711538], [-79.4422256246276, 43.7315583638993], [-79.4423055938841, 43.7315298612756], [-79.4423858233248, 43.7315018087297], [-79.4424663865063, 43.7314743864391], [-79.4425473710499, 43.7314474236249], [-79.4426285665673, 43.7314210371693], [-79.4427101466706, 43.7313952357405], [-79.4427919621419, 43.7313698840482], [-79.4428742855983, 43.7313450992544], [-79.4429567203073, 43.7313208102247], [-79.4430395503144, 43.7312971243725], [-79.4431226298915, 43.7312739154592], [-79.4432060557975, 43.7312512829437], [-79.4432897412824, 43.7312291725212], [-79.4433736752525, 43.731207629059], [-79.4434578684147, 43.7311866707099], [-79.443542285376, 43.7311662258613], [-79.4436269493545, 43.7311463569552], [-79.4437119984909, 43.7311269560262], [-79.4437971703211, 43.7311081851686], [-79.4438825903173, 43.731089946149], [-79.4439681328024, 43.7310723453008], [-79.446469901314, 43.7305391677962], [-79.4464865762971, 43.7305355849862], [-79.4484888747918, 43.7301055973197], [-79.4485026065225, 43.7301026513387], [-79.4485489027642, 43.7300922124383], [-79.4487496725296, 43.7300469541487], [-79.448818862027, 43.73003224118], [-79.4489063521849, 43.7300136303302], [-79.4489225415309, 43.7300105231751], [-79.4491055125958, 43.7299755264877], [-79.4491128009872, 43.7299741343763], [-79.4492784461849, 43.7299368169925], [-79.4515399224247, 43.7294460784232], [-79.4567009229163, 43.7283266045539], [-79.4578554686175, 43.7280808524204], [-79.4578928579116, 43.7280770495713], [-79.4579445467195, 43.7282861947569], [-79.4579679012606, 43.7283831196843], [-79.458142006111, 43.7291060098703], [-79.4583705072509, 43.7299380508838], [-79.4583852673146, 43.7299917487164], [-79.4586432937858, 43.7309312649212], [-79.4589220135767, 43.7321012106489], [-79.4576635891564, 43.7323531822224], [-79.4530655912573, 43.7333486337204], [-79.4528666533194, 43.7333916941262], [-79.4530452630902, 43.7335639703134], [-79.4532722119697, 43.7340244858092], [-79.4527325259514, 43.7343683172897], [-79.4555054003776, 43.7369133396956], [-79.455797101245, 43.7382813604097], [-79.456063940001, 43.7385722656462], [-79.4565058847624, 43.7403141797952], [-79.4577371114492, 43.740072166481], [-79.4587757943087, 43.7398679935074], [-79.45967307039, 43.7420214860489], [-79.4571028053357, 43.7425545928192], [-79.4557963404236, 43.7428255541791], [-79.455511481627, 43.7428846173576], [-79.4528081274413, 43.7435347348746], [-79.4528819552918, 43.7437205412777], [-79.453293230761, 43.7447557597145], [-79.4535907668151, 43.7454954752499], [-79.4536101737844, 43.7455437108376], [-79.4538867253609, 43.7462312276391], [-79.453922294749, 43.746316996146], [-79.4540422135053, 43.7466059925899], [-79.4544723860651, 43.7476943933143], [-79.4545503255925, 43.7478916132825], [-79.4547342317405, 43.7483320793178], [-79.4549011396612, 43.7487102684774], [-79.4562575731871, 43.7484116490051], [-79.4581389722779, 43.7480033299496], [-79.4582343056955, 43.7480057137985], [-79.4582716749641, 43.7480308954946], [-79.4583195833618, 43.7480957755943], [-79.4583779378676, 43.748226818486], [-79.4586793158984, 43.7490037497091], [-79.4591014428296, 43.7500406604346], [-79.4595166066132, 43.7510925001443], [-79.4580006776334, 43.7514104070079], [-79.4567544535642, 43.7516717418248], [-79.4547921263005, 43.7521000607693], [-79.4547772356754, 43.752103160189], [-79.4519218458658, 43.7526969750023], [-79.4502209835369, 43.7530760338666], [-79.4484020929443, 43.7534570311725], [-79.4480781845517, 43.7535306942138], [-79.445773854248, 43.7540172739851], [-79.4434687724107, 43.7545099356969], [-79.4431646176977, 43.7545756379275], [-79.4414074266806, 43.7549465534186], [-79.4405373917538, 43.7551307100993], [-79.440169061381, 43.7552016276399], [-79.4390832915614, 43.7554208716818], [-79.4387756072619, 43.7554557580869], [-79.4384849102849, 43.755467015868], [-79.4382436602941, 43.754502290561], [-79.4379883924153, 43.7534467169263], [-79.4377337448143, 43.7523885858627], [-79.43752973939, 43.7515014336101], [-79.4373401297886, 43.7507720875554], [-79.4371652368263, 43.7499607038812], [-79.436951393445, 43.7491295415325]]]]}"
121,Englemount-Lawrence,32,24057,79,83,130,106,97,112,102,88,86,351.7051,369.4965,577.2134,463.5298,416.6846,473.7933,428.5714,369.143,357.4843,29,21,23,35,40,23,31,35,59,129.1069,93.48707,102.1224,153.0523,171.8287,97.29684,130.2521,146.8182,146.8182,6,27,18,6,12,10,33,13,7,26.71178,120.1977,79.92185,26.23754,51.54861,42.30297,138.6555,54.53249,54.53249,44,41,56,47,52,32,34,23,15,195.8864,182.5224,248.6458,205.5274,223.3773,135.3695,142.8571,96.48056,62.35191,,,,,1,,1,1,,,,,,4.295717,,4.201681,4.194807,,30,13,37,22,10,15,23,7,5,133.5589,164.2838,96.2043,42.95717,63.45446,96.63866,29.36365,20.78397,57.87295,3,6,16,5,8,12,10,4,3,13.35589,26.71059,71.04165,21.86461,34.36574,50.76357,42.01681,16.77923,12.47038,29,53,37,51,55,63,69,62,29,129.1069,235.9436,164.2838,223.0191,236.2645,266.5087,289.916,260.078,120.547,4,2,7,10,7,7,8,9,3,17.80785,8.90353,31.08072,43.72923,30.07002,29.61208,33.61345,37.75326,12.47038,"{'type': 'MultiPolygon', 'coordinates': [[[[-79.4379725244485, 43.7059923471097], [-79.438546978011, 43.7058696729235], [-79.4385494064539, 43.7058738505633], [-79.4385884587879, 43.7059422279381], [-79.4386289639456, 43.7060102001685], [-79.4386702134437, 43.7060779025348], [-79.4387616340669, 43.7062133579763], [-79.4388521992263, 43.7063491275941], [-79.4389418959472, 43.7064851851016], [-79.4390308469814, 43.7066214394385], [-79.4391189437558, 43.7067580088741], [-79.4392062699086, 43.7068948747445], [-79.4392936096906, 43.7070319478195], [-79.4398688506369, 43.7079050055114], [-79.4409915786204, 43.7096090185981], [-79.4416860178339, 43.7106630092759], [-79.4417475957068, 43.7107741969915], [-79.4418025560515, 43.7108749670665], [-79.4418684912885, 43.7109973104268], [-79.4419276859765, 43.7111091453339], [-79.4419861494768, 43.7112212313505], [-79.4420221798038, 43.7112911626765], [-79.4420439905957, 43.7113334889265], [-79.4421008411693, 43.7114460426989], [-79.4421570694008, 43.7115587662328], [-79.4422125548334, 43.7116716614887], [-79.4422671707401, 43.711784780763], [-79.4423210413065, 43.7118980258074], [-79.4423741687692, 43.7120115497182], [-79.4424264266704, 43.7121252985508], [-79.4427136505202, 43.712803948714], [-79.4428041596871, 43.713017791758], [-79.4434065753986, 43.7146541614653], [-79.4434290114102, 43.7147079010706], [-79.4438064922027, 43.7156120660313], [-79.4440244419298, 43.7161529140211], [-79.4443388622704, 43.7169331525821], [-79.4451039970304, 43.7189935501582], [-79.4451882449368, 43.7192204226653], [-79.4462710948428, 43.7221361001652], [-79.4469128319664, 43.723672102591], [-79.4470042624199, 43.7238909560989], [-79.4470660703887, 43.7240486061497], [-79.4471268727549, 43.72420650721], [-79.4471866951089, 43.7243646776366], [-79.4472456490849, 43.724522928968], [-79.4472994508807, 43.7246685931857], [-79.4473027528217, 43.7246814936679], [-79.4473604419065, 43.7248400951009], [-79.4474144174233, 43.7249994329785], [-79.4474410691736, 43.7250524627689], [-79.4474669509991, 43.7251057891219], [-79.4474920884146, 43.7251592413125], [-79.4475163940753, 43.7252128361622], [-79.4475400289376, 43.7252666388847], [-79.4475628326404, 43.7253206572062], [-79.4475848787616, 43.7253747822803], [-79.4476061799232, 43.7254291502362], [-79.4476267371052, 43.7254836269311], [-79.4476465611593, 43.7255382728383], [-79.4476654782855, 43.7255929910574], [-79.4476838125342, 43.7256479255495], [-79.4477012661933, 43.7257029219074], [-79.4477025407814, 43.7257071710039], [-79.4477178498674, 43.7257580982254], [-79.4477338137322, 43.7258133822701], [-79.4477418064867, 43.725842720753], [-79.4477430686806, 43.7258474018627], [-79.4477488954291, 43.7258688371062], [-79.4477632458955, 43.7259242910111], [-79.4477767263683, 43.7259799248771], [-79.4477895872565, 43.7260356574703], [-79.4478015660429, 43.7260914618152], [-79.4478127002936, 43.7261473735371], [-79.4478230778388, 43.7262033569138], [-79.4478462243049, 43.7262782578199], [-79.4478686249626, 43.7263533385706], [-79.4478901451203, 43.7264285262069], [-79.4479109572378, 43.7265037771524], [-79.4479308633847, 43.7265792075691], [-79.4479500243303, 43.72665474581], [-79.4479684648158, 43.7267303471926], [-79.4479860133835, 43.7268060643116], [-79.4480028281441, 43.7268818804069], [-79.4480187746183, 43.7269578584797], [-79.4480339754307, 43.7270338174187], [-79.448048295925, 43.7271098751459], [-79.4480619084323, 43.727186041205], [-79.4480747515895, 43.7272622877517], [-79.448086725455, 43.7273385422988], [-79.4481031687439, 43.7274138004956], [-79.4484640384937, 43.7295823804927], [-79.4484834388589, 43.7296989098004], [-79.4485083965211, 43.7298488276651], [-79.4485158689553, 43.7298937832828], [-79.4485489027642, 43.7300922124383], [-79.4485026065225, 43.7301026513387], [-79.4484888747918, 43.7301055973197], [-79.4464865762971, 43.7305355849862], [-79.446469901314, 43.7305391677962], [-79.4439681328024, 43.7310723453008], [-79.4438825903173, 43.731089946149], [-79.4437971703211, 43.7311081851686], [-79.4437119984909, 43.7311269560262], [-79.4436269493545, 43.7311463569552], [-79.443542285376, 43.7311662258613], [-79.4434578684147, 43.7311866707099], [-79.4433736752525, 43.731207629059], [-79.4432897412824, 43.7312291725212], [-79.4432060557975, 43.7312512829437], [-79.4431226298915, 43.7312739154592], [-79.4430395503144, 43.7312971243725], [-79.4429567203073, 43.7313208102247], [-79.4428742855983, 43.7313450992544], [-79.4427919621419, 43.7313698840482], [-79.4427101466706, 43.7313952357405], [-79.4426285665673, 43.7314210371693], [-79.4425473710499, 43.7314474236249], [-79.4424663865063, 43.7314743864391], [-79.4423858233248, 43.7315018087297], [-79.4423055938841, 43.7315298612756], [-79.4422256246276, 43.7315583638993], [-79.4421461525421, 43.7315873711538], [-79.442066927082, 43.7316168724213], [-79.4419880852388, 43.7316469956229], [-79.441897798646, 43.7316781755327], [-79.4418077706802, 43.73170991263], [-79.4417181162337, 43.7317421814707], [-79.441628831838, 43.7317749721044], [-79.4415399201099, 43.7318082314453], [-79.4414513802112, 43.7318420396164], [-79.4413630884981, 43.7318762805841], [-79.4412752791287, 43.7319110700903], [-79.4411878542297, 43.7319463995978], [-79.4411008024572, 43.7319821798155], [-79.4410141339106, 43.7320185000193], [-79.4409278362388, 43.7320552619004], [-79.4408420239261, 43.7320925993773], [-79.4407565817113, 43.7321303605151], [-79.4406714995996, 43.7321686433196], [-79.4405869262564, 43.7322074129047], [-79.4405027242721, 43.7322466052702], [-79.4404188821298, 43.7322863292055], [-79.4403355609546, 43.7323265481943], [-79.4402527228711, 43.7323671905908], [-79.4401702560542, 43.7324083548117], [-79.4400882859079, 43.7324498976087], [-79.4400066875427, 43.7324919901505], [-79.4399264537414, 43.7325344154948], [-79.4382086578736, 43.7335297746786], [-79.43703343568, 43.7342107152882], [-79.4370052022759, 43.7342270905565], [-79.4362668951905, 43.7346548525245], [-79.4337090142781, 43.7361549912292], [-79.4336676506603, 43.7359862481568], [-79.4336162890052, 43.7357768141137], [-79.4334319274336, 43.7350249692054], [-79.43339767134, 43.7348838641951], [-79.4333552573028, 43.7347122757889], [-79.4332037497385, 43.7340942168492], [-79.433178891526, 43.733897660286], [-79.4330178795418, 43.7331900064568], [-79.4329707045927, 43.7330594521298], [-79.4327649534065, 43.732168154589], [-79.4326081889705, 43.7315109272039], [-79.4325390248441, 43.7312768454012], [-79.43235190033, 43.7303900683628], [-79.4321642630865, 43.7296428722291], [-79.4320307162582, 43.7290802247671], [-79.4319577957076, 43.7287471357828], [-79.4318346760716, 43.7282204985765], [-79.4317412415435, 43.7278423907834], [-79.431626549439, 43.727405770852], [-79.4315246708945, 43.7269466470097], [-79.4314323468218, 43.7266315482371], [-79.4312618555252, 43.7258033317478], [-79.4310971266738, 43.7250201148248], [-79.4310658903953, 43.7248535732337], [-79.4309122174766, 43.7242278940032], [-79.4307363228723, 43.7234375136023], [-79.4306656603775, 43.7230845858438], [-79.4305374519756, 43.7225669455218], [-79.4303143118727, 43.7216306796661], [-79.4301762194704, 43.7209510012949], [-79.4301403138867, 43.7208024586199], [-79.4299825612229, 43.7200417655865], [-79.4298193921918, 43.7192675758611], [-79.429595837139, 43.7184303397273], [-79.4294168147359, 43.7176381272578], [-79.4292289048418, 43.7168188789844], [-79.4290088311021, 43.715959113107], [-79.4287934871666, 43.7150723462884], [-79.428602551481, 43.7142125883575], [-79.4283671502011, 43.7132447877441], [-79.4282145916841, 43.7126071413406], [-79.4281506800862, 43.7123400160511], [-79.4279495870522, 43.7115432858862], [-79.4279365303208, 43.7114307621339], [-79.42772748573, 43.7106360523827], [-79.4276976009418, 43.7104944704556], [-79.4274918061754, 43.7097472081448], [-79.4274663577874, 43.7096121546238], [-79.4272847318232, 43.708779349647], [-79.4271561337832, 43.7082946485016], [-79.4272851422047, 43.7082448366752], [-79.4342925789926, 43.7067792348257], [-79.4361611205719, 43.7063863795504], [-79.4379725244485, 43.7059923471097]]]]}"
122,Yorkdale-Glen Park,31,16769,106,137,175,161,174,206,157,162,180,733.2088,949.2794,1210.403,1080.9,1130.825,1302.067,971.3543,986.782,1073.409,67,53,41,52,63,62,87,93,190,463.4433,367.2395,283.58,349.1104,409.4365,391.8842,538.2664,566.486,566.486,13,15,11,12,15,20,33,29,18,89.92184,103.9357,76.08244,80.56395,97.48489,126.4143,204.17,176.6462,176.6462,51,57,66,58,64,87,75,63,59,352.7703,394.9557,456.4947,389.3924,415.9355,549.902,464.0228,383.7486,351.8397,1,1,1,1,2,1,1,1,1,6.917064398,7,7,7,12.99798,6.320713,6.18697,6.091247,5.963385,23,21,24,34,47,42,40,17,32,159.0925,165.9981,228.2645,305.4527,265.4699,247.4788,103.5512,190.8283,145.51,3,3,1,6,10,17,15,9,7,20.75119,20.78714,6.916586,40.28197,64.98993,107.4521,92.80455,54.82122,41.74369,105,76,63,77,97,86,128,112,105,726.2917,526.6075,435.7449,516.952,630.4023,543.5813,791.9322,682.2197,626.1554,23,15,26,23,20,30,18,21,40,159.0925,103.9357,179.8312,154.4142,129.9799,189.6214,111.3655,127.9162,238.5354,"{'type': 'MultiPolygon', 'coordinates': [[[[-79.4639607147939, 43.7003688743461], [-79.4671056677532, 43.6996820612191], [-79.4678589721641, 43.7022702253233], [-79.4679177004486, 43.7024707005424], [-79.4679755481112, 43.7026713638047], [-79.4680325406622, 43.7028720903002], [-79.4680888871068, 43.7030730061845], [-79.4681443783758, 43.7032739384836], [-79.4681991137462, 43.703475033491], [-79.468253116119, 43.703676317626], [-79.468306238456, 43.7038776187463], [-79.468358628697, 43.7040790729931], [-79.4684102632072, 43.7042805359893], [-79.4684610403684, 43.7044821963548], [-79.4685111859541, 43.7046840093961], [-79.4685219707321, 43.7047282897889], [-79.4685603640875, 43.7048858589655], [-79.4686088856271, 43.7050877708391], [-79.4686565502219, 43.7052898629843], [-79.4687034830946, 43.7054919452985], [-79.4687496595508, 43.7056942074326], [-79.4687950792986, 43.705896514326], [-79.4688396302552, 43.7060989293054], [-79.4688804602564, 43.7063020363227], [-79.469355402234, 43.7086914172961], [-79.4697804955385, 43.7108129765256], [-79.4698245505879, 43.7110056241878], [-79.4701125165323, 43.7124254425601], [-79.4709024859337, 43.7164442325317], [-79.4717519558987, 43.7207640484526], [-79.4720697476664, 43.7223803371247], [-79.4723066693446, 43.723563546485], [-79.4724954038797, 43.7245062381218], [-79.4725336809499, 43.7246973709935], [-79.4725699528135, 43.7248785026363], [-79.4717940937353, 43.7250723178785], [-79.4715761391056, 43.7251247952377], [-79.4713578139295, 43.7251765964404], [-79.4711391153467, 43.7252277853731], [-79.4709202794751, 43.7252783534882], [-79.4707010839804, 43.7253283536331], [-79.4704816281456, 43.7253776412731], [-79.4702619115699, 43.7254262812287], [-79.4700419466556, 43.7254743718058], [-79.4698217467978, 43.725521777225], [-79.4696012972774, 43.7255685882263], [-79.4693804631343, 43.7256147417746], [-79.4691595052947, 43.7256603277997], [-79.4661487037225, 43.7262896531278], [-79.4626876724196, 43.7270341214137], [-79.4578928579116, 43.7280770495713], [-79.4578554686175, 43.7280808524204], [-79.4567009229163, 43.7283266045539], [-79.4515399224247, 43.7294460784232], [-79.4492784461849, 43.7299368169925], [-79.4491128009872, 43.7299741343763], [-79.4491055125958, 43.7299755264877], [-79.4489225415309, 43.7300105231751], [-79.4489063521849, 43.7300136303302], [-79.448818862027, 43.73003224118], [-79.4487496725296, 43.7300469541487], [-79.4485489027642, 43.7300922124383], [-79.4485158689553, 43.7298937832828], [-79.4485083965211, 43.7298488276651], [-79.4484834388589, 43.7296989098004], [-79.4484640384937, 43.7295823804927], [-79.4481031687439, 43.7274138004956], [-79.448086725455, 43.7273385422988], [-79.4480747515895, 43.7272622877517], [-79.4480619084323, 43.727186041205], [-79.448048295925, 43.7271098751459], [-79.4480339754307, 43.7270338174187], [-79.4480187746183, 43.7269578584797], [-79.4480028281441, 43.7268818804069], [-79.4479860133835, 43.7268060643116], [-79.4479684648158, 43.7267303471926], [-79.4479500243303, 43.72665474581], [-79.4479308633847, 43.7265792075691], [-79.4479109572378, 43.7265037771524], [-79.4478901451203, 43.7264285262069], [-79.4478686249626, 43.7263533385706], [-79.4478462243049, 43.7262782578199], [-79.4478230778388, 43.7262033569138], [-79.4478127002936, 43.7261473735371], [-79.4478015660429, 43.7260914618152], [-79.4477895872565, 43.7260356574703], [-79.4477767263683, 43.7259799248771], [-79.4477632458955, 43.7259242910111], [-79.4477488954291, 43.7258688371062], [-79.4477430686806, 43.7258474018627], [-79.4477418064867, 43.725842720753], [-79.4477338137322, 43.7258133822701], [-79.4477178498674, 43.7257580982254], [-79.4477025407814, 43.7257071710039], [-79.4477012661933, 43.7257029219074], [-79.4476838125342, 43.7256479255495], [-79.4476654782855, 43.7255929910574], [-79.4476465611593, 43.7255382728383], [-79.4476267371052, 43.7254836269311], [-79.4476061799232, 43.7254291502362], [-79.4475848787616, 43.7253747822803], [-79.4475628326404, 43.7253206572062], [-79.4475400289376, 43.7252666388847], [-79.4475163940753, 43.7252128361622], [-79.4474920884146, 43.7251592413125], [-79.4474669509991, 43.7251057891219], [-79.4474410691736, 43.7250524627689], [-79.4474144174233, 43.7249994329785], [-79.4473604419065, 43.7248400951009], [-79.4473027528217, 43.7246814936679], [-79.4472994508807, 43.7246685931857], [-79.4472456490849, 43.724522928968], [-79.4471866951089, 43.7243646776366], [-79.4471268727549, 43.72420650721], [-79.4470660703887, 43.7240486061497], [-79.4470042624199, 43.7238909560989], [-79.4469128319664, 43.723672102591], [-79.4462710948428, 43.7221361001652], [-79.4451882449368, 43.7192204226653], [-79.4451039970304, 43.7189935501582], [-79.4443388622704, 43.7169331525821], [-79.4440244419298, 43.7161529140211], [-79.4438064922027, 43.7156120660313], [-79.4434290114102, 43.7147079010706], [-79.4434065753986, 43.7146541614653], [-79.4428041596871, 43.713017791758], [-79.4427136505202, 43.712803948714], [-79.4424264266704, 43.7121252985508], [-79.4423741687692, 43.7120115497182], [-79.4423210413065, 43.7118980258074], [-79.4422671707401, 43.711784780763], [-79.4422125548334, 43.7116716614887], [-79.4421570694008, 43.7115587662328], [-79.4421008411693, 43.7114460426989], [-79.4420439905957, 43.7113334889265], [-79.4420221798038, 43.7112911626765], [-79.4419861494768, 43.7112212313505], [-79.4419276859765, 43.7111091453339], [-79.4418684912885, 43.7109973104268], [-79.4418025560515, 43.7108749670665], [-79.4417475957068, 43.7107741969915], [-79.4416860178339, 43.7106630092759], [-79.4409915786204, 43.7096090185981], [-79.4398688506369, 43.7079050055114], [-79.4392936096906, 43.7070319478195], [-79.4392062699086, 43.7068948747445], [-79.4391189437558, 43.7067580088741], [-79.4390308469814, 43.7066214394385], [-79.4389418959472, 43.7064851851016], [-79.4388521992263, 43.7063491275941], [-79.4387616340669, 43.7062133579763], [-79.4386702134437, 43.7060779025348], [-79.4386289639456, 43.7060102001685], [-79.4385884587879, 43.7059422279381], [-79.4385494064539, 43.7058738505633], [-79.438546978011, 43.7058696729235], [-79.4387826466943, 43.7058180153963], [-79.4390300298284, 43.7057637883373], [-79.4396905767508, 43.7056184089122], [-79.440113537182, 43.7055939671625], [-79.4410188789437, 43.7054194084216], [-79.4422824696633, 43.7051902596885], [-79.444854788781, 43.7046223519978], [-79.4472769636151, 43.7040823020398], [-79.4491810943181, 43.7036608425498], [-79.4522681655291, 43.7029833233918], [-79.456390408258, 43.7020583878491], [-79.4603760524233, 43.7011622308797], [-79.4639607147939, 43.7003688743461]]]]}"
123,Brookhaven-Amesbury,30,18672,87,101,121,122,105,105,94,138,159,472.6206,551.4304,661.6722,662.1079,563.6071,560.1195,501.6544,740.6215,851.5424,39,42,30,24,48,37,56,49,67,211.8644,229.3077,164.051,130.2507,257.649,197.3754,298.8579,262.9743,262.9743,2,6,4,7,6,4,1,7,4,10.86484,32.75824,21.87346,37.9898,32.20612,21.33788,5.336749,37.56776,37.56776,23,44,31,32,33,50,33,25,20,124.9457,240.2271,169.5193,173.6676,177.1337,266.7236,176.1127,134.1706,107.1123,1,,1,,,,,3,2,5.432420687,,5,,,,,16.10047,10.71123,32,20,33,21,20,23,16,15,12,173.8375,180.4561,113.9694,107.3537,122.6928,85.38799,80.50233,64.26735,109.1941,2,2,3,7,2,8,1,5,5,10.86484,10.91941,16.4051,37.9898,10.73537,42.67577,5.336749,26.83411,26.77806,34,51,27,33,46,51,61,47,34,184.7023,278.4451,147.6459,179.0948,246.9136,272.058,325.5417,252.2406,182.0908,5,8,1,7,11,12,10,5,8,27.1621,43.67766,5.468366,37.9898,59.04455,64.01366,53.36749,26.83411,42.8449,"{'type': 'MultiPolygon', 'coordinates': [[[[-79.4755573254471, 43.6976979114263], [-79.4804391703417, 43.6966172202732], [-79.4835180417995, 43.6959141652765], [-79.4854658659521, 43.6954765706754], [-79.4865552169628, 43.6952772528496], [-79.4873380381118, 43.6951453024163], [-79.4877389835993, 43.6950651712598], [-79.4898141788708, 43.6946387228494], [-79.4938440087716, 43.6938063282668], [-79.4976474406097, 43.6929935184562], [-79.5000683917451, 43.694244766813], [-79.5017864292396, 43.695118571767], [-79.502960182223, 43.6957456766671], [-79.5041543046669, 43.6963611654215], [-79.5021960912128, 43.6967716789749], [-79.5023828482466, 43.69760230471], [-79.5048897139224, 43.697031894546], [-79.5049469298586, 43.6970188671855], [-79.5053580742793, 43.6969252892429], [-79.5082497424692, 43.6983498592221], [-79.5075349908019, 43.6985063869375], [-79.5064149618173, 43.6987516683253], [-79.5059465264914, 43.698854245013], [-79.5055461257449, 43.6989419194428], [-79.5048237418529, 43.699100077999], [-79.5028972449976, 43.6995619268566], [-79.5032511779046, 43.700856671062], [-79.5034584651009, 43.7015806653234], [-79.5036452351902, 43.7022876739606], [-79.5038417173735, 43.7028866579761], [-79.5036906359202, 43.7029240726094], [-79.5035878294251, 43.7029462544135], [-79.5034192634526, 43.7029538297213], [-79.503226849897, 43.7029719276598], [-79.5030719074871, 43.7029899164486], [-79.5029148312031, 43.7030154483996], [-79.5027108183906, 43.7030464454781], [-79.5020016658884, 43.7031949361775], [-79.5000554860116, 43.7036232157225], [-79.4988123465305, 43.7039086858237], [-79.4977382383563, 43.7041430986993], [-79.496685700012, 43.704374280008], [-79.4961439094925, 43.7045165729746], [-79.4956062132676, 43.704638277776], [-79.4940999455913, 43.704958835367], [-79.4934511852278, 43.7051253056039], [-79.4930773669319, 43.705196124388], [-79.4918738190898, 43.7054694048988], [-79.4917328859489, 43.7054989097911], [-79.4902348779469, 43.7058146281415], [-79.4876709021264, 43.7063829726272], [-79.4848994145049, 43.7069994530207], [-79.4824401194424, 43.7075464149212], [-79.4790467285442, 43.7083275229271], [-79.4789347465472, 43.7083514547851], [-79.478803843263, 43.7084039072892], [-79.478695712017, 43.7084472375881], [-79.47855210295, 43.7084962225585], [-79.4784267011147, 43.7085369573641], [-79.4783230391149, 43.7085746888117], [-79.4780654533518, 43.7086679020837], [-79.4779047187069, 43.7087861118563], [-79.4774625717387, 43.7089647274229], [-79.4771424538936, 43.7090955959123], [-79.4768918863866, 43.7091912293375], [-79.4766123228095, 43.7092763427805], [-79.4763676354787, 43.7093420103819], [-79.4760564228518, 43.7094099866957], [-79.4757530510544, 43.7094810686155], [-79.4745634694463, 43.7097327911533], [-79.4733854940772, 43.7100058017974], [-79.4719123359923, 43.7103110966459], [-79.4709507927911, 43.7105233576871], [-79.4697804955385, 43.7108129765256], [-79.469355402234, 43.7086914172961], [-79.4688804602564, 43.7063020363227], [-79.4688396302552, 43.7060989293054], [-79.4687950792986, 43.705896514326], [-79.4687496595508, 43.7056942074326], [-79.4687034830946, 43.7054919452985], [-79.4686565502219, 43.7052898629843], [-79.4686088856271, 43.7050877708391], [-79.4685603640875, 43.7048858589655], [-79.4685219707321, 43.7047282897889], [-79.4685111859541, 43.7046840093961], [-79.4684610403684, 43.7044821963548], [-79.4684102632072, 43.7042805359893], [-79.468358628697, 43.7040790729931], [-79.468306238456, 43.7038776187463], [-79.468253116119, 43.703676317626], [-79.4681991137462, 43.703475033491], [-79.4681443783758, 43.7032739384836], [-79.4680888871068, 43.7030730061845], [-79.4680325406622, 43.7028720903002], [-79.4679755481112, 43.7026713638047], [-79.4679177004486, 43.7024707005424], [-79.4678589721641, 43.7022702253233], [-79.4671056677532, 43.6996820612191], [-79.4688056344484, 43.6992747703054], [-79.4746066436102, 43.6978741840259], [-79.4755573254471, 43.6976979114263]]]]}"
124,Maple Leaf,29,10559,21,31,42,18,27,28,28,32,51,205.2385,304.4589,413.6708,175.5241,259.7903,266.3369,265.5791,304.5299,483.0003,7,18,15,8,13,25,18,12,44,68.41282,176.7826,147.7396,78.01073,125.0842,237.8008,170.7294,114.1987,114.1987,,1,,2,1,,2,1,,,9.821253,,19.50268,9.621861,,18.96993,9.516559,9.516559,14,13,18,10,7,15,10,10,21,136.8256,127.6763,177.2875,97.5134,67.35303,142.6805,94.84966,95.16559,198.8825,,,,,,,,,,,,,,,,,,,9,3,8,2,6,4,2,1,5,87.95934,78.79444,19.50268,57.73117,38.04813,18.96993,9.516559,47.35297,29.46376,,2,,1,2,1,1,2,1,,19.64251,,9.751341,19.24372,9.512033,9.484966,19.03312,9.470593,12,18,13,6,33,18,31,19,12,117.2791,176.7826,128.041,58.50805,317.5214,171.2166,294.034,180.8146,113.6471,,4,,2,4,3,2,3,3,,39.28501,,19.50268,38.48744,28.5361,18.96993,28.54968,28.41178,"{'type': 'MultiPolygon', 'coordinates': [[[[-79.4824401194424, 43.7075464149212], [-79.4876709021264, 43.7063829726272], [-79.4881188912878, 43.70747818701], [-79.4882805417943, 43.7078217920322], [-79.4883403860271, 43.7079585090267], [-79.4883920122148, 43.7080505519443], [-79.4884551474699, 43.7081071675447], [-79.4884856711897, 43.7081771825555], [-79.4885527296277, 43.7082935219501], [-79.4888080442463, 43.7086344878957], [-79.4890974971571, 43.7091265890281], [-79.4892045419624, 43.7092897831655], [-79.4892490837334, 43.7093891160577], [-79.4892947333361, 43.7094692584178], [-79.4893460632367, 43.7095649020996], [-79.4893964861234, 43.7096714094872], [-79.4894453863585, 43.7097604185006], [-79.4895264277374, 43.7099060848035], [-79.4895799582233, 43.7100523148326], [-79.4895917961413, 43.7101247494899], [-79.4896090072313, 43.7101985256005], [-79.4896081143422, 43.7103386394066], [-79.4896309535287, 43.7105168748221], [-79.489671960975, 43.710686858839], [-79.4897010865562, 43.7107441002053], [-79.4897225165068, 43.7108917769006], [-79.4897510735569, 43.7110143595831], [-79.4897742611123, 43.711117812906], [-79.489791060216, 43.7112082586123], [-79.4898179924697, 43.7113264034254], [-79.48982148869, 43.7114206197023], [-79.4898446843222, 43.7115525260884], [-79.4898470890748, 43.7115662985989], [-79.4898766779816, 43.7116827596689], [-79.4899081894817, 43.7118000213635], [-79.4899495582508, 43.7118952314853], [-79.489993650421, 43.7120290481453], [-79.4900386939598, 43.7121164365478], [-79.4901590849112, 43.7123695624505], [-79.4905350273327, 43.7138554869213], [-79.4908595935195, 43.7152164768926], [-79.4913845433025, 43.7170411901876], [-79.4914298585255, 43.7171783276355], [-79.4914632014521, 43.717291691819], [-79.4915120691967, 43.717416290594], [-79.4915695847055, 43.7175510796616], [-79.491650069027, 43.7177976750858], [-79.4916869909334, 43.7178806877595], [-79.4917889329401, 43.7181303358575], [-79.4922665980712, 43.7194068282991], [-79.492359930047, 43.7196851077985], [-79.4924243647296, 43.7198916553011], [-79.4924934176559, 43.7201053947007], [-79.491848406514, 43.7202205397332], [-79.4917034553921, 43.7202460117632], [-79.4915586042546, 43.7202720953871], [-79.4914139003709, 43.7202987372064], [-79.491269557372, 43.7203260814018], [-79.4911253380421, 43.7203538844409], [-79.4909812291909, 43.7203824243676], [-79.4908375062427, 43.7204114608165], [-79.4906939070825, 43.7204410992732], [-79.4905506786259, 43.7204713943214], [-79.4904075880343, 43.7205021754156], [-79.4902647200453, 43.7205336768747], [-79.4901221114705, 43.7205656191672], [-79.4899798881344, 43.7205982812743], [-79.4898377640433, 43.7206313848015], [-79.4896960243009, 43.7206652432484], [-79.4895543960965, 43.7206994982605], [-79.4894131646266, 43.7207344102165], [-79.4892721694108, 43.720769942782], [-79.4891314217083, 43.7208060429842], [-79.4889910577785, 43.7208427720508], [-79.4888509294907, 43.7208799974691], [-79.4887110379173, 43.7209178245988], [-79.4885715297247, 43.7209562463768], [-79.4884322691673, 43.7209951808749], [-79.4882932581462, 43.7210347991915], [-79.4880269030952, 43.7210960605136], [-79.4877609319682, 43.7211578800279], [-79.4874950605983, 43.7212203016961], [-79.4872294609359, 43.7212833989254], [-79.486964096368, 43.7213469983596], [-79.4866991161395, 43.7214112370339], [-79.4864343702899, 43.7214760058193], [-79.486169873479, 43.7215413139157], [-79.4859056351409, 43.7216072793994], [-79.4856416326521, 43.7216737651146], [-79.4853780017233, 43.7217408538958], [-79.4851144932434, 43.7218086270792], [-79.4813170999018, 43.7227394916334], [-79.4812523570513, 43.7227553593784], [-79.4781764358201, 43.7235072819419], [-79.4755443395773, 43.7241514987946], [-79.4733051291214, 43.7246948531288], [-79.4725699528135, 43.7248785026363], [-79.4725336809499, 43.7246973709935], [-79.4724954038797, 43.7245062381218], [-79.4723066693446, 43.723563546485], [-79.4720697476664, 43.7223803371247], [-79.4717519558987, 43.7207640484526], [-79.4709024859337, 43.7164442325317], [-79.4701125165323, 43.7124254425601], [-79.4698245505879, 43.7110056241878], [-79.4697804955385, 43.7108129765256], [-79.4709507927911, 43.7105233576871], [-79.4719123359923, 43.7103110966459], [-79.4733854940772, 43.7100058017974], [-79.4745634694463, 43.7097327911533], [-79.4757530510544, 43.7094810686155], [-79.4760564228518, 43.7094099866957], [-79.4763676354787, 43.7093420103819], [-79.4766123228095, 43.7092763427805], [-79.4768918863866, 43.7091912293375], [-79.4771424538936, 43.7090955959123], [-79.4774625717387, 43.7089647274229], [-79.4779047187069, 43.7087861118563], [-79.4780654533518, 43.7086679020837], [-79.4783230391149, 43.7085746888117], [-79.4784267011147, 43.7085369573641], [-79.47855210295, 43.7084962225585], [-79.478695712017, 43.7084472375881], [-79.478803843263, 43.7084039072892], [-79.4789347465472, 43.7083514547851], [-79.4790467285442, 43.7083275229271], [-79.4824401194424, 43.7075464149212]]]]}"
125,Rustic,28,10346,53,66,74,64,72,64,60,62,74,524.4928,656.1941,737.6395,631.4751,702.2335,618.8956,579.4862,601.3579,715.2523,7,19,10,11,15,38,22,16,35,69.27264,188.9044,99.68102,108.5348,146.2986,367.4693,212.4783,155.1891,155.1891,,2,3,,,2,5,,1,,19.88467,29.90431,,,19.34049,48.29052,,,21,17,17,12,9,14,15,7,10,207.8179,169.0197,169.4577,118.4016,87.77919,135.3834,144.8716,67.89525,96.65572,,1,,,,1,,2,,,10,,,,9.670244,,19.39864,,14,16,6,4,8,3,8,6,4,138.5453,59.80861,39.46719,78.02594,29.01073,77.26482,58.19593,38.66228,159.0773,5,7,9,3,8,7,6,7,1,49.48045,69.59634,89.71292,29.6004,78.02594,67.69171,57.94862,67.89525,9.665571,20,14,8,18,47,26,35,13,20,197.9218,139.1927,79.74482,177.6024,458.4024,251.4264,338.0336,126.0912,193.3114,1,1,3,1,2,1,4,,5,9.896091,9.942334,29.90431,9.866798,19.50648,9.670244,38.63241,,48.32786,"{'type': 'MultiPolygon', 'coordinates': [[[[-79.5036906359202, 43.7029240726094], [-79.5038417173735, 43.7028866579761], [-79.5042521910976, 43.7044819942693], [-79.5044088267386, 43.7051676784174], [-79.5046011624133, 43.7058375910197], [-79.5048355532758, 43.7066539605582], [-79.5050607467658, 43.7073755645327], [-79.5051182254637, 43.7075597820766], [-79.5053484151557, 43.7084232097331], [-79.5055699085042, 43.7092539895581], [-79.5057915573749, 43.7102097692105], [-79.5059744986494, 43.7110504694765], [-79.506078462976, 43.7114295606866], [-79.5061204831307, 43.7115827608388], [-79.5061481415107, 43.7116836185818], [-79.506232605152, 43.7119916009071], [-79.5064378444353, 43.712714382267], [-79.5066985473577, 43.7136592298039], [-79.5068513813161, 43.7140731525504], [-79.5069689012663, 43.7145046303465], [-79.5072281817208, 43.7154650398435], [-79.5074960317152, 43.7164989065334], [-79.5077503801414, 43.7173868999711], [-79.507794947815, 43.7175891278012], [-79.5078334425885, 43.7177637588494], [-79.5064824593124, 43.7179207621613], [-79.504648271573, 43.7181430926382], [-79.5038543890898, 43.7182325585697], [-79.503743067624, 43.7182400247577], [-79.5036213081001, 43.7182489487353], [-79.503520670881, 43.7182567833045], [-79.5034096096793, 43.7182659587985], [-79.5032986604038, 43.7182757731204], [-79.503187710851, 43.7182861455673], [-79.5030768850593, 43.7182971299862], [-79.5029661835385, 43.7183085562119], [-79.5028556063635, 43.7183206205289], [-79.50274515282, 43.7183332517982], [-79.5026348234732, 43.7183464770389], [-79.5025246177291, 43.7183602701325], [-79.5024146611202, 43.7183745751], [-79.502304704658, 43.7183894201924], [-79.5021948842223, 43.7184048324011], [-79.5020852862541, 43.718420829967], [-79.501975825891, 43.7184374306862], [-79.5018664886942, 43.7184545164198], [-79.5017574009289, 43.7184722508923], [-79.5016484359582, 43.7184904352604], [-79.501539719643, 43.7185092494503], [-79.5014311283887, 43.7185286216123], [-79.5013226601591, 43.7185485337124], [-79.5012144392159, 43.7185690305988], [-79.4997810271222, 43.7188042123757], [-79.4978770844858, 43.7191442335349], [-79.4952706355747, 43.7196096098266], [-79.4935703704823, 43.7199131480544], [-79.4924934176559, 43.7201053947007], [-79.4924243647296, 43.7198916553011], [-79.492359930047, 43.7196851077985], [-79.4922665980712, 43.7194068282991], [-79.4917889329401, 43.7181303358575], [-79.4916869909334, 43.7178806877595], [-79.491650069027, 43.7177976750858], [-79.4915695847055, 43.7175510796616], [-79.4915120691967, 43.717416290594], [-79.4914632014521, 43.717291691819], [-79.4914298585255, 43.7171783276355], [-79.4913845433025, 43.7170411901876], [-79.4910010665431, 43.7157082994464], [-79.4908595935195, 43.7152164768926], [-79.4905350273327, 43.7138554869213], [-79.4901590849112, 43.7123695624505], [-79.4900386939598, 43.7121164365478], [-79.489993650421, 43.7120290481453], [-79.4899495582508, 43.7118952314853], [-79.4899081894817, 43.7118000213635], [-79.4898766779816, 43.7116827596689], [-79.4898470890748, 43.7115662985989], [-79.48982148869, 43.7114206197023], [-79.4898179924697, 43.7113264034254], [-79.489791060216, 43.7112082586123], [-79.4897742611123, 43.711117812906], [-79.4897510735569, 43.7110143595831], [-79.4897225165068, 43.7108917769006], [-79.4897010865562, 43.7107441002053], [-79.489671960975, 43.710686858839], [-79.4896309535287, 43.7105168748221], [-79.4896081143422, 43.7103386394066], [-79.4896090072313, 43.7101985256005], [-79.4895917961413, 43.7101247494899], [-79.4895799582233, 43.7100523148326], [-79.4895264277374, 43.7099060848035], [-79.4894453863585, 43.7097604185006], [-79.4893964861234, 43.7096714094872], [-79.4893460632367, 43.7095649020996], [-79.4892947333361, 43.7094692584178], [-79.4892490837334, 43.7093891160577], [-79.4892045419624, 43.7092897831655], [-79.4890974971571, 43.7091265890281], [-79.4888080442463, 43.7086344878957], [-79.4885527296277, 43.7082935219501], [-79.4884856711897, 43.7081771825555], [-79.4884551474699, 43.7081071675447], [-79.4883920122148, 43.7080505519443], [-79.4883403860271, 43.7079585090267], [-79.4882805417943, 43.7078217920322], [-79.4881188912878, 43.70747818701], [-79.4876709021264, 43.7063829726272], [-79.4902348779469, 43.7058146281415], [-79.4917328859489, 43.7054989097911], [-79.4918738190898, 43.7054694048988], [-79.4930773669319, 43.705196124388], [-79.4934511852278, 43.7051253056039], [-79.4940999455913, 43.704958835367], [-79.4956062132676, 43.704638277776], [-79.4961439094925, 43.7045165729746], [-79.496685700012, 43.704374280008], [-79.4977382383563, 43.7041430986993], [-79.4988123465305, 43.7039086858237], [-79.5000554860116, 43.7036232157225], [-79.5020016658884, 43.7031949361775], [-79.5027108183906, 43.7030464454781], [-79.5029148312031, 43.7030154483996], [-79.5030719074871, 43.7029899164486], [-79.503226849897, 43.7029719276598], [-79.5034192634526, 43.7029538297213], [-79.5035878294251, 43.7029462544135], [-79.5036906359202, 43.7029240726094]]]]}"
126,York University Heights,27,29652,271,294,361,342,355,378,347,331,330,940.2866,1025.748,1264.67,1184.292,1213.26,1279.838,1172.139,1121.616,1112.91,108,100,109,93,91,146,187,170,226,374.7268,348.894,381.8532,322.0445,311.0048,494.3288,631.6714,576.0564,576.0564,15,27,25,33,36,18,39,18,34,52.04538,94.20138,87.58101,114.2738,123.0349,60.94464,131.739,60.99421,60.99421,108,140,99,105,122,111,105,114,127,374.7268,488.4516,346.8208,363.5986,416.9515,375.8253,354.6818,386.2966,428.3016,1,,2,1,1,,1,6,3,3.469692238,,7,3,3.417635,,3.377922,20.3314,10.11736,59,85,69,75,91,82,47,40,51,204.7118,241.7236,259.7133,311.0048,277.6367,158.7623,135.5427,171.9951,296.5599,2,1,5,10,8,6,12,14,13,6.939384,3.48894,17.5162,34.62844,27.34108,20.31488,40.53506,47.43994,43.8419,141,122,136,164,169,159,262,200,141,489.2266,425.6507,476.4407,567.9064,577.5803,538.3444,885.0156,677.7134,475.516,30,46,38,38,37,31,42,32,60,104.0908,160.4912,133.1231,131.5881,126.4525,104.9602,141.8727,108.4341,202.3472,"{'type': 'MultiPolygon', 'coordinates': [[[[-79.4684716997244, 43.7752024644591], [-79.4677898096435, 43.772365484067], [-79.4677223860578, 43.7720849079587], [-79.4676951068109, 43.7719724574369], [-79.467683332555, 43.7719239558255], [-79.467649694078, 43.771785337111], [-79.4669310885305, 43.7688607043077], [-79.4662611707353, 43.765819127669], [-79.4661297498966, 43.7652266491006], [-79.4657026410216, 43.7632946613072], [-79.4652150705019, 43.7610508510526], [-79.465210190892, 43.761028400404], [-79.4651613854366, 43.760894439034], [-79.4651256008127, 43.7607962254325], [-79.4650955953946, 43.7606248962035], [-79.4650833166329, 43.7605547460615], [-79.4650323656556, 43.7602887726056], [-79.4649971043705, 43.7600169440554], [-79.4649686717425, 43.7597064118731], [-79.4649567188061, 43.7594818284223], [-79.4647162190717, 43.7589618642791], [-79.4646124568919, 43.7585438253077], [-79.4646165653783, 43.7585261305226], [-79.4646199851646, 43.7584989842531], [-79.4646140128915, 43.7584535080099], [-79.464609902164, 43.7584124253973], [-79.4644600330219, 43.7577591713491], [-79.4642773245827, 43.7569535707348], [-79.4641029963086, 43.7561365314531], [-79.4639269745967, 43.7552958900114], [-79.4637364519955, 43.7544992148506], [-79.4634607437315, 43.7533197633977], [-79.4627748035863, 43.7503859058754], [-79.4633936283473, 43.7502597289247], [-79.4639621405468, 43.7501467642255], [-79.4640241769094, 43.7501451544821], [-79.4643003226281, 43.7501229630364], [-79.4645340575407, 43.7501532440085], [-79.464826050213, 43.7501887361282], [-79.4649868470665, 43.750218219044], [-79.4651324594579, 43.7502666181653], [-79.4652565228456, 43.7503029399621], [-79.4653791262916, 43.7503515834717], [-79.4655031076531, 43.7504035218212], [-79.4656401693426, 43.7504669858105], [-79.4657196720044, 43.7505190911048], [-79.4664411662288, 43.7511976626624], [-79.4672231071061, 43.7519330717123], [-79.4681643361083, 43.7528327017942], [-79.4685410770476, 43.7532092545971], [-79.4688634966014, 43.7534874163501], [-79.4691935345167, 43.753736353109], [-79.4696655721479, 43.7540368490909], [-79.4699033245116, 43.7541873315977], [-79.4703645584105, 43.7543751177698], [-79.4709720527929, 43.7546207545529], [-79.4717088280801, 43.7549111740686], [-79.4724294966981, 43.7551907202721], [-79.4729694496654, 43.7553852205666], [-79.4730976159647, 43.7554194556738], [-79.4732875338515, 43.7554593398958], [-79.4737707847187, 43.7555259881303], [-79.4742993727773, 43.7555431562721], [-79.4745461469594, 43.7555453721894], [-79.4747142294461, 43.7555408819673], [-79.4749408081505, 43.7555223709315], [-79.4751892026896, 43.7554810829359], [-79.4785830685559, 43.7547081790003], [-79.4795002760772, 43.7545007350624], [-79.4802901565325, 43.7543298600434], [-79.4806168742497, 43.7542510027217], [-79.4807081410429, 43.7542285777296], [-79.4809804266187, 43.7541616549339], [-79.4811021950347, 43.75412534612], [-79.4812946082597, 43.7540567612295], [-79.4815793839241, 43.7539091699621], [-79.4817012994654, 43.7538416626396], [-79.481937543191, 43.7536963131336], [-79.4819995333803, 43.753655142209], [-79.4821078820112, 43.7535630405314], [-79.482255910293, 43.753451430614], [-79.4823915668643, 43.7533101688869], [-79.4824602088719, 43.7532375575864], [-79.4825422176192, 43.7531416356401], [-79.4826033097744, 43.7530706887302], [-79.4826439411503, 43.7530258060962], [-79.4827387493401, 43.7528539424802], [-79.4828006742193, 43.7527336506071], [-79.4828676377338, 43.7525307377617], [-79.4829021565709, 43.7524080651236], [-79.4829186639858, 43.7522186101594], [-79.482872004608, 43.7508045594783], [-79.4828384463883, 43.7497866445487], [-79.4827893166272, 43.7482957934658], [-79.4827250157179, 43.7477136583303], [-79.4827254604629, 43.7475529055708], [-79.4827365159593, 43.7473622526217], [-79.4827436033018, 43.7471976489019], [-79.4827763434511, 43.746987843818], [-79.4828135879742, 43.7468322192741], [-79.4828836673525, 43.7466525836106], [-79.48297591026, 43.7463877630486], [-79.4830848803617, 43.7462379634085], [-79.4832918548804, 43.7459911262125], [-79.4833735117207, 43.7459180756498], [-79.4834934080708, 43.7458102314263], [-79.4836316736263, 43.7456791850123], [-79.483821943075, 43.7455738886244], [-79.4839177674539, 43.7454953127483], [-79.4840019608251, 43.7454480677749], [-79.4841825678799, 43.74534728854], [-79.4843533440756, 43.7452822424483], [-79.4846019566783, 43.7451665295778], [-79.4848365412528, 43.7450922825112], [-79.4850131588829, 43.7450451304444], [-79.4864557037899, 43.7447861123205], [-79.4867054487395, 43.7447439076464], [-79.486903378341, 43.7447163236606], [-79.487217971351, 43.7446757904443], [-79.4874645893825, 43.7446192816376], [-79.4876790230735, 43.7445723900742], [-79.4881149170629, 43.7444758174954], [-79.4885223397004, 43.7443852980613], [-79.4886818913761, 43.7443498580844], [-79.4893161709174, 43.7442114357483], [-79.4900495550604, 43.7440513967369], [-79.4909049489693, 43.7438647293986], [-79.491853435189, 43.7436577364504], [-79.4925548855376, 43.7434871666316], [-79.4934280810521, 43.743294971681], [-79.4942465785767, 43.7431147941587], [-79.4964461540778, 43.7426501052407], [-79.4964806205146, 43.7426428244822], [-79.4970269238775, 43.7425274083468], [-79.4970574138019, 43.742587618751], [-79.4971815614412, 43.7427551343817], [-79.4973228685205, 43.7429107681393], [-79.4972266381892, 43.7431233838069], [-79.4972260190501, 43.7433377934006], [-79.4974035577759, 43.7435003502136], [-79.4976691304018, 43.7434903731994], [-79.4978875067964, 43.7436056020613], [-79.4978788336409, 43.7438021800417], [-79.4979048990599, 43.7440285876664], [-79.4978507710085, 43.7442282335664], [-79.4978367346088, 43.7444049093076], [-79.4978520112026, 43.744631020234], [-79.4979102472114, 43.7448313066846], [-79.4980002696182, 43.7450303794177], [-79.4980618456668, 43.7452680303224], [-79.4980241170553, 43.7455061659466], [-79.4979388244144, 43.7457126610579], [-79.4979390845935, 43.7457148217819], [-79.497925661047, 43.7457552550531], [-79.4979201101462, 43.7457928169593], [-79.4979191769725, 43.7458223316659], [-79.4979191753657, 43.7458692728144], [-79.4979256680196, 43.745926296216], [-79.4979349165434, 43.7459625166095], [-79.4979543473624, 43.7459913661975], [-79.4979885784135, 43.7460155167674], [-79.4980329902586, 43.7460316122089], [-79.4981487216977, 43.7460639459938], [-79.4983036753633, 43.7460989992218], [-79.4984844056725, 43.7461750708843], [-79.4987641426724, 43.7462493979029], [-79.4990534540821, 43.7463533733634], [-79.4993025625784, 43.7464397327724], [-79.4993513204589, 43.7464566374908], [-79.4996307014461, 43.7465452106827], [-79.4999144148058, 43.746583186642], [-79.5002075665485, 43.7466380670026], [-79.5004850734654, 43.7466988152625], [-79.5008018300502, 43.7468031644381], [-79.5011024334986, 43.7468951547705], [-79.5013955881915, 43.7469840654783], [-79.5016538394386, 43.7470542716426], [-79.5019324811873, 43.747132496782], [-79.5020995014242, 43.7473060099818], [-79.5021183942754, 43.747512236005], [-79.5022157587476, 43.7476826183346], [-79.5024511829406, 43.7478114567767], [-79.5027111925423, 43.7479195282389], [-79.5029548113825, 43.7480067531411], [-79.5032017951293, 43.7480648944007], [-79.5034528653892, 43.7481404884307], [-79.5036254659189, 43.748294205641], [-79.5037048333951, 43.7484852442674], [-79.5038586870372, 43.7486364683036], [-79.5040653117008, 43.7487602281736], [-79.5042957759594, 43.748880286724], [-79.5045225318374, 43.7490309406062], [-79.5047400858715, 43.7491612691722], [-79.5049686917899, 43.7492796066344], [-79.5051886067116, 43.7494002402597], [-79.5053997042468, 43.7495037446146], [-79.5056044868583, 43.749653307609], [-79.5058460025482, 43.7497014611903], [-79.5060893633613, 43.7496939860886], [-79.5063326080454, 43.7496434403228], [-79.5065791999772, 43.7496726895661], [-79.5067668472275, 43.7497888746591], [-79.5068462123089, 43.749962953342], [-79.5070511012807, 43.7500227178452], [-79.5072890232153, 43.7500095885958], [-79.5074924281749, 43.7501155915831], [-79.5075083996319, 43.7501364908432], [-79.5075166223879, 43.7501613162834], [-79.5075234688924, 43.7501930899637], [-79.5075303277501, 43.7502308134948], [-79.5075399303512, 43.7502695362631], [-79.5075385572521, 43.7503102396716], [-79.5075317208093, 43.7503469739944], [-79.5075242872231, 43.7503801980518], [-79.5075440576367, 43.7505058175246], [-79.5075563961532, 43.7505623980799], [-79.507549557974, 43.7505971524511], [-79.5075344873613, 43.750623958821], [-79.5075194270349, 43.7506368581039], [-79.5074838277555, 43.750643809551], [-79.5074300987624, 43.7506493762076], [-79.5073298469162, 43.7506871061636], [-79.5072669166549, 43.7507948461545], [-79.5074309609309, 43.7508977194753], [-79.5076784340315, 43.7508715002437], [-79.5079064086086, 43.7508175941013], [-79.5081100535181, 43.7508338540619], [-79.5083523373331, 43.7509115087124], [-79.5085928655695, 43.7509450016684], [-79.5088757369129, 43.7509874390644], [-79.5091163909477, 43.7510294465221], [-79.5092545957496, 43.7510309749405], [-79.5093838822116, 43.7510897507597], [-79.5095406005198, 43.751170289785], [-79.5096588325058, 43.7512861346456], [-79.5097418120847, 43.7514805448134], [-79.5098468991452, 43.7516979236938], [-79.5099110058896, 43.7518940450363], [-79.5099396095826, 43.7520872264641], [-79.5099855889565, 43.7522883812835], [-79.5100287119101, 43.7524937846264], [-79.5099640438023, 43.752664111096], [-79.5098557984325, 43.752805439886], [-79.509755116136, 43.7529610697391], [-79.5096191472538, 43.7529922349398], [-79.5094618173278, 43.7530066408625], [-79.5093537992276, 43.7531096232985], [-79.5094625960767, 43.7532199961149], [-79.5094986250471, 43.753333039222], [-79.5096282832754, 43.753437694675], [-79.5096186314566, 43.7534968603782], [-79.5096100469144, 43.7535495086697], [-79.5096864493945, 43.7536762210671], [-79.5096600222802, 43.7538147612586], [-79.5094517822626, 43.7538696944986], [-79.5092329850687, 43.7539051594535], [-79.509014179487, 43.7538940330073], [-79.5088267803966, 43.7538873055462], [-79.5086628707847, 43.7539344666284], [-79.5084889072773, 43.7540150676791], [-79.508276444429, 43.7540688109814], [-79.5080845920914, 43.7541099602008], [-79.5080036399605, 43.7542021381385], [-79.5079636854982, 43.7543496707313], [-79.5079278186257, 43.7545102545094], [-79.507893936951, 43.7546584254967], [-79.5078339897007, 43.7548050415015], [-79.507643797119, 43.7551236247299], [-79.5075513060146, 43.755314177086], [-79.5074500065857, 43.7554812729637], [-79.5073221178121, 43.7556370737542], [-79.5071576068275, 43.7557919052673], [-79.5069178178275, 43.7558585560671], [-79.5068206119648, 43.7560070904826], [-79.5066698847112, 43.7562900069926], [-79.5064982810527, 43.7563480651847], [-79.506263074598, 43.7563373583733], [-79.5060770698, 43.7564343472131], [-79.5062426164349, 43.7565190037896], [-79.5066730318685, 43.7566775077722], [-79.5067542001884, 43.7567987497339], [-79.5066991563715, 43.7568594477725], [-79.5066465088417, 43.7569235841216], [-79.506600168332, 43.7569793132279], [-79.5065612046393, 43.7570281743171], [-79.506533825241, 43.7570625241735], [-79.5065085561525, 43.7570892412069], [-79.5064769546809, 43.7571174889445], [-79.5064411550952, 43.7571442150906], [-79.5063937690483, 43.7571770455943], [-79.5063400613091, 43.7572075803231], [-79.506297940516, 43.7572304908405], [-79.50625686163, 43.757248819444], [-79.5062157949514, 43.7572679045079], [-79.5061662958522, 43.7572847031151], [-79.5061254900258, 43.7572957494002], [-79.5060289379627, 43.7573217955304], [-79.5059272331821, 43.7573541776806], [-79.5058693026881, 43.7573816704287], [-79.5058155946714, 43.7574114494904], [-79.5057734729538, 43.7574358805357], [-79.5057166121521, 43.7574709971688], [-79.5056755341163, 43.7575076428168], [-79.5056272179389, 43.7575561525841], [-79.5055705820998, 43.7576196501265], [-79.5055311448477, 43.7576677726591], [-79.5054962652301, 43.7577140495899], [-79.5054571148611, 43.7577743948462], [-79.5054091113567, 43.7578565331369], [-79.5053814597463, 43.7579122522678], [-79.505357110563, 43.7579618587183], [-79.5053238836174, 43.7580250662646], [-79.5052876894353, 43.7580951876886], [-79.5052561017519, 43.7581514738595], [-79.5052238798311, 43.7582084342093], [-79.5051882668635, 43.7582600937978], [-79.5051409437424, 43.7583190183817], [-79.5050873249131, 43.7583840272565], [-79.505002215801, 43.7584965006965], [-79.5049965303853, 43.7585209300354], [-79.5049958739468, 43.7585552698739], [-79.5051383295598, 43.7592557447685], [-79.5051927639709, 43.759423363044], [-79.5052526543315, 43.7596324032973], [-79.5052907544112, 43.7597487511655], [-79.5052911996783, 43.7598820854736], [-79.5048858350183, 43.7599725751738], [-79.5049071325396, 43.7601170165206], [-79.5049360149079, 43.7602152444926], [-79.5049547241891, 43.760278863989], [-79.5049405902631, 43.7604229831155], [-79.50497787198, 43.760564651523], [-79.5051633966197, 43.7606248700971], [-79.505354142977, 43.7606109990629], [-79.5055399416713, 43.7606717572336], [-79.505720376539, 43.7606136458505], [-79.5059205570692, 43.7605606273698], [-79.5060594117805, 43.7606320084846], [-79.50590666115, 43.7607011635292], [-79.5060014317908, 43.7608086063752], [-79.5062180291516, 43.7608513498299], [-79.5063479142097, 43.7607658228958], [-79.5065362995652, 43.7607362074789], [-79.5067064364957, 43.7606706507023], [-79.5068487711463, 43.7607539036626], [-79.5070048816876, 43.7608543472222], [-79.5072063161911, 43.7607996969874], [-79.507399166102, 43.7608184886214], [-79.5074506140788, 43.760969525085], [-79.5074276583531, 43.7611391179475], [-79.5074464345179, 43.7613213191162], [-79.507603806196, 43.7614589278025], [-79.5077830234522, 43.7615885326902], [-79.5080158973404, 43.7616521371868], [-79.5081784734066, 43.7616852497625], [-79.5082351087071, 43.7617915770205], [-79.5082597059385, 43.7618377335215], [-79.5082484481536, 43.761894018468], [-79.5082404560027, 43.7619360723977], [-79.5082261911885, 43.7619739864485], [-79.5082246165913, 43.7619926549784], [-79.5082233023677, 43.7620082449235], [-79.5082406727654, 43.762068362838], [-79.5082725124159, 43.7621263817829], [-79.5083062899536, 43.7621865076829], [-79.5083304006391, 43.7622214571489], [-79.508364158324, 43.7622277466459], [-79.5084104566901, 43.7622151595969], [-79.5084710364551, 43.7621913836001], [-79.5084998141414, 43.7622036045532], [-79.508634953976, 43.7622151248238], [-79.5087011618869, 43.7622897305103], [-79.5087023794881, 43.7622925753791], [-79.5087645234424, 43.762437156461], [-79.5086912651008, 43.7625630074348], [-79.5085032405477, 43.7626300083685], [-79.5082814416487, 43.7626633199512], [-79.5081339036048, 43.7627228291477], [-79.5081553681713, 43.7627489843529], [-79.5081978754823, 43.7628007742298], [-79.5083860189007, 43.7627769168207], [-79.508469490078, 43.7628509898607], [-79.5084578481715, 43.7629933717614], [-79.5084573397539, 43.7629995831146], [-79.5084056955418, 43.7631576739204], [-79.5082297237661, 43.763285333313], [-79.5080347525882, 43.7633435037392], [-79.5078350368919, 43.7633036150744], [-79.5076332074732, 43.7632481183682], [-79.5074532556722, 43.7632452404523], [-79.5073832197377, 43.7633398752412], [-79.5073657270698, 43.7634982072649], [-79.5073123390835, 43.7636461536683], [-79.5073159592925, 43.763790920004], [-79.5073079042722, 43.7639378189772], [-79.5072588611953, 43.7640719401225], [-79.5071746703867, 43.7642144518644], [-79.5072179165689, 43.7644120161124], [-79.5072166454549, 43.7644877975524], [-79.5072147093784, 43.7646037504256], [-79.5073864865808, 43.7647576507353], [-79.5074643847507, 43.7649497223225], [-79.5076140641293, 43.7650743965119], [-79.5077888314937, 43.7651922734555], [-79.5079727914661, 43.7653129667801], [-79.5081768606399, 43.7654350892236], [-79.5083916200122, 43.7655272729311], [-79.5085887324949, 43.7656341829379], [-79.5087031520797, 43.7657396505914], [-79.5088938075292, 43.765763965478], [-79.5090236149757, 43.7658600788286], [-79.5090726995236, 43.7660187575016], [-79.5091185524068, 43.7661640504363], [-79.5092589269117, 43.766311361619], [-79.5093334756663, 43.7664809373596], [-79.5092957401034, 43.7666229887699], [-79.5093370005097, 43.7667792458771], [-79.5095019457854, 43.7668627715167], [-79.5099161560637, 43.76676129372], [-79.5098508570851, 43.7669643562977], [-79.5098594465127, 43.7670839182765], [-79.510011612865, 43.7671627287426], [-79.5103557755034, 43.7671622655571], [-79.5103375376892, 43.7672804531442], [-79.5101626681359, 43.7672841590458], [-79.5100562336395, 43.7673500661991], [-79.5101368589848, 43.7675138807942], [-79.5103046764614, 43.767593138927], [-79.5103937193777, 43.7675144788252], [-79.5105179265237, 43.7675086977231], [-79.510656436319, 43.7676197680023], [-79.510772970496, 43.7677679883796], [-79.5109384368241, 43.7678887870195], [-79.5109881451577, 43.7680275980921], [-79.5109646973866, 43.768175282563], [-79.5111803185869, 43.7682219241016], [-79.5113390769121, 43.7683217217642], [-79.5113607195806, 43.7684827241105], [-79.5112694551025, 43.7686418107457], [-79.5112374371984, 43.768791603027], [-79.5114443669547, 43.7688367586587], [-79.5116473300567, 43.768858161702], [-79.5117460942985, 43.7689419610377], [-79.5118444830212, 43.7690781391631], [-79.5119040074279, 43.7692194510355], [-79.5119938002749, 43.7691639760036], [-79.5122101830203, 43.7692018756769], [-79.5123248482397, 43.7693503825368], [-79.5121895186996, 43.7696480661129], [-79.5122565002935, 43.7698074787624], [-79.5124632112159, 43.7699141108354], [-79.5129266568847, 43.7700186528319], [-79.5131592983041, 43.7700364579564], [-79.5133989000226, 43.7700758369816], [-79.5136324313214, 43.7701281064309], [-79.5138858166005, 43.7701421984463], [-79.5143123042574, 43.7700031855978], [-79.5143552866686, 43.7699690034962], [-79.5144869136495, 43.7698643481389], [-79.5146272162418, 43.7696844053747], [-79.5149586727924, 43.7694739868123], [-79.5151708492916, 43.7696183287657], [-79.5151444220896, 43.7697377783381], [-79.5152217151845, 43.7698664215078], [-79.5153669554934, 43.770009044276], [-79.5155408561599, 43.7700225131741], [-79.5156029254128, 43.7699297922317], [-79.5157453918109, 43.7699578563081], [-79.5158799345668, 43.7700345194289], [-79.5160192893901, 43.7699912223217], [-79.5161938239797, 43.7700978430541], [-79.5162275832945, 43.77014116083], [-79.5163278926214, 43.7702608534627], [-79.5165036981168, 43.7704216612218], [-79.5167069604174, 43.7705992335317], [-79.5168508961784, 43.7709402762843], [-79.5167322888341, 43.7710033016905], [-79.5168315731154, 43.7711329936197], [-79.516991959356, 43.7712685097543], [-79.517062066309, 43.7714433205], [-79.5170205154613, 43.7716576446793], [-79.5170307439025, 43.7718510957834], [-79.5171759836172, 43.7719619780322], [-79.5173595960079, 43.7720734381168], [-79.5175879402589, 43.7721906166495], [-79.5178284379703, 43.7722814102477], [-79.5180834974492, 43.7724210591868], [-79.5181951099682, 43.7726333795159], [-79.5181494570611, 43.7728324021454], [-79.518364366486, 43.7728714334337], [-79.5187045345966, 43.7730967583729], [-79.518830288427, 43.7732376960803], [-79.5188974197317, 43.7734061059421], [-79.5189342434224, 43.7735805426063], [-79.5186974302829, 43.7737801551806], [-79.5185916158393, 43.7738451607724], [-79.5185510430156, 43.7739595809586], [-79.5186231214116, 43.7740979268005], [-79.5187356788053, 43.7741394030265], [-79.5188259538973, 43.774033688079], [-79.5190106501272, 43.7739701809438], [-79.5191491534323, 43.7739999784479], [-79.5192777420812, 43.774065287694], [-79.519430443458, 43.7741325902191], [-79.5196368191969, 43.7742683743238], [-79.5198649169756, 43.7743530443029], [-79.52013051555, 43.7743940613852], [-79.5203830717079, 43.7744339005529], [-79.5205591261972, 43.7745287951729], [-79.5207232554898, 43.7746231164699], [-79.5208616841014, 43.774753364695], [-79.5210368799865, 43.7748760005721], [-79.5212120747039, 43.7749924614029], [-79.52135743637, 43.775052274296], [-79.5217387443636, 43.7754793523327], [-79.5216192908011, 43.7755131204861], [-79.5213372184469, 43.7755566935561], [-79.5211048324115, 43.7756239936607], [-79.5207970944124, 43.7757044663596], [-79.5205751614844, 43.7757574425031], [-79.5204008118323, 43.775790229424], [-79.5201577321099, 43.7758323074324], [-79.5199471724001, 43.7758731647569], [-79.5195988095692, 43.7759122995102], [-79.5192777284014, 43.7759573420273], [-79.5190091140159, 43.7759859385522], [-79.5187565420418, 43.7760289520899], [-79.5170140505866, 43.7763710438565], [-79.5110958757631, 43.7777267883865], [-79.5089661769058, 43.7782056027884], [-79.5043424383323, 43.7792450471105], [-79.5016983878166, 43.7798750994114], [-79.49877524007, 43.7805715701899], [-79.4973737882635, 43.7809053905145], [-79.4945096405112, 43.7815876751826], [-79.49013065563, 43.7825833856215], [-79.4873088554817, 43.7832267620652], [-79.4844639019216, 43.7839030816101], [-79.4810610689677, 43.7847088098833], [-79.47476095125, 43.7861925844105], [-79.4747188035709, 43.7862025120313], [-79.4700929474026, 43.787291803995], [-79.4700742339204, 43.7867973840755], [-79.4700729932154, 43.7864708489053], [-79.4700761291777, 43.7861120814178], [-79.470146012655, 43.7840487031801], [-79.4701527965817, 43.7838484209061], [-79.4701840039462, 43.7829265128216], [-79.4701875514581, 43.7827382638597], [-79.4701836868382, 43.7826406091644], [-79.4701647530635, 43.7824153861825], [-79.4701227219307, 43.7821941631264], [-79.4700788168223, 43.7819685643615], [-79.4700450374718, 43.7817935462626], [-79.4698230017073, 43.7808523535716], [-79.4691240959555, 43.7779521197954], [-79.4684716997244, 43.7752024644591]]]]}"
127,Glenfield-Jane Heights,25,32124,296,311,315,288,307,351,285,315,285,935.0223,992.6271,1013.122,917.139,965.6821,1094.617,887.1595,984.6212,887.1871,45,51,65,51,68,88,120,105,159,142.1487,162.7781,209.057,162.41,213.897,274.434,373.5409,328.2071,328.2071,10,28,10,13,8,8,15,6,5,31.58859,89.36835,32.16261,41.39864,25.16435,24.94854,46.69261,18.75469,18.75469,36,36,30,42,38,36,51,41,34,113.7189,114.9022,96.48784,133.7494,119.5307,112.2684,158.7549,128.157,105.8399,,,1,2,,2,1,5,3,,,3,6,,6.237136,3.11284,15.62891,9.338812,49,50,71,53,53,50,50,29,31,154.7841,228.3546,168.7791,166.7139,155.9284,155.642,90.64766,96.50106,159.5863,8,17,22,21,25,31,34,19,10,25.27087,54.25936,70.75775,66.87472,78.63861,96.67561,105.8366,59.38985,31.12937,79,47,88,61,82,74,139,96,79,249.5499,150.0112,283.031,194.2551,257.9346,230.774,432.6848,300.075,245.9221,7,7,9,7,11,12,19,7,11,22.11201,22.34209,28.94635,22.29157,34.60099,37.42282,59.14397,21.88047,34.24231,"{'type': 'MultiPolygon', 'coordinates': [[[[-79.5060770698, 43.7564343472131], [-79.506263074598, 43.7563373583733], [-79.5064982810527, 43.7563480651847], [-79.5066698847112, 43.7562900069926], [-79.5068206119648, 43.7560070904826], [-79.5069178178275, 43.7558585560671], [-79.5071576068275, 43.7557919052673], [-79.5073221178121, 43.7556370737542], [-79.5074500065857, 43.7554812729637], [-79.5075513060146, 43.755314177086], [-79.507643797119, 43.7551236247299], [-79.5078339897007, 43.7548050415015], [-79.507893936951, 43.7546584254967], [-79.5079278186257, 43.7545102545094], [-79.5079636854982, 43.7543496707313], [-79.5080036399605, 43.7542021381385], [-79.5080845920914, 43.7541099602008], [-79.508276444429, 43.7540688109814], [-79.5084889072773, 43.7540150676791], [-79.5086628707847, 43.7539344666284], [-79.5088267803966, 43.7538873055462], [-79.509014179487, 43.7538940330073], [-79.5092329850687, 43.7539051594535], [-79.5094517822626, 43.7538696944986], [-79.5096600222802, 43.7538147612586], [-79.5096864493945, 43.7536762210671], [-79.5096100469144, 43.7535495086697], [-79.5096186314566, 43.7534968603782], [-79.5096282832754, 43.753437694675], [-79.5094986250471, 43.753333039222], [-79.5094625960767, 43.7532199961149], [-79.5093537992276, 43.7531096232985], [-79.5094618173278, 43.7530066408625], [-79.5096191472538, 43.7529922349398], [-79.509755116136, 43.7529610697391], [-79.5098557984325, 43.752805439886], [-79.5099640438023, 43.752664111096], [-79.5100287119101, 43.7524937846264], [-79.5099855889565, 43.7522883812835], [-79.5099396095826, 43.7520872264641], [-79.5099110058896, 43.7518940450363], [-79.5098468991452, 43.7516979236938], [-79.5097418120847, 43.7514805448134], [-79.5096588325058, 43.7512861346456], [-79.5095406005198, 43.751170289785], [-79.5093838822116, 43.7510897507597], [-79.5092545957496, 43.7510309749405], [-79.5091163909477, 43.7510294465221], [-79.5088757369129, 43.7509874390644], [-79.5085928655695, 43.7509450016684], [-79.5083523373331, 43.7509115087124], [-79.5081100535181, 43.7508338540619], [-79.5079064086086, 43.7508175941013], [-79.5076784340315, 43.7508715002437], [-79.5074309609309, 43.7508977194753], [-79.5072669166549, 43.7507948461545], [-79.5073298469162, 43.7506871061636], [-79.5074300987624, 43.7506493762076], [-79.5074838277555, 43.750643809551], [-79.5075194270349, 43.7506368581039], [-79.5075344873613, 43.750623958821], [-79.507549557974, 43.7505971524511], [-79.5075563961532, 43.7505623980799], [-79.5075440576367, 43.7505058175246], [-79.5075242872231, 43.7503801980518], [-79.5075317208093, 43.7503469739944], [-79.5075385572521, 43.7503102396716], [-79.5075399303512, 43.7502695362631], [-79.5075303277501, 43.7502308134948], [-79.5075234688924, 43.7501930899637], [-79.5075166223879, 43.7501613162834], [-79.5075083996319, 43.7501364908432], [-79.5074924281749, 43.7501155915831], [-79.5072890232153, 43.7500095885958], [-79.5070511012807, 43.7500227178452], [-79.5068462123089, 43.749962953342], [-79.5067668472275, 43.7497888746591], [-79.5065791999772, 43.7496726895661], [-79.5063326080454, 43.7496434403228], [-79.5060893633613, 43.7496939860886], [-79.5058460025482, 43.7497014611903], [-79.5056044868583, 43.749653307609], [-79.5053997042468, 43.7495037446146], [-79.5051886067116, 43.7494002402597], [-79.5049686917899, 43.7492796066344], [-79.5047400858715, 43.7491612691722], [-79.5045225318374, 43.7490309406062], [-79.5042957759594, 43.748880286724], [-79.5040653117008, 43.7487602281736], [-79.5038586870372, 43.7486364683036], [-79.5037048333951, 43.7484852442674], [-79.5036254659189, 43.748294205641], [-79.5034528653892, 43.7481404884307], [-79.5032017951293, 43.7480648944007], [-79.5029548113825, 43.7480067531411], [-79.5027111925423, 43.7479195282389], [-79.5024511829406, 43.7478114567767], [-79.5022157587476, 43.7476826183346], [-79.5021183942754, 43.747512236005], [-79.5020995014242, 43.7473060099818], [-79.5019324811873, 43.747132496782], [-79.5016538394386, 43.7470542716426], [-79.5013955881915, 43.7469840654783], [-79.5011024334986, 43.7468951547705], [-79.5008018300502, 43.7468031644381], [-79.5004850734654, 43.7466988152625], [-79.5002075665485, 43.7466380670026], [-79.4999144148058, 43.746583186642], [-79.4996307014461, 43.7465452106827], [-79.4993513204589, 43.7464566374908], [-79.4993025625784, 43.7464397327724], [-79.4990534540821, 43.7463533733634], [-79.4987641426724, 43.7462493979029], [-79.4984844056725, 43.7461750708843], [-79.4983036753633, 43.7460989992218], [-79.4981487216977, 43.7460639459938], [-79.4980329902586, 43.7460316122089], [-79.4979885784135, 43.7460155167674], [-79.4979543473624, 43.7459913661975], [-79.4979349165434, 43.7459625166095], [-79.4979256680196, 43.745926296216], [-79.4979191753657, 43.7458692728144], [-79.4979191769725, 43.7458223316659], [-79.4979201101462, 43.7457928169593], [-79.497925661047, 43.7457552550531], [-79.4979390845935, 43.7457148217819], [-79.4979388244144, 43.7457126610579], [-79.4980241170553, 43.7455061659466], [-79.4980618456668, 43.7452680303224], [-79.4980002696182, 43.7450303794177], [-79.4979102472114, 43.7448313066846], [-79.4978520112026, 43.744631020234], [-79.4978367346088, 43.7444049093076], [-79.4978507710085, 43.7442282335664], [-79.4979048990599, 43.7440285876664], [-79.4978788336409, 43.7438021800417], [-79.4978875067964, 43.7436056020613], [-79.4976691304018, 43.7434903731994], [-79.4974035577759, 43.7435003502136], [-79.4972260190501, 43.7433377934006], [-79.4972266381892, 43.7431233838069], [-79.4973228685205, 43.7429107681393], [-79.4971815614412, 43.7427551343817], [-79.4970574138019, 43.742587618751], [-79.4970269238775, 43.7425274083468], [-79.4969402226763, 43.742356184825], [-79.4968638650599, 43.7421588854927], [-79.4969365055011, 43.7419525613878], [-79.4970162115642, 43.7417213311681], [-79.497010984862, 43.7414701785429], [-79.4969248203607, 43.7412729510225], [-79.4967655291345, 43.7411075037431], [-79.4965820258915, 43.7409894928488], [-79.496417645, 43.7408323174186], [-79.4963661328399, 43.7406530928665], [-79.4963150926253, 43.7404665859361], [-79.4962363813567, 43.7402598966284], [-79.4961494626569, 43.7400840821613], [-79.496002588155, 43.7399567103177], [-79.4958285280994, 43.7398103255133], [-79.4956407961707, 43.7397088658028], [-79.4954314820196, 43.7396756611129], [-79.4952872203952, 43.7395065947199], [-79.4947765766134, 43.7392832521609], [-79.4946560337315, 43.7390893336145], [-79.494723451963, 43.7388737482633], [-79.4947131405501, 43.7386824720344], [-79.4946649773186, 43.7384783034759], [-79.4945611847923, 43.7382571295119], [-79.4943732266554, 43.7381253336754], [-79.4942336898696, 43.737834316994], [-79.4942775184856, 43.7377742630231], [-79.4943073086023, 43.7376964126609], [-79.4943855326568, 43.7375665922263], [-79.4944903220466, 43.7374389602958], [-79.4945542744449, 43.737241206339], [-79.4945359106014, 43.737008604633], [-79.4944125119716, 43.7368685393995], [-79.4943801379467, 43.7368317951927], [-79.494395546681, 43.7366731129067], [-79.4945470186373, 43.7364876775875], [-79.4946629845083, 43.736301456512], [-79.4948524341587, 43.7362079238861], [-79.4950492332489, 43.7361175157066], [-79.4950974102057, 43.7359857575863], [-79.4951619876807, 43.7358515430916], [-79.4952091688359, 43.735758184662], [-79.4952039753872, 43.7356526990319], [-79.4952131839733, 43.7355422537826], [-79.4950926644993, 43.7354190669493], [-79.4950180813768, 43.7352749812242], [-79.4952350651003, 43.7352823621621], [-79.4954638387019, 43.7353519511189], [-79.4957025410878, 43.735291886119], [-79.4958870235075, 43.7351550654833], [-79.4960346106911, 43.7350106819979], [-79.4962064283595, 43.7348888835487], [-79.4962735383023, 43.7348793258642], [-79.4964728333112, 43.73485097875], [-79.4967779734043, 43.7347757372483], [-79.4969163106974, 43.7348388574079], [-79.4969762947927, 43.7348421269196], [-79.4970312142477, 43.7348365925119], [-79.4970678483896, 43.7348211025047], [-79.497089203065, 43.7347890219388], [-79.4971212448696, 43.7347591482896], [-79.4971517714473, 43.7347447736351], [-79.4972067033876, 43.7347337217851], [-79.4972646889617, 43.7347270805037], [-79.4973028253455, 43.7347237598884], [-79.4973669303942, 43.7347270914881], [-79.4974218499704, 43.7347281998895], [-79.497459996896, 43.73473483485], [-79.4974950910704, 43.7347536568054], [-79.4975210221028, 43.7347746758495], [-79.4975378048535, 43.7347968009245], [-79.4975637610832, 43.7348399534041], [-79.4975805437665, 43.7348698289333], [-79.4975973258264, 43.7348897489623], [-79.4976328295241, 43.7349153399054], [-79.4977845877689, 43.7349857061325], [-79.4979570332014, 43.7348848948268], [-79.4979456311328, 43.7347250240401], [-79.4979493458874, 43.7346328605595], [-79.4980353879876, 43.7345712035531], [-79.4981683788347, 43.7345573892793], [-79.4982224791667, 43.7345517733034], [-79.4984662986863, 43.7346072424613], [-79.4985764061698, 43.7348078088831], [-79.4987306097273, 43.734906671463], [-79.4988867797374, 43.7348041404001], [-79.4990393605365, 43.7347237788288], [-79.4991888380396, 43.7346434078089], [-79.4993527023467, 43.7345793287965], [-79.4995139715855, 43.7345202008718], [-79.4996859171071, 43.7345015957855], [-79.4998872831254, 43.7344554378924], [-79.5000807040017, 43.7344047608015], [-79.5002866498805, 43.734341203066], [-79.5004909930917, 43.7342653220491], [-79.5007110903763, 43.7342069292348], [-79.5009406341194, 43.7342205110633], [-79.5010902354919, 43.734326102558], [-79.5011932855608, 43.7344901400699], [-79.5013600188813, 43.7345711495633], [-79.501496568553, 43.7344281088675], [-79.5016833946313, 43.7343499845648], [-79.5018661416309, 43.7344172032897], [-79.5019801178618, 43.7345730125084], [-79.5020853979834, 43.7344933674551], [-79.5021248428475, 43.7343191029088], [-79.5022971452202, 43.7342607720414], [-79.5025692688128, 43.7342500365734], [-79.5027991886358, 43.7343221496377], [-79.5029252079457, 43.7344510620133], [-79.5030627717181, 43.7345623042715], [-79.5032962992742, 43.7345076605106], [-79.5035231026624, 43.734534666428], [-79.5037718620486, 43.7344962316999], [-79.5040366594477, 43.7344460772595], [-79.504292507971, 43.7344144465249], [-79.5045487283853, 43.7344031848577], [-79.5048062066926, 43.7344269467138], [-79.5050579649452, 43.7344804843289], [-79.5053017864367, 43.7344870528466], [-79.505541111817, 43.7344706500981], [-79.5057925083129, 43.7345000719127], [-79.5060496156213, 43.7345289528742], [-79.5063130390985, 43.7345293972078], [-79.5065140174162, 43.7345038313358], [-79.5067341097774, 43.7344517826233], [-79.5069544488042, 43.7343897425001], [-79.5071260247526, 43.7343168393229], [-79.5072564993915, 43.7342606547677], [-79.5073955369517, 43.7341743237645], [-79.5075843534563, 43.7340986117027], [-79.5077641088307, 43.7340243386614], [-79.5079325576902, 43.7339811212523], [-79.5081473493827, 43.7339536889971], [-79.5083601267313, 43.7338941486317], [-79.5085942539361, 43.7338387104175], [-79.5088458958057, 43.7337726939163], [-79.5091006277769, 43.7337045256512], [-79.5093093105518, 43.7336742644503], [-79.5095383596017, 43.7336206884669], [-79.5096711482628, 43.7334607977213], [-79.5098697488431, 43.7333466543212], [-79.5101174278715, 43.7333572353303], [-79.5103891771984, 43.7333713430207], [-79.5106283848023, 43.7332799588797], [-79.5108422345983, 43.7331415807315], [-79.5110135216812, 43.7330297418219], [-79.5112532155463, 43.7329609856339], [-79.5115439302137, 43.7329010707507], [-79.5119271704271, 43.7345762240944], [-79.5122491185169, 43.735938597354], [-79.5123144951955, 43.7361986180655], [-79.5124524336252, 43.7366967043964], [-79.5132243061179, 43.739397921093], [-79.516697477173, 43.7386016504278], [-79.5201376726616, 43.7378152705923], [-79.522377965303, 43.7373045659961], [-79.5238023324766, 43.7369736267077], [-79.5258557356554, 43.7365072771119], [-79.5262834026956, 43.7364101733493], [-79.5272088652166, 43.7403903877438], [-79.5281298918109, 43.7442601126892], [-79.5285962755858, 43.7462791576907], [-79.5290786048762, 43.7483671906458], [-79.5290944930369, 43.7484317883521], [-79.5300384851956, 43.7522697929105], [-79.5305527673845, 43.7544591717549], [-79.5305672402194, 43.7545185846348], [-79.5304227093485, 43.7545502893643], [-79.528532174589, 43.7549650485286], [-79.5269093349313, 43.7553210700282], [-79.5242903885548, 43.7559371491792], [-79.5225115347315, 43.7563569332181], [-79.5207057075528, 43.7567407259411], [-79.519553770609, 43.757013700457], [-79.5193356275725, 43.7570566645349], [-79.5189704116597, 43.7571386460364], [-79.5185676251669, 43.757171449674], [-79.5180814647624, 43.757218188972], [-79.517735104196, 43.7572434199415], [-79.5169632739712, 43.7573192375855], [-79.5167936061507, 43.7573473907649], [-79.5164490644012, 43.7573952822929], [-79.516293219533, 43.7574287625348], [-79.5161652272193, 43.7574500412905], [-79.5160135533652, 43.7574777948979], [-79.5158270601992, 43.7575168954993], [-79.5156093609422, 43.7575641368015], [-79.5153663925899, 43.757620750942], [-79.5134488254874, 43.7580676410447], [-79.509557480982, 43.7589201842751], [-79.5088780506075, 43.7590758334728], [-79.5079338029208, 43.7592921567003], [-79.5052911996783, 43.7598820854736], [-79.5052907544112, 43.7597487511655], [-79.5052526543315, 43.7596324032973], [-79.5051927639709, 43.759423363044], [-79.5051383295598, 43.7592557447685], [-79.5049958739468, 43.7585552698739], [-79.5049965303853, 43.7585209300354], [-79.505002215801, 43.7584965006965], [-79.5050873249131, 43.7583840272565], [-79.5051409437424, 43.7583190183817], [-79.5051882668635, 43.7582600937978], [-79.5052238798311, 43.7582084342093], [-79.5052561017519, 43.7581514738595], [-79.5052876894353, 43.7580951876886], [-79.5053238836174, 43.7580250662646], [-79.505357110563, 43.7579618587183], [-79.5053814597463, 43.7579122522678], [-79.5054091113567, 43.7578565331369], [-79.5054571148611, 43.7577743948462], [-79.5054962652301, 43.7577140495899], [-79.5055311448477, 43.7576677726591], [-79.5055705820998, 43.7576196501265], [-79.5056272179389, 43.7575561525841], [-79.5056755341163, 43.7575076428168], [-79.5057166121521, 43.7574709971688], [-79.5057734729538, 43.7574358805357], [-79.5058155946714, 43.7574114494904], [-79.5058693026881, 43.7573816704287], [-79.5059272331821, 43.7573541776806], [-79.5060289379627, 43.7573217955304], [-79.5061254900258, 43.7572957494002], [-79.5061662958522, 43.7572847031151], [-79.5062157949514, 43.7572679045079], [-79.50625686163, 43.757248819444], [-79.506297940516, 43.7572304908405], [-79.5063400613091, 43.7572075803231], [-79.5063937690483, 43.7571770455943], [-79.5064411550952, 43.7571442150906], [-79.5064769546809, 43.7571174889445], [-79.5065085561525, 43.7570892412069], [-79.506533825241, 43.7570625241735], [-79.5065612046393, 43.7570281743171], [-79.506600168332, 43.7569793132279], [-79.5066465088417, 43.7569235841216], [-79.5066991563715, 43.7568594477725], [-79.5067542001884, 43.7567987497339], [-79.5066730318685, 43.7566775077722], [-79.5062426164349, 43.7565190037896], [-79.5060770698, 43.7564343472131]]]]}"
128,Broadview North,57,12153,49,58,46,57,57,69,62,55,58,409.8361,487.4359,387.5316,476.4293,471.2302,566.0377,508.5719,453.4213,477.2484,2,4,7,6,6,3,7,10,15,16.728,33.61627,58.9722,50.15045,49.60318,24.61034,57.41941,82.44023,82.44023,4,9,16,10,1,13,35,10,24,33.45601,75.6366,134.7936,83.58408,8.267196,106.6448,287.097,82.44023,82.44023,14,21,16,24,8,25,25,18,18,117.096,176.4854,134.7936,200.6018,66.13757,205.0861,205.0693,148.3924,148.1116,,,,1,1,,,1,1,,,,8,8.267196,,,8.244023,8.228421,9,4,11,5,7,5,3,10,2,75.27601,92.6706,41.79204,57.87037,41.01723,24.60832,82.44023,16.45684,33.61627,,,1,1,,,,1,2,,,8.4246,8.358409,,,,8.244023,16.45684,15,24,24,12,16,26,32,22,15,125.46,201.6976,202.1904,100.3009,132.2751,213.2896,262.4887,181.3685,123.4263,,2,2,1,1,1,6,1,3,,16.80814,16.8492,8.358409,8.267196,8.203445,49.21664,8.244023,24.68526,"{'type': 'MultiPolygon', 'coordinates': [[[[-79.3499801241316, 43.6984381024871], [-79.3497533233165, 43.6980600843007], [-79.3496355294148, 43.6978494163845], [-79.3492703820246, 43.6972125257169], [-79.3492803536557, 43.6970601928617], [-79.3493017669642, 43.6969857804189], [-79.3493320127817, 43.6969165908123], [-79.349388968214, 43.6968473377056], [-79.3494569506586, 43.6967793062888], [-79.3495376577983, 43.6967076535991], [-79.350327277379, 43.6960556918485], [-79.3509414216488, 43.6955399197037], [-79.3510120460828, 43.6954605392402], [-79.3510539323958, 43.6953886917287], [-79.3510594375805, 43.695284634814], [-79.3510440388451, 43.6951805508811], [-79.3510370356563, 43.6951278297166], [-79.3510313048093, 43.6951129438457], [-79.3504602261198, 43.6936314403982], [-79.350367104418, 43.6933898589595], [-79.3502946435154, 43.6932503521837], [-79.3499208456175, 43.6923447452798], [-79.3495550046014, 43.6913765889488], [-79.3491716575113, 43.6904099026552], [-79.3488188790533, 43.6894412481065], [-79.3484738873903, 43.6884636461174], [-79.3481100455922, 43.6875430861382], [-79.3477717269775, 43.6866672593659], [-79.347442119309, 43.6857846920296], [-79.347207226452, 43.6851500382406], [-79.3471603723678, 43.6850298986476], [-79.3470696600113, 43.6847972016382], [-79.3469515780212, 43.6844942749231], [-79.3469280664365, 43.684433980103], [-79.3467877085605, 43.6840388864746], [-79.3466148973646, 43.6835981760962], [-79.3464530727023, 43.6832030622476], [-79.3462767957239, 43.6827324705525], [-79.3473834129045, 43.6825207306843], [-79.3475139708877, 43.6824957277992], [-79.348041093865, 43.6823970198926], [-79.3481265825533, 43.6825959357567], [-79.3482329776853, 43.6828466376613], [-79.3484067138104, 43.6832589753386], [-79.3485907221998, 43.683695701292], [-79.3487553454652, 43.6840886736128], [-79.3494018453641, 43.6839625461204], [-79.3514439839286, 43.683567332853], [-79.3528092746443, 43.6833032723657], [-79.3551944221281, 43.6828440840594], [-79.3572192745508, 43.6824519048903], [-79.3573656560961, 43.6819706443338], [-79.3575210419612, 43.6819495406859], [-79.357579279147, 43.6817115373695], [-79.3581308779375, 43.6817011516402], [-79.3603294787996, 43.6816597439643], [-79.3606356042759, 43.6816993453492], [-79.361294175262, 43.6816739973113], [-79.3614221877671, 43.6817061253964], [-79.3617703758568, 43.6817443162867], [-79.3619702000138, 43.6818854463226], [-79.3620445647132, 43.6817519120178], [-79.3623869529194, 43.6817014759419], [-79.3623459023789, 43.6812714792487], [-79.3616963675478, 43.6797086069769], [-79.362282816496, 43.6795923158679], [-79.3624420245922, 43.679561713507], [-79.3626963169006, 43.6795114231705], [-79.3635940996021, 43.6793309149262], [-79.3641878662609, 43.6792115440472], [-79.3644343940996, 43.6794189655533], [-79.3648727878715, 43.6797390229362], [-79.3652817394514, 43.6800545427159], [-79.3656315181415, 43.6803159921616], [-79.3657073542346, 43.6803745896516], [-79.3661116313579, 43.6806991019577], [-79.3663476660222, 43.6810414196973], [-79.3663716495773, 43.6814059823279], [-79.3661693944695, 43.6817297844503], [-79.3658335413142, 43.6819994211626], [-79.3654120690306, 43.6822509446497], [-79.3650358958828, 43.6825160396713], [-79.3646563178076, 43.6827496153968], [-79.364256275357, 43.6829426605782], [-79.3637935876676, 43.6830726197238], [-79.363577528176, 43.683152590955], [-79.3633936311895, 43.6832206646183], [-79.3632821716733, 43.6833150357342], [-79.3630778792697, 43.683482746766], [-79.3627880680363, 43.683795887667], [-79.3624369201219, 43.6840756855688], [-79.3620967710878, 43.6843821211977], [-79.3618534790205, 43.6847377122965], [-79.3617119741408, 43.6851120674837], [-79.3616561696532, 43.6855438827855], [-79.3617373364296, 43.6859612098917], [-79.3619411258067, 43.6864023306281], [-79.3621802976772, 43.6868256442825], [-79.3623850962305, 43.6872073308394], [-79.3625302800843, 43.6876229698257], [-79.3625667212187, 43.6880151820279], [-79.3623693318912, 43.6883570480916], [-79.36227280596, 43.6884145939753], [-79.362171236018, 43.688475149497], [-79.3619769528826, 43.6885909507047], [-79.3618737305502, 43.6886855194506], [-79.3616788931905, 43.6888639689474], [-79.3613972037319, 43.6892393515541], [-79.3611898972816, 43.6896271278764], [-79.3609397450351, 43.6899871184237], [-79.3607014543796, 43.6903608230084], [-79.360499258453, 43.690681085885], [-79.3602741679426, 43.6909766744353], [-79.3600579288814, 43.6913008893563], [-79.3599411642145, 43.6916408061704], [-79.3600665911812, 43.6920034146338], [-79.3603629551102, 43.6921993307228], [-79.3604425231433, 43.6922519228811], [-79.3607334476076, 43.692424499485], [-79.3608697924455, 43.6925053710386], [-79.3612577526341, 43.692785215852], [-79.361553650356, 43.6931488129522], [-79.3617667149704, 43.6934878794239], [-79.3618459756586, 43.6938169276493], [-79.3618543191797, 43.6938516201284], [-79.3616719542112, 43.6941877862938], [-79.3613276976455, 43.6944631780105], [-79.3609841432863, 43.694706983438], [-79.3606544568821, 43.6949560352028], [-79.3603323605703, 43.6951405375777], [-79.3599999626639, 43.6953154308836], [-79.3598517607805, 43.6953642799428], [-79.3596326299252, 43.6954365074384], [-79.3592404978931, 43.6955306105575], [-79.3588382320056, 43.6955542649755], [-79.3584634877996, 43.6954859404403], [-79.3584563599877, 43.6954837536678], [-79.3581754220398, 43.6953974336418], [-79.3580658215817, 43.6953637504268], [-79.3576652391351, 43.6952793961839], [-79.3573067991032, 43.6953105440627], [-79.3569313927447, 43.695433473104], [-79.3566140658566, 43.6956461092391], [-79.3564292374634, 43.6958980124513], [-79.356205832479, 43.6961625942684], [-79.3560946825311, 43.6964341495916], [-79.3560474366516, 43.6967520870921], [-79.3560055228854, 43.6970708332751], [-79.3558226345531, 43.6973181020726], [-79.3555520951216, 43.6975545931547], [-79.3553175934102, 43.6978117608926], [-79.3550238213746, 43.6980551346857], [-79.3546623549344, 43.6982375181478], [-79.3542975899588, 43.6983008369435], [-79.3538980295541, 43.698295349531], [-79.3535295842135, 43.6983617849006], [-79.3531524750617, 43.6984850955659], [-79.3527533810659, 43.6986079179072], [-79.3523632962286, 43.6986586590657], [-79.351918197031, 43.6986853567427], [-79.3514774656528, 43.6987416283908], [-79.3511015198424, 43.6988788950541], [-79.3508413740375, 43.6991009053629], [-79.350604109447, 43.6993565828394], [-79.3505667155868, 43.6994163119215], [-79.3499801241316, 43.6984381024871]]]]}"
129,Leaside-Bennington,56,18020,40,28,40,38,36,31,29,50,33,232.032,163.4273,234.3979,219.8184,204.8015,174.1182,162.0474,279.7672,183.1299,11,14,3,4,40,31,43,85,78,63.80881,81.71365,17.57984,23.13877,227.5572,174.1182,240.2772,475.6043,475.6043,26,23,38,17,23,26,48,28,10,150.8208,134.2439,222.678,98.33979,130.8454,146.0346,268.2164,156.6696,156.6696,39,30,33,29,34,45,40,39,41,226.2312,175.1007,193.3783,167.7561,193.4236,252.7522,223.5136,218.2184,227.525,,1,,,,,,,,,6,,,,,,,,7,11,8,13,8,2,8,3,4,40.6056,46.87958,75.20102,45.51144,11.23343,44.70273,16.78603,22.19756,64.20358,,1,,,,,,1,1,,5.836689,,,,,,5.595345,5.549389,66,35,19,44,29,46,43,40,66,382.8528,204.2841,111.339,254.5265,164.979,258.3689,240.2772,223.8138,366.2597,9,5,3,4,3,7,6,3,3,52.2072,29.18345,17.57984,23.13877,17.06679,39.31701,33.52705,16.78603,16.64817,"{'type': 'MultiPolygon', 'coordinates': [[[[-79.3573349957044, 43.7018416957279], [-79.3572171384808, 43.701837047364], [-79.3571643427963, 43.7018383052325], [-79.3570380056912, 43.7018413248713], [-79.3568680704349, 43.7018496897201], [-79.3568596075051, 43.7018501028601], [-79.3566680469152, 43.7018633642662], [-79.356474185734, 43.7018631207644], [-79.3562930505827, 43.7018853966316], [-79.3561278439696, 43.7019031914551], [-79.3559707632471, 43.7019210048018], [-79.3558396748117, 43.7019343415532], [-79.3557256329989, 43.7019477001399], [-79.3555402543131, 43.7019699686763], [-79.3550579054417, 43.702024463981], [-79.3546322124524, 43.7020459952217], [-79.3544080730491, 43.7020573395404], [-79.3539827700605, 43.7020666891219], [-79.353644178126, 43.7020663728779], [-79.353372553386, 43.7020487248633], [-79.3531551816876, 43.7020070219642], [-79.3528456084168, 43.7019265032461], [-79.3527822970435, 43.7018953135567], [-79.352715872854, 43.701868439505], [-79.3526120985932, 43.7018128495648], [-79.3524903085604, 43.7017577840291], [-79.3523729794134, 43.7017052902414], [-79.3522590092372, 43.7016339790863], [-79.3521829186712, 43.701592483618], [-79.352066579624, 43.7015156962098], [-79.3519540011638, 43.701448967949], [-79.3518267932614, 43.7013626793945], [-79.3517449390525, 43.7012891045699], [-79.3516682800967, 43.7012269413196], [-79.3515899662853, 43.701136908066], [-79.3515591597851, 43.7011012677909], [-79.351509914853, 43.7010367456167], [-79.3514768977974, 43.7009822356605], [-79.3514325359853, 43.7008945054463], [-79.3513585984979, 43.7007657269442], [-79.3509196014875, 43.7000009828911], [-79.3505667155868, 43.6994163119215], [-79.350604109447, 43.6993565828394], [-79.3508413740375, 43.6991009053629], [-79.3511015198424, 43.6988788950541], [-79.3514774656528, 43.6987416283908], [-79.351918197031, 43.6986853567427], [-79.3523632962286, 43.6986586590657], [-79.3527533810659, 43.6986079179072], [-79.3531524750617, 43.6984850955659], [-79.3535295842135, 43.6983617849006], [-79.3538980295541, 43.698295349531], [-79.3542975899588, 43.6983008369435], [-79.3546623549344, 43.6982375181478], [-79.3550238213746, 43.6980551346857], [-79.3553175934102, 43.6978117608926], [-79.3555520951216, 43.6975545931547], [-79.3558226345531, 43.6973181020726], [-79.3560055228854, 43.6970708332751], [-79.3560474366516, 43.6967520870921], [-79.3560946825311, 43.6964341495916], [-79.356205832479, 43.6961625942684], [-79.3564292374634, 43.6958980124513], [-79.3566140658566, 43.6956461092391], [-79.3569313927447, 43.695433473104], [-79.3573067991032, 43.6953105440627], [-79.3576652391351, 43.6952793961839], [-79.3580658215817, 43.6953637504268], [-79.3581754220398, 43.6953974336418], [-79.3584563599877, 43.6954837536678], [-79.3584634877996, 43.6954859404403], [-79.3588382320056, 43.6955542649755], [-79.3592404978931, 43.6955306105575], [-79.3596326299252, 43.6954365074384], [-79.3598517607805, 43.6953642799428], [-79.3599999626639, 43.6953154308836], [-79.3603323605703, 43.6951405375777], [-79.3606544568821, 43.6949560352028], [-79.3609841432863, 43.694706983438], [-79.3613276976455, 43.6944631780105], [-79.3616719542112, 43.6941877862938], [-79.3618543191797, 43.6938516201284], [-79.3618459756586, 43.6938169276493], [-79.3617667149704, 43.6934878794239], [-79.361553650356, 43.6931488129522], [-79.3612577526341, 43.692785215852], [-79.3608697924455, 43.6925053710386], [-79.3607334476076, 43.692424499485], [-79.3604425231433, 43.6922519228811], [-79.3603629551102, 43.6921993307228], [-79.3600665911812, 43.6920034146338], [-79.3599411642145, 43.6916408061704], [-79.3600579288814, 43.6913008893563], [-79.3602741679426, 43.6909766744353], [-79.360499258453, 43.690681085885], [-79.3607014543796, 43.6903608230084], [-79.3609397450351, 43.6899871184237], [-79.3611898972816, 43.6896271278764], [-79.3613972037319, 43.6892393515541], [-79.3616788931905, 43.6888639689474], [-79.3618737305502, 43.6886855194506], [-79.3619769528826, 43.6885909507047], [-79.362171236018, 43.688475149497], [-79.36227280596, 43.6884145939753], [-79.3623693318912, 43.6883570480916], [-79.3625667212187, 43.6880151820279], [-79.3625302800843, 43.6876229698257], [-79.3623850962305, 43.6872073308394], [-79.3621802976772, 43.6868256442825], [-79.3619411258067, 43.6864023306281], [-79.3617373364296, 43.6859612098917], [-79.3616561696532, 43.6855438827855], [-79.3617119741408, 43.6851120674837], [-79.3618534790205, 43.6847377122965], [-79.3620967710878, 43.6843821211977], [-79.3624369201219, 43.6840756855688], [-79.3627880680363, 43.683795887667], [-79.3630778792697, 43.683482746766], [-79.3632821716733, 43.6833150357342], [-79.3633936311895, 43.6832206646183], [-79.363577528176, 43.683152590955], [-79.3637935876676, 43.6830726197238], [-79.364256275357, 43.6829426605782], [-79.3646563178076, 43.6827496153968], [-79.3650358958828, 43.6825160396713], [-79.3654120690306, 43.6822509446497], [-79.3658335413142, 43.6819994211626], [-79.3661693944695, 43.6817297844503], [-79.3663716495773, 43.6814059823279], [-79.3663476660222, 43.6810414196973], [-79.3661116313579, 43.6806991019577], [-79.3657073542346, 43.6803745896516], [-79.3656315181415, 43.6803159921616], [-79.3652817394514, 43.6800545427159], [-79.3648727878715, 43.6797390229362], [-79.3644343940996, 43.6794189655533], [-79.3641878662609, 43.6792115440472], [-79.3642674374767, 43.679196228489], [-79.3642639812987, 43.6791892388564], [-79.3644481496301, 43.6790328345013], [-79.3665516102271, 43.6785663593344], [-79.3667697876955, 43.6785178081657], [-79.3672670029141, 43.679134329281], [-79.3671900018561, 43.679176581737], [-79.3672587724945, 43.6792613549767], [-79.3675232333039, 43.6795927298519], [-79.3676022717734, 43.6798315009317], [-79.3677102692104, 43.6801607672315], [-79.3678867716996, 43.6806864411086], [-79.3679313108986, 43.6809347764972], [-79.367941381797, 43.6810596181305], [-79.3679519590036, 43.6811907705806], [-79.3679295697868, 43.6812818020078], [-79.3678567882659, 43.6815031322285], [-79.3676447590046, 43.6818980888826], [-79.3674918474782, 43.6821829209171], [-79.3666864166123, 43.683683294559], [-79.3664775241211, 43.6840724475259], [-79.3668617779182, 43.6849669593868], [-79.3669178150599, 43.6850974001201], [-79.366988474508, 43.685261899693], [-79.3675501286299, 43.6865693702253], [-79.3672948142809, 43.6879944491603], [-79.3672875044806, 43.6880862000118], [-79.3672853082591, 43.6882211540727], [-79.3673001878864, 43.6883588911764], [-79.3673321275673, 43.6885117967602], [-79.3673735861753, 43.6886454242641], [-79.367413195994, 43.6887570145745], [-79.3674774254973, 43.6888865455602], [-79.3675341595078, 43.688984383998], [-79.3676306370522, 43.6891277147281], [-79.3677271410915, 43.689253160545], [-79.367874822323, 43.6894089463002], [-79.3680244609256, 43.6895495937642], [-79.3682177583598, 43.6896875366311], [-79.3683542054936, 43.6897799751742], [-79.3685797885183, 43.6899027963645], [-79.3689077926975, 43.6900684453073], [-79.3691580885724, 43.6901857853977], [-79.3695051256182, 43.6903335597205], [-79.369990663192, 43.6905103767941], [-79.3705976073263, 43.6907176451268], [-79.3706285729821, 43.6907507057082], [-79.3706828183047, 43.6908086372272], [-79.3708201032624, 43.6909474931924], [-79.3733920137478, 43.692350387218], [-79.3737805838787, 43.6925441378904], [-79.3741019297087, 43.6926800248339], [-79.3744539084522, 43.6928092831142], [-79.3748090052002, 43.6929185340318], [-79.3763975748771, 43.6933980877157], [-79.3767375815196, 43.6933562663472], [-79.377297623163, 43.6935569136978], [-79.3774951247636, 43.6936385959977], [-79.3775454856815, 43.6936594246536], [-79.3775902041857, 43.693679428565], [-79.3799659027835, 43.6947420755393], [-79.380084767889, 43.6950377660212], [-79.3799532531848, 43.6950756139513], [-79.3797275230847, 43.695129375468], [-79.3793757662965, 43.6952054886098], [-79.3788526023505, 43.6953219157491], [-79.3785392723786, 43.6953755639597], [-79.3763508457298, 43.6958366407023], [-79.3744534943524, 43.6962305482944], [-79.3738220262066, 43.6963738466732], [-79.3732254360191, 43.6965081876497], [-79.3726253392043, 43.6966155361369], [-79.3725715412905, 43.6966237927356], [-79.3724602839715, 43.6966408794753], [-79.3720431547476, 43.6967049075086], [-79.3717417831939, 43.6967585957488], [-79.3719478927608, 43.697292071542], [-79.3725070131963, 43.6987395724627], [-79.3728498310233, 43.6995725280608], [-79.3731439641659, 43.7003694864005], [-79.3733785697385, 43.700950410835], [-79.3737942589739, 43.7020717365462], [-79.3741369579966, 43.7030083740831], [-79.3746185111442, 43.7042781465373], [-79.3749389219879, 43.7051156430577], [-79.3756523931387, 43.7069482257632], [-79.3760084704469, 43.707821682014], [-79.3763416514547, 43.7087131056568], [-79.3769572212701, 43.710311386883], [-79.3770099362001, 43.7105049618826], [-79.377055744363, 43.7106715255014], [-79.3771037409788, 43.7108965908567], [-79.3771616111335, 43.711045165059], [-79.3773140652546, 43.712038699625], [-79.3773882775363, 43.7124076693199], [-79.3774928310187, 43.7130996550965], [-79.3776255424936, 43.7138594311847], [-79.3779841799088, 43.7160802993836], [-79.3780957032978, 43.716726042431], [-79.3756822549784, 43.7172041736299], [-79.3756617567275, 43.7172082373933], [-79.3718362124745, 43.7179660315503], [-79.3694065760903, 43.7184804491668], [-79.3669233242424, 43.7189371709681], [-79.3657554419615, 43.7191653732377], [-79.3621291483915, 43.7200117383841], [-79.3617893249443, 43.7200770363682], [-79.3598821051755, 43.7204435229149], [-79.3586388681173, 43.7206823980744], [-79.3532369249818, 43.72172013031], [-79.3531720460564, 43.7212396323982], [-79.3531644269157, 43.7211832300599], [-79.3531317802582, 43.720941405126], [-79.3529440290051, 43.719996032938], [-79.3527143681274, 43.717785892441], [-79.3526687877984, 43.7177138236506], [-79.3526388526376, 43.7174257265627], [-79.3526996601161, 43.717295277533], [-79.3526308695225, 43.7162417990225], [-79.3533232235339, 43.7160358230309], [-79.3541757841101, 43.7158163378754], [-79.3549588160437, 43.7156327636807], [-79.3554657696985, 43.7155320420616], [-79.3559268706563, 43.7154404249139], [-79.356858407193, 43.7152705350097], [-79.357444258901, 43.7151587335097], [-79.3579428106912, 43.7150603219357], [-79.358718110297, 43.7148677375677], [-79.3598282198655, 43.7146125416775], [-79.3623206611516, 43.7140980074823], [-79.3648053875467, 43.7135744711708], [-79.3644498661083, 43.7126874625356], [-79.3640892398537, 43.71180212904], [-79.3639076385403, 43.711349239377], [-79.3637307987668, 43.7109047442876], [-79.3635600403232, 43.7104496970948], [-79.3635296364237, 43.7103685957697], [-79.3627975203377, 43.7085584638991], [-79.3624725609807, 43.7077299653536], [-79.3622889850956, 43.7072886918769], [-79.3618213174666, 43.7061270167468], [-79.3614855204851, 43.7052805538174], [-79.3611369371908, 43.7044296089088], [-79.3608646614609, 43.7037812581031], [-79.3608252003504, 43.7036492067761], [-79.3607555944273, 43.7034886023263], [-79.3606884376697, 43.70336278136], [-79.3606534020464, 43.7032758404021], [-79.3605820258231, 43.7031778463334], [-79.3605621010221, 43.7031504941386], [-79.3604566456045, 43.7030404510821], [-79.3603757894955, 43.7029585664417], [-79.3602738353307, 43.7028638835258], [-79.360243366527, 43.7028409467106], [-79.3601683217354, 43.7027845072369], [-79.3600769084139, 43.7027077228095], [-79.3600018511976, 43.7026461067578], [-79.3599248473254, 43.7025785121009], [-79.3598404870166, 43.702510899144], [-79.3597270086361, 43.7024477509417], [-79.3596112111334, 43.7023891000527], [-79.359494668865, 43.7023259571587], [-79.3593842631514, 43.7022808153245], [-79.3593064066659, 43.7022492052365], [-79.3592436756497, 43.7022176240871], [-79.359169667581, 43.7021905287477], [-79.3591189376144, 43.7021679633883], [-79.359031005174, 43.7021318496872], [-79.3589077978144, 43.7020911920375], [-79.3588446019883, 43.7020671077682], [-79.3587656387592, 43.7020370084629], [-79.3586571615487, 43.7020008695201], [-79.3585459641073, 43.7019602264117], [-79.3585179179526, 43.7019522882646], [-79.3584684465309, 43.7019382844088], [-79.3584103641523, 43.7019241613357], [-79.3582829502186, 43.7019105197394], [-79.3581804307166, 43.7018993839766], [-79.3581137792193, 43.7018942963129], [-79.3579367893041, 43.7018796295896], [-79.3577153577221, 43.7018693444405], [-79.3574571543678, 43.7018528921416], [-79.3573349957044, 43.7018416957279]]]]}"
130,Thorncliffe Park,55,22363,87,106,89,100,93,121,98,118,115,416.1684,500.354,413.761,459.4955,422.1324,544.0648,439.1665,530.9814,514.2422,13,12,5,9,13,15,20,16,32,62.18608,56.64385,23.245,41.35459,59.00776,67.44604,89.62581,71.99748,71.99748,10,5,15,10,3,8,15,17,16,47.83545,23.6016,69.73501,45.94955,13.61718,35.97122,67.21936,76.49732,76.49732,34,27,24,19,24,28,41,35,53,162.6405,127.4487,111.576,87.30414,108.9374,125.8993,183.7329,157.4945,236.9986,3,1,1,4,,,2,,,14.35063382,5,5,18,,,8.962582,,,16,10,16,9,4,13,5,14,17,76.53671,74.38401,41.35459,18.15623,58.45324,22.40645,62.9978,76.01842,47.20321,1,1,1,2,3,8,9,3,3,4.783545,4.720321,4.649001,9.18991,13.61718,35.97122,40.33162,13.49953,13.41502,26,17,30,25,30,27,26,34,26,124.3722,80.24545,139.47,114.8739,136.1718,121.4029,116.5136,152.9946,116.2635,9,6,11,9,4,5,4,,10,43.0519,28.32193,51.139,41.35459,18.15623,22.48201,17.92516,,44.71672,"{'type': 'MultiPolygon', 'coordinates': [[[[-79.3477753916972, 43.7161462602913], [-79.3476156794129, 43.7161440590048], [-79.3474835118653, 43.7161438819116], [-79.3472962716588, 43.7161376463599], [-79.3471118354082, 43.7161174258608], [-79.3469108727815, 43.7160951850424], [-79.34679525684, 43.7160870459417], [-79.3466823655149, 43.716080899966], [-79.3466080525497, 43.7160668305028], [-79.3465448002085, 43.7160367799444], [-79.3464760536555, 43.7160007280595], [-79.3464320770327, 43.7159647266366], [-79.3463908994497, 43.7159167303394], [-79.346374522079, 43.7158667789377], [-79.3463582366441, 43.7157708843406], [-79.3463501725458, 43.715696973508], [-79.3463427419216, 43.7156082921246], [-79.346344993279, 43.7155337103208], [-79.3463412833616, 43.7154849542489], [-79.3463202737066, 43.7154361666192], [-79.3462915726481, 43.7153957303383], [-79.3462571269307, 43.7153455381453], [-79.3462073855649, 43.7152786008279], [-79.3461729006186, 43.7152437378896], [-79.3461134991583, 43.7151935023078], [-79.3460636544757, 43.715157223129], [-79.3459946086485, 43.7151223046981], [-79.3459197672463, 43.7150971263682], [-79.3458468164999, 43.7150844888216], [-79.3457977913182, 43.7150821818756], [-79.3456502328566, 43.7151084643907], [-79.3452997277884, 43.7152240978926], [-79.3449480343774, 43.7152275997461], [-79.3448064021959, 43.7150491101304], [-79.3447292650223, 43.7147932711478], [-79.3444669289824, 43.7145550112988], [-79.3441375113197, 43.714392611746], [-79.3437848253887, 43.7142925853909], [-79.3434458509005, 43.7140889448341], [-79.3433513823292, 43.7139245428295], [-79.3432930599159, 43.7138230277332], [-79.3431020954785, 43.7135730437677], [-79.3428619360325, 43.7133629657762], [-79.3425006890135, 43.7132657051185], [-79.3421379244719, 43.7131416359283], [-79.3418289272467, 43.7129535050027], [-79.3414814079351, 43.7127906406195], [-79.341107376128, 43.712701441072], [-79.3407601485191, 43.7127017499144], [-79.3404556066338, 43.7128059294801], [-79.3402161871487, 43.7130128851945], [-79.3400423702644, 43.7130400324038], [-79.3398581489018, 43.7130179467371], [-79.3395312391022, 43.7128020788066], [-79.3394862617856, 43.7126693729625], [-79.3394972011698, 43.7124947188394], [-79.3397345187415, 43.7122381646089], [-79.3400089702807, 43.7119788809298], [-79.3402930022638, 43.7117043437428], [-79.3403127171953, 43.7115184946991], [-79.3402873190779, 43.7113772299816], [-79.3401964547713, 43.7112155932058], [-79.3400575038966, 43.7110637454716], [-79.3400557362513, 43.7110613211843], [-79.3399614055735, 43.7109947958446], [-79.3397614375183, 43.7108537716701], [-79.3395366729772, 43.7107749478895], [-79.3394461803769, 43.7107213983348], [-79.3394143866123, 43.7105966947859], [-79.3394349551903, 43.7104316138126], [-79.3394247047534, 43.7102780915434], [-79.3393910328544, 43.7101459865803], [-79.3392854898879, 43.7100691207511], [-79.3390241873635, 43.709970873191], [-79.3385963981025, 43.7098069151588], [-79.3383439525324, 43.7095947671626], [-79.3382617318552, 43.7095256739453], [-79.3380123508244, 43.7091904743974], [-79.3379141295065, 43.7088893049981], [-79.3378962837715, 43.7088346427035], [-79.3378265245033, 43.7084381363255], [-79.3378170029975, 43.7080991264662], [-79.337878603039, 43.707766166195], [-79.3379090254148, 43.7077074852569], [-79.3380316611749, 43.7074708807802], [-79.3378145797603, 43.7072215892912], [-79.3374079660476, 43.7069994632155], [-79.3372028986524, 43.7067507451135], [-79.337284407244, 43.7064437374071], [-79.3375428467661, 43.706171186208], [-79.3378844847606, 43.7059333269905], [-79.3381825359937, 43.7056525762575], [-79.3381723492719, 43.7053436292925], [-79.3378348724982, 43.7051575267673], [-79.337365163762, 43.7050877202049], [-79.3369180106899, 43.7049964318715], [-79.3364421139152, 43.7048351689928], [-79.3360123752229, 43.7046331047591], [-79.3358321099627, 43.7045215544253], [-79.3356515480434, 43.704409805003], [-79.3354428259575, 43.7042693551635], [-79.3352962764467, 43.7041707599535], [-79.3350642560171, 43.7038620329093], [-79.3350537132897, 43.7035440198874], [-79.335297925184, 43.7032557104745], [-79.3354210503297, 43.7032082622499], [-79.3357342705269, 43.7030875733497], [-79.3361742366265, 43.7029100872971], [-79.3365918561527, 43.7027229364156], [-79.3369253426111, 43.702465508538], [-79.3372551873351, 43.7021683063992], [-79.3377066756595, 43.7019377317503], [-79.3382062811165, 43.7017232920621], [-79.3386488561257, 43.7014963737452], [-79.3390905340136, 43.7012697323844], [-79.3394421949498, 43.700969116055], [-79.3397286084689, 43.7006339682775], [-79.3401009322954, 43.7003098134023], [-79.3404881066574, 43.6999984503723], [-79.3409310398747, 43.6997407127842], [-79.3413778805707, 43.6994725470413], [-79.341846187813, 43.6992486404148], [-79.3423746023565, 43.6991423543659], [-79.3428749845341, 43.6990335875921], [-79.3432989823627, 43.69881762567], [-79.3433163756042, 43.6988037697554], [-79.3434434963278, 43.6987025081534], [-79.3435608820775, 43.6986134207109], [-79.3436513035274, 43.6985598342114], [-79.3437521145107, 43.6984993032173], [-79.3438817890398, 43.6984410893413], [-79.3440106558714, 43.6983973750555], [-79.3441600946661, 43.6983433729302], [-79.3443332022475, 43.6982951545369], [-79.3444558859459, 43.6982730349433], [-79.3445829844082, 43.6982702824432], [-79.344723777243, 43.6982730296093], [-79.3448251869804, 43.6982923854537], [-79.3449013886768, 43.6983062790545], [-79.345059145173, 43.6983027392323], [-79.3454675549482, 43.6983646901298], [-79.3458191929447, 43.6984848458781], [-79.3460351729326, 43.6986463410105], [-79.3463120059227, 43.6988184665838], [-79.3466106575519, 43.69895405817], [-79.3469711676246, 43.699017199647], [-79.3473475818498, 43.6991593470384], [-79.3476315823034, 43.6993498327918], [-79.3478749579661, 43.6995682671912], [-79.3481014935845, 43.6997686670092], [-79.3483726473862, 43.699939304484], [-79.348714278109, 43.7000041160183], [-79.3490476258353, 43.700012991346], [-79.3493851229707, 43.6999896460754], [-79.3497627739996, 43.6999396278388], [-79.3501271937195, 43.6998714259089], [-79.3504139668109, 43.6996603613051], [-79.3505667155868, 43.6994163119215], [-79.3509196014875, 43.7000009828911], [-79.3513585984979, 43.7007657269442], [-79.3514325359853, 43.7008945054463], [-79.3514768977974, 43.7009822356605], [-79.351509914853, 43.7010367456167], [-79.3515591597851, 43.7011012677909], [-79.3515899662853, 43.701136908066], [-79.3516682800967, 43.7012269413196], [-79.3517449390525, 43.7012891045699], [-79.3517648953195, 43.7013070335714], [-79.3518267932614, 43.7013626793945], [-79.3519540011638, 43.701448967949], [-79.352066579624, 43.7015156962098], [-79.3521829186712, 43.701592483618], [-79.3522590092372, 43.7016339790863], [-79.3523729794134, 43.7017052902414], [-79.3524903085604, 43.7017577840291], [-79.3526120985932, 43.7018128495648], [-79.352715872854, 43.701868439505], [-79.3527822970435, 43.7018953135567], [-79.3528456084168, 43.7019265032461], [-79.3531551816876, 43.7020070219642], [-79.353372553386, 43.7020487248633], [-79.353644178126, 43.7020663728779], [-79.3539827700605, 43.7020666891219], [-79.3544080730491, 43.7020573395404], [-79.3550579054417, 43.702024463981], [-79.3555402543131, 43.7019699686763], [-79.3557256329989, 43.7019477001399], [-79.3558396748117, 43.7019343415532], [-79.3559707632471, 43.7019210048018], [-79.3561278439696, 43.7019031914551], [-79.3562930505827, 43.7018853966316], [-79.356474185734, 43.7018631207644], [-79.3566680469152, 43.7018633642662], [-79.3568596075051, 43.7018501028601], [-79.3570380056912, 43.7018413248713], [-79.3572171384808, 43.701837047364], [-79.3573349957044, 43.7018416957279], [-79.3574571543678, 43.7018528921416], [-79.3577153577221, 43.7018693444405], [-79.3579367893041, 43.7018796295896], [-79.3581137792193, 43.7018942963129], [-79.3581804307166, 43.7018993839766], [-79.3582829502186, 43.7019105197394], [-79.3584103641523, 43.7019241613357], [-79.3584684465309, 43.7019382844088], [-79.3585179179526, 43.7019522882646], [-79.3585459641073, 43.7019602264117], [-79.3586571615487, 43.7020008695201], [-79.3587656387592, 43.7020370084629], [-79.3588446019883, 43.7020671077682], [-79.3589077978144, 43.7020911920375], [-79.359031005174, 43.7021318496872], [-79.3591189376144, 43.7021679633883], [-79.359169667581, 43.7021905287477], [-79.3592436756497, 43.7022176240871], [-79.3593064066659, 43.7022492052365], [-79.3593842631514, 43.7022808153245], [-79.359494668865, 43.7023259571587], [-79.3596112111334, 43.7023891000527], [-79.3597270086361, 43.7024477509417], [-79.3598404870166, 43.702510899144], [-79.3599248473254, 43.7025785121009], [-79.3600018511976, 43.7026461067578], [-79.3600769084139, 43.7027077228095], [-79.3601683217354, 43.7027845072369], [-79.360243366527, 43.7028409467106], [-79.3602738353307, 43.7028638835258], [-79.3603757894955, 43.7029585664417], [-79.3604566456045, 43.7030404510821], [-79.3605621010221, 43.7031504941386], [-79.3605820258231, 43.7031778463334], [-79.3606534020464, 43.7032758404021], [-79.3606884376697, 43.70336278136], [-79.3607555944273, 43.7034886023263], [-79.3608252003504, 43.7036492067761], [-79.3608646614609, 43.7037812581031], [-79.3611369371908, 43.7044296089088], [-79.3614855204851, 43.7052805538174], [-79.3618213174666, 43.7061270167468], [-79.3622889850956, 43.7072886918769], [-79.3624725609807, 43.7077299653536], [-79.3627975203377, 43.7085584638991], [-79.3635296364237, 43.7103685957697], [-79.3635600403232, 43.7104496970948], [-79.3637307987668, 43.7109047442876], [-79.3639076385403, 43.711349239377], [-79.3640892398537, 43.71180212904], [-79.3644498661083, 43.7126874625356], [-79.3648053875467, 43.7135744711708], [-79.3623206611516, 43.7140980074823], [-79.3598282198655, 43.7146125416775], [-79.358718110297, 43.7148677375677], [-79.3579428106912, 43.7150603219357], [-79.357444258901, 43.7151587335097], [-79.356858407193, 43.7152705350097], [-79.3559268706563, 43.7154404249139], [-79.3554657696985, 43.7155320420616], [-79.3549588160437, 43.7156327636807], [-79.3541757841101, 43.7158163378754], [-79.3533232235339, 43.7160358230309], [-79.3526308695225, 43.7162417990225], [-79.3524931528233, 43.7161614473349], [-79.3524183283033, 43.7159507936791], [-79.3523243967107, 43.7157434722864], [-79.3520889104497, 43.7156703656885], [-79.3517682615661, 43.7157106539051], [-79.3514176662581, 43.7157103243899], [-79.3513562637465, 43.7157097500672], [-79.3510838445538, 43.7157072618856], [-79.3507138033192, 43.715747482688], [-79.3503521969007, 43.715788460624], [-79.3500235090513, 43.715866449197], [-79.3498900304395, 43.71603892699], [-79.3496212464411, 43.7161457964857], [-79.3495019611739, 43.7161751637263], [-79.3492796344131, 43.7162298862969], [-79.349179564425, 43.7162473882651], [-79.3489227436794, 43.7163190494561], [-79.3485651105617, 43.7163032922508], [-79.3482322823309, 43.7162004350941], [-79.3479735919615, 43.7161664986291], [-79.3477753916972, 43.7161462602913]]]]}"
131,O'Connor-Parkview,54,19783,182,161,127,132,133,143,114,115,160,955.8322,845.8992,665.5138,684.6118,680.5854,725.3728,577.3029,583.8453,808.7752,22,12,7,10,19,28,21,43,39,115.5402,63.04839,36.68186,51.86453,97.22649,142.031,106.3453,218.3074,218.3074,9,11,6,9,9,5,6,7,7,47.26643,57.79436,31.4416,46.67808,46.05465,25.36269,30.38436,35.53841,35.53841,53,30,34,39,26,56,25,38,49,278.3467,157.621,178.1691,202.2717,133.0468,284.0621,126.6015,192.9228,247.6874,1,,,1,,,,1,,5.251825009,,,5,,,,5.076915,,29,13,28,18,7,12,19,12,8,152.3029,146.7274,93.35616,35.82029,60.87045,96.21715,60.92299,40.43876,68.30242,5,3,1,2,5,4,1,2,3,26.25912,15.7621,5.240266,10.37291,25.58592,20.29015,5.06406,10.15383,15.16454,62,88,84,31,78,50,78,65,62,325.6132,462.3549,440.1824,160.78,399.1403,253.6269,394.9967,329.9995,313.4004,11,6,6,2,6,7,10,2,9,57.77008,31.52419,31.4416,10.37291,30.7031,35.50776,50.6406,10.15383,45.49361,"{'type': 'MultiPolygon', 'coordinates': [[[[-79.3119922016937, 43.7172806314863], [-79.3111978950259, 43.7154610508788], [-79.3100658542624, 43.7157022543379], [-79.3090195111423, 43.7159345881865], [-79.3064679967445, 43.7164958003703], [-79.3063674778046, 43.7165178995987], [-79.3053902500504, 43.7167328099518], [-79.3048152843349, 43.716859261112], [-79.3048421082196, 43.7167197871686], [-79.3048712225394, 43.716593819544], [-79.3048903629356, 43.7164318203022], [-79.3049118226604, 43.7162743348368], [-79.304923489188, 43.7161438369764], [-79.3049425859684, 43.7159953481356], [-79.3049645489658, 43.7159233753909], [-79.304991168259, 43.7158469103953], [-79.3050194000692, 43.7157479445594], [-79.305058915866, 43.715639988344], [-79.305153501581, 43.7154151182067], [-79.3052046283263, 43.7153161911623], [-79.3052716812591, 43.7152082813228], [-79.305334600764, 43.7151195548195], [-79.3053418065762, 43.7151093874708], [-79.3037581417954, 43.7154217773518], [-79.3017855850509, 43.7158234841548], [-79.2991644841675, 43.7163815504928], [-79.2989647703869, 43.7159131338171], [-79.2986655781946, 43.7152119403747], [-79.2986419118885, 43.7151564605852], [-79.2983710266226, 43.71451692965], [-79.2980624263545, 43.7137873189243], [-79.297779487724, 43.7131264318513], [-79.2977114842349, 43.7129676104704], [-79.2974078211215, 43.7122429928328], [-79.2970853445795, 43.7114734703047], [-79.296824448197, 43.7108508663807], [-79.2967649606391, 43.7107034008311], [-79.2964508564407, 43.7099248352833], [-79.296368372906, 43.7097203415558], [-79.296193217515, 43.7092861507633], [-79.2959887843517, 43.7087851264719], [-79.2957250514651, 43.708200761606], [-79.2952868266632, 43.7072333128694], [-79.2950886143721, 43.7067568987437], [-79.2947520697548, 43.7059490605067], [-79.2944969797502, 43.7053660667736], [-79.2942211475702, 43.704721736902], [-79.2938280146896, 43.7038292445861], [-79.2936710638623, 43.7034736363676], [-79.2934792814746, 43.7030250712057], [-79.2945296647304, 43.7027715715165], [-79.295804228364, 43.7024841668574], [-79.2968213889615, 43.7022601557215], [-79.2968880610391, 43.7022577261718], [-79.2969336443089, 43.7022654401969], [-79.2969345479845, 43.7017990858396], [-79.2969434997514, 43.7013379034222], [-79.2969137318727, 43.7011477704771], [-79.2969179266387, 43.7009046440245], [-79.2969839491758, 43.7004657420239], [-79.2970328719706, 43.6996336872349], [-79.2970705032108, 43.6990079400997], [-79.2970749643439, 43.6982551528575], [-79.2970733882387, 43.6980567071895], [-79.2970714131475, 43.6978074768264], [-79.2970959813453, 43.6974972639818], [-79.2971102419094, 43.6974107959822], [-79.2971178083637, 43.6973707625801], [-79.2972109888054, 43.6969924688216], [-79.2972269093921, 43.6969029345302], [-79.2973167592656, 43.6965331320354], [-79.2974154543854, 43.6961410210509], [-79.2974478058266, 43.6959061273892], [-79.2974603684978, 43.6956791458516], [-79.2973911519855, 43.6952122973019], [-79.2973386296375, 43.6949240187069], [-79.2984003787609, 43.6953074158116], [-79.3006069394937, 43.6961040657743], [-79.302962077059, 43.6969066810444], [-79.306315002307, 43.6980566725985], [-79.3074600153163, 43.6984354282464], [-79.312151515721, 43.6998371548918], [-79.3129635740836, 43.6998689645392], [-79.3136912321874, 43.7000041102458], [-79.3139705115976, 43.7000554047762], [-79.3140701059395, 43.7000738391403], [-79.3153074388382, 43.7003029473681], [-79.3156551811869, 43.7003743216356], [-79.3181112712407, 43.7008771072172], [-79.3193749598403, 43.7011445949555], [-79.3201664577122, 43.7013087571666], [-79.3203501256838, 43.7013064085159], [-79.3206837593076, 43.7013996905454], [-79.3209186858226, 43.7015501729596], [-79.3211669956076, 43.7017482394163], [-79.3213644709115, 43.7019808436009], [-79.3215826384853, 43.7021734341399], [-79.3217647624785, 43.7023541213234], [-79.321843513001, 43.7024123205134], [-79.3219529284288, 43.7024931967326], [-79.322218820267, 43.7024543562503], [-79.3224538958323, 43.7022541729444], [-79.3225979087508, 43.7020134589453], [-79.3228032003885, 43.7017769719615], [-79.3230842164621, 43.7016477884875], [-79.3234352939529, 43.7016287088059], [-79.3237902250481, 43.7015522141994], [-79.3241190478551, 43.7015022416646], [-79.3244739564091, 43.7015177832722], [-79.3248528516273, 43.7014807663539], [-79.3251693173486, 43.7014087277066], [-79.3255510404713, 43.701423622627], [-79.3259291171836, 43.701536093792], [-79.3262884423812, 43.701625303255], [-79.3266686855298, 43.7016370241352], [-79.3270281731359, 43.7015321638755], [-79.3271030800194, 43.7015129605109], [-79.3273656338955, 43.7014456674695], [-79.327760871361, 43.701472357816], [-79.3281076455138, 43.701516923413], [-79.3281721451761, 43.7015272553247], [-79.3282320602582, 43.701526786696], [-79.328566203076, 43.7015241653559], [-79.3289574328609, 43.7015467952552], [-79.3289897300336, 43.7015551071468], [-79.3292915850019, 43.70163279817], [-79.329655965985, 43.70167770922], [-79.3299936570698, 43.7016448080571], [-79.3302896335811, 43.7015771170534], [-79.3306094268636, 43.7016430664286], [-79.3307898248595, 43.7016479336954], [-79.3309372092653, 43.7016519142228], [-79.3313065429428, 43.7016655744145], [-79.3316169310473, 43.7017724454783], [-79.3318220220867, 43.7019940078215], [-79.3318675852187, 43.7022497921142], [-79.3318949364953, 43.7025408170317], [-79.3319892482964, 43.702805970904], [-79.3321227042759, 43.7030451420065], [-79.3322329770618, 43.7031312665185], [-79.3323574254139, 43.7032284644818], [-79.3324884831694, 43.703282816922], [-79.3325975321523, 43.7033141395895], [-79.3329030754331, 43.7033685037128], [-79.3330946539001, 43.7033794954705], [-79.3330981290516, 43.703374297846], [-79.3332100380124, 43.7032423407812], [-79.3334388109179, 43.7030750526522], [-79.3336837091976, 43.7030390171297], [-79.3337877369268, 43.7030237040792], [-79.3341585009224, 43.7030169696944], [-79.3345190805475, 43.7030499869273], [-79.3346972012152, 43.7030860787408], [-79.3349038681193, 43.7031279632998], [-79.3354210503297, 43.7032082622499], [-79.335297925184, 43.7032557104745], [-79.3350537132897, 43.7035440198874], [-79.3350642560171, 43.7038620329093], [-79.3352962764467, 43.7041707599535], [-79.3354428259575, 43.7042693551635], [-79.3356515480434, 43.704409805003], [-79.3358321099627, 43.7045215544253], [-79.3360123752229, 43.7046331047591], [-79.3364421139152, 43.7048351689928], [-79.3369180106899, 43.7049964318715], [-79.337365163762, 43.7050877202049], [-79.3378348724982, 43.7051575267673], [-79.3381723492719, 43.7053436292925], [-79.3381825359937, 43.7056525762575], [-79.3378844847606, 43.7059333269905], [-79.3375428467661, 43.706171186208], [-79.337284407244, 43.7064437374071], [-79.3372028986524, 43.7067507451135], [-79.3374079660476, 43.7069994632155], [-79.3378145797603, 43.7072215892912], [-79.3380316611749, 43.7074708807802], [-79.3379090254148, 43.7077074852569], [-79.3375444387256, 43.707786953466], [-79.3368711225467, 43.7079337140659], [-79.3363881369994, 43.7080389871537], [-79.3338689752383, 43.708588058405], [-79.3314657020559, 43.7091194043977], [-79.3293913072443, 43.7095801536712], [-79.3290195596575, 43.7096740931707], [-79.3271083192539, 43.7101032161235], [-79.3235315804681, 43.7108808246516], [-79.3219166671647, 43.7112428443731], [-79.320331928297, 43.7115913955], [-79.3199008799518, 43.7116672102373], [-79.3194456919993, 43.7125666183291], [-79.3192967975211, 43.7126969011974], [-79.3193438403849, 43.7133045697558], [-79.3195365931049, 43.7134218993324], [-79.3195052763959, 43.7156407686333], [-79.3133485833286, 43.7169947601114], [-79.3119922016937, 43.7172806314863]]]]}"
132,Henry Farm,53,22046,62,63,73,74,76,86,87,99,96,423.266,407.4769,447.3587,426.3901,412.3264,442.023,427.6445,469.3055,435.4532,14,12,10,15,16,23,21,33,27,95.57619,77.61465,61.28202,86.43042,86.80556,118.2155,103.2245,156.4352,156.4352,4,2,1,3,1,6,12,19,7,27.30748,12.93577,6.128202,17.28609,5.425347,30.83882,58.98545,90.06873,90.06873,38,26,12,28,22,39,33,24,36,259.4211,168.1651,73.53842,161.3368,119.3576,200.4523,162.21,113.771,163.2949,,1,,1,1,,,,,,6,,6,5.425347,,,,,7,6,6,12,10,7,6,8,12,47.78809,36.76921,69.14434,54.25347,35.97862,29.49273,37.92368,54.43164,38.80732,,4,,1,2,4,3,,2,,25.87155,,5.762028,10.85069,20.55921,14.74636,,9.07194,58,37,44,23,24,84,40,100,58,395.9585,239.3118,269.6409,132.5266,130.2083,431.7434,196.6182,474.046,263.0863,4,3,1,9,5,13,6,6,10,27.30748,19.40366,6.128202,51.85825,27.12674,66.81744,29.49273,28.44276,45.3597,"{'type': 'MultiPolygon', 'coordinates': [[[[-79.3277253139075, 43.7747114084736], [-79.3267023513025, 43.774675171099], [-79.326062312067, 43.7746999068526], [-79.3253152209215, 43.7747707671466], [-79.3244342877849, 43.7749404041026], [-79.3230203344156, 43.7752532279587], [-79.3225527719192, 43.7742196552545], [-79.3222135641067, 43.7735100437694], [-79.322075025285, 43.7731776754427], [-79.3215213194896, 43.771950052258], [-79.3211435085829, 43.7711267820077], [-79.3211180315471, 43.7710689991711], [-79.3210724053403, 43.7709655587177], [-79.3210267907236, 43.7708621535294], [-79.3209812147433, 43.7707587939075], [-79.3209326312723, 43.7706560410392], [-79.3208822320663, 43.7705537989871], [-79.3208311366989, 43.770451753766], [-79.3207791351874, 43.7703499500085], [-79.3207263868272, 43.7702483342316], [-79.3206729060644, 43.770146878735], [-79.3206186662492, 43.7700456479529], [-79.320576406208, 43.7699680001484], [-79.3205637069262, 43.7699446496683], [-79.3205079758934, 43.7698439290317], [-79.3204513874692, 43.769743395646], [-79.3204057719986, 43.7696620618579], [-79.3203608220311, 43.769578351852], [-79.3203385043688, 43.7695358495375], [-79.3203167290368, 43.769494391517], [-79.3202735193098, 43.7694102622736], [-79.320230882068, 43.769325881222], [-79.3201891648926, 43.7692413480115], [-79.3201481809194, 43.7691565914677], [-79.3201079428244, 43.7690716468922], [-79.3200685875133, 43.7689864613761], [-79.3200300526231, 43.7689011321437], [-79.3199921893053, 43.768815561568], [-79.3199551701901, 43.768729929561], [-79.3199319966038, 43.7686747967854], [-79.3199190349221, 43.7686439737981], [-79.3198892054264, 43.7685717198422], [-79.3196773066424, 43.7685629423797], [-79.3196096411702, 43.7683960621286], [-79.3195994612258, 43.7683738128244], [-79.3197973690765, 43.7683719106892], [-79.3206012973827, 43.7683641472175], [-79.3212475556289, 43.768364404264], [-79.3218936907111, 43.7683641345298], [-79.3225398159366, 43.7683632397391], [-79.3231859789406, 43.7683617485027], [-79.3238321201417, 43.7683596581451], [-79.3244782493222, 43.7683571515854], [-79.3260097149363, 43.7683289515208], [-79.328875191555, 43.768231906307], [-79.3299441214347, 43.7681695309931], [-79.3320679772398, 43.7680490756843], [-79.3339666074716, 43.7679292713948], [-79.3355505952513, 43.7678293175252], [-79.3356352953473, 43.767823983992], [-79.3371042985834, 43.767737839829], [-79.3372609408068, 43.7677269109135], [-79.3373693332203, 43.7677193511972], [-79.3374817253633, 43.7677115083328], [-79.3375508616561, 43.7677060261593], [-79.3375802423192, 43.7677040154165], [-79.3380115577897, 43.7676745369611], [-79.3386212271941, 43.7676339943259], [-79.3387918188655, 43.7676226592814], [-79.3389654915897, 43.7676111031613], [-79.3406291587525, 43.7675003800905], [-79.3436391660776, 43.7673156841842], [-79.3467810543864, 43.7671434891891], [-79.3487966522601, 43.7670148374646], [-79.3507488237057, 43.7669050050481], [-79.3533881832554, 43.7667895513598], [-79.356984927188, 43.7666187745308], [-79.3593118435112, 43.7665105883514], [-79.3596672090423, 43.7664940760439], [-79.3596638492462, 43.7665600862746], [-79.35966922876, 43.7666657221632], [-79.3596712720886, 43.7666845098374], [-79.359686142409, 43.7668215977907], [-79.3597096783559, 43.7669387858733], [-79.3597125506938, 43.7669479262607], [-79.3597466776013, 43.7670565489707], [-79.359793636367, 43.7671588956981], [-79.3598441679723, 43.7672580334441], [-79.3598688973988, 43.7673005230915], [-79.3599258633031, 43.7673682185455], [-79.3600030980472, 43.7674253716136], [-79.3600731382469, 43.7674733348246], [-79.3602288264339, 43.7675981736349], [-79.3603834696064, 43.7677244504356], [-79.3605298460837, 43.7678429588594], [-79.3606302256205, 43.7679465588022], [-79.3607175635225, 43.7680506648421], [-79.360793860782, 43.7681752624462], [-79.3608266383509, 43.7682831631686], [-79.3608481470774, 43.7684188101363], [-79.3608497793014, 43.7685504993515], [-79.3608491662477, 43.7687078934684], [-79.3608687667105, 43.768873970808], [-79.3608955992797, 43.7690492474338], [-79.3609075106436, 43.7692050357622], [-79.3608969419602, 43.7693274480885], [-79.3609079841389, 43.7694618401261], [-79.3609849509438, 43.7696306878189], [-79.3610831606918, 43.7697563648286], [-79.3611727142928, 43.7698539826875], [-79.3612775600799, 43.7699409712172], [-79.3613947953682, 43.7700143832526], [-79.3615249432464, 43.770090916436], [-79.3616500152213, 43.7701865879093], [-79.3617694617094, 43.7703039189511], [-79.3618855951608, 43.7703979863022], [-79.3620324627081, 43.770517600055], [-79.3621240109636, 43.7705811595056], [-79.3621989866592, 43.7706136004159], [-79.3623208868544, 43.7706475646767], [-79.3624474302319, 43.770676890011], [-79.3625644839635, 43.7707227297782], [-79.3626594827444, 43.7707711084695], [-79.3627776096397, 43.7708311352357], [-79.3629220286566, 43.7708984660273], [-79.3630421816259, 43.7709748317678], [-79.3631888151018, 43.771051283191], [-79.3633169940213, 43.7711270559195], [-79.3634871426988, 43.7712198541769], [-79.3635737010975, 43.7712833256896], [-79.363678633133, 43.7713511038234], [-79.3637321793166, 43.7713905388506], [-79.3637774173973, 43.7714238521107], [-79.3638767399672, 43.7714784628442], [-79.3639037195252, 43.771495237707], [-79.3639437921152, 43.7715219645554], [-79.364139311048, 43.7716523635325], [-79.3639263873914, 43.7716709131165], [-79.3636448587831, 43.7716954208053], [-79.3629848207289, 43.7717740760198], [-79.3629472961485, 43.7717786129049], [-79.3622530473696, 43.7718625964456], [-79.3617805327511, 43.771920200336], [-79.3615609157258, 43.7719591167724], [-79.3613560608461, 43.7719899763832], [-79.3610848864988, 43.7720318899548], [-79.3606890609855, 43.772110924142], [-79.3596144851204, 43.7723614710989], [-79.3588068332212, 43.7725482584873], [-79.3586688492782, 43.772581149673], [-79.357561465131, 43.7728149840164], [-79.3571880525589, 43.7728938366066], [-79.3553678304917, 43.7732862667875], [-79.353921059639, 43.773609378021], [-79.3533266758653, 43.7737382157188], [-79.3516791400088, 43.7741020045883], [-79.3484448819934, 43.7748089079586], [-79.3470442021648, 43.7751157548555], [-79.3447568194792, 43.7756025959121], [-79.3437258917278, 43.7758433043954], [-79.3430512720007, 43.7759933653504], [-79.3426170074944, 43.7760832023531], [-79.3418975095461, 43.7762012051129], [-79.3416547863254, 43.776224344371], [-79.3414279098742, 43.7762304926638], [-79.3412454626334, 43.7762249108121], [-79.3411727971762, 43.7762226854214], [-79.3410367319892, 43.7762185175905], [-79.3410164138298, 43.7762165992254], [-79.3405160245483, 43.776169203476], [-79.3399164865947, 43.776067742066], [-79.3396316526572, 43.7760442815174], [-79.3395495327705, 43.7760375140011], [-79.337755549686, 43.7758413131966], [-79.3358672260834, 43.7756054688648], [-79.3351454281258, 43.7755312503712], [-79.3350920522232, 43.7755257637147], [-79.3347130403705, 43.7754867900028], [-79.3346116973344, 43.7754786502257], [-79.3338366973596, 43.7754135187789], [-79.3317976861767, 43.7751855074131], [-79.3312399424375, 43.7751082021324], [-79.3292081028387, 43.7748729544858], [-79.3288022956311, 43.7748287550696], [-79.3277253139075, 43.7747114084736]]]]}"
133,Bayview Village,52,25106,83,106,78,60,62,70,70,71,118,404.3061,500.8742,356.3922,266.5127,267.1493,293.8584,288.3269,288.6766,470.0072,25,14,14,21,9,38,28,41,59,121.7789,66.15319,63.96783,93.27944,38.77973,159.5231,115.3307,166.7005,166.7005,8,11,25,12,15,9,46,11,7,38.96926,51.97751,114.2283,53.30254,64.63289,37.78179,189.472,44.72454,44.72454,47,34,33,40,50,37,30,29,30,228.9444,160.6577,150.7813,177.6751,215.4429,155.3251,123.5687,117.9101,119.4933,,,,,1,,1,,,,,,,4.308859,,4.118956,,,3,5,11,9,6,15,18,4,9,14.61347,50.26044,39.9769,25.85315,62.96965,74.1412,16.26347,35.848,23.62614,,1,,,1,1,1,3,5,,4.725228,,,4.308859,4.197977,4.118956,12.1976,19.91556,85,23,42,30,30,52,59,45,85,414.0484,108.6802,191.9035,133.2563,129.2658,218.2948,243.0184,182.964,338.5645,8,9,5,7,7,12,12,9,6,38.96926,42.52705,22.84566,31.09315,30.16201,50.37572,49.42746,36.5928,23.89867,"{'type': 'MultiPolygon', 'coordinates': [[[[-79.3834956564608, 43.7640903313715], [-79.3871553427542, 43.7633203333101], [-79.387195870111, 43.7634781734171], [-79.3872616619625, 43.7637406854504], [-79.3872974967429, 43.7638712293148], [-79.3873344992308, 43.7640017824426], [-79.3873726937393, 43.7641323649839], [-79.3874116386324, 43.7642674383531], [-79.3874513942533, 43.7643935212237], [-79.3874932796197, 43.7645239901346], [-79.3875335774761, 43.7646591734847], [-79.3875918879279, 43.7648257791857], [-79.3876084546416, 43.764886967267], [-79.3878430408884, 43.765754047618], [-79.3880594567708, 43.7665978773443], [-79.3881075022061, 43.7669028214582], [-79.3882222274019, 43.767378871022], [-79.3882670431914, 43.7675644917962], [-79.3884188226679, 43.7682002855352], [-79.3885808513066, 43.7690641418676], [-79.3886657919154, 43.7693895455684], [-79.3888338173627, 43.7701041503107], [-79.3889789163665, 43.7707523487221], [-79.3891901143935, 43.7716615365948], [-79.3893661645546, 43.7724503900068], [-79.3893893388503, 43.7725542134409], [-79.3895865125772, 43.7734845666597], [-79.3896009935717, 43.7735464461738], [-79.3897872040016, 43.7743421217571], [-79.3899850247531, 43.7752507283902], [-79.3901888420988, 43.7761039823077], [-79.3903982604767, 43.7770628254879], [-79.3904683952083, 43.7774191672095], [-79.3906188489724, 43.7780515440024], [-79.3909204295755, 43.7793833559688], [-79.3909962628129, 43.7797167045979], [-79.3911412170993, 43.7803334221351], [-79.3912466844589, 43.7808031851088], [-79.391260526623, 43.7808636138568], [-79.391377678112, 43.7814135516581], [-79.3914980658715, 43.7819410346048], [-79.3917128491593, 43.7829238404575], [-79.3919219643219, 43.7838779180261], [-79.3921122073793, 43.7847726319533], [-79.3921506736216, 43.7850142048656], [-79.3917657963759, 43.7851012059644], [-79.3913716918305, 43.785192320201], [-79.3905297420695, 43.785389875427], [-79.3896121364336, 43.7856128866706], [-79.3890687713197, 43.7857371710875], [-79.388255858801, 43.7859189311483], [-79.3866501325331, 43.7862636064264], [-79.3856925970031, 43.7864702820511], [-79.3843725955368, 43.7867646423396], [-79.3828116252115, 43.7870980925237], [-79.3802231597258, 43.7876644077358], [-79.3778128964381, 43.7881875320445], [-79.3758982241775, 43.7885982348093], [-79.3756718592535, 43.7886484944696], [-79.3748850738004, 43.7888231853687], [-79.3746214644242, 43.7888817098211], [-79.3745460481698, 43.7888973613457], [-79.3741985893659, 43.7889695012373], [-79.3732904592271, 43.7891580173554], [-79.3730605916956, 43.7892234255872], [-79.371531069215, 43.7895497085978], [-79.3703280615026, 43.7898108508601], [-79.3695214835413, 43.7899933941807], [-79.3689653187316, 43.7900641190032], [-79.3683876298261, 43.7900449399083], [-79.3680703025389, 43.7900207026897], [-79.3678982418122, 43.7893409267954], [-79.3676591336773, 43.7884720850572], [-79.3676377942286, 43.7883734977688], [-79.3675572317654, 43.7880011167373], [-79.3675111094566, 43.7877880158054], [-79.3673234613675, 43.786971133053], [-79.3672924742658, 43.7868362328061], [-79.366994160369, 43.7856186524837], [-79.3669594413934, 43.7854805069758], [-79.3669410851747, 43.7853937056617], [-79.3669212155752, 43.7852997283817], [-79.3668415666032, 43.7849228479782], [-79.3667721485427, 43.7846222903636], [-79.3667075185412, 43.784342441197], [-79.3666674875168, 43.784169086337], [-79.3665644453673, 43.7837483960497], [-79.3664112706945, 43.7830559570518], [-79.3661969873453, 43.7821734403881], [-79.3661544244768, 43.7819893436964], [-79.3660711103364, 43.781616625688], [-79.3660400625346, 43.7814506163563], [-79.3658849644498, 43.7807676072895], [-79.3658125657814, 43.7804487017601], [-79.3655436781073, 43.779282825091], [-79.3655311772354, 43.7792286330864], [-79.3653236410171, 43.7782967507628], [-79.3652132011091, 43.777776839413], [-79.365148298896, 43.7774805795357], [-79.3650769786197, 43.7771551125069], [-79.3650558900491, 43.7770589105359], [-79.3649541910366, 43.776570782725], [-79.3647832744168, 43.7757358310989], [-79.3647519410577, 43.7755827564041], [-79.3647281533735, 43.7754665410051], [-79.3646307291632, 43.77496910201], [-79.3645962729696, 43.7748520739103], [-79.364454296685, 43.7740061109761], [-79.36433066129, 43.7733848024894], [-79.3642859413164, 43.7731600078338], [-79.3641735319295, 43.7726071853371], [-79.3641427036409, 43.7723263658175], [-79.3641173525076, 43.7718705529756], [-79.3641186098288, 43.7718580243078], [-79.364139311048, 43.7716523635325], [-79.3639437921152, 43.7715219645554], [-79.3639037195252, 43.771495237707], [-79.3638767399672, 43.7714784628442], [-79.3637774173973, 43.7714238521107], [-79.3637321793166, 43.7713905388506], [-79.363678633133, 43.7713511038234], [-79.3635737010975, 43.7712833256896], [-79.3634871426988, 43.7712198541769], [-79.3633169940213, 43.7711270559195], [-79.3631888151018, 43.771051283191], [-79.3630421816259, 43.7709748317678], [-79.3629220286566, 43.7708984660273], [-79.3627776096397, 43.7708311352357], [-79.3626594827444, 43.7707711084695], [-79.3625644839635, 43.7707227297782], [-79.3624474302319, 43.770676890011], [-79.3623208868544, 43.7706475646767], [-79.3621989866592, 43.7706136004159], [-79.3621240109636, 43.7705811595056], [-79.3620324627081, 43.770517600055], [-79.3618855951608, 43.7703979863022], [-79.3617694617094, 43.7703039189511], [-79.3616500152213, 43.7701865879093], [-79.3615249432464, 43.770090916436], [-79.3613947953682, 43.7700143832526], [-79.3612775600799, 43.7699409712172], [-79.3611727142928, 43.7698539826875], [-79.3610831606918, 43.7697563648286], [-79.3609849509438, 43.7696306878189], [-79.3609079841389, 43.7694618401261], [-79.3608969419602, 43.7693274480885], [-79.3609075106436, 43.7692050357622], [-79.3608955992797, 43.7690492474338], [-79.3608687667105, 43.768873970808], [-79.3608491662477, 43.7687078934684], [-79.3608497793014, 43.7685504993515], [-79.3608481470774, 43.7684188101363], [-79.3608266383509, 43.7682831631686], [-79.360793860782, 43.7681752624462], [-79.3607175635225, 43.7680506648421], [-79.3606302256205, 43.7679465588022], [-79.3605298460837, 43.7678429588594], [-79.3603834696064, 43.7677244504356], [-79.3602288264339, 43.7675981736349], [-79.3600731382469, 43.7674733348246], [-79.3600030980472, 43.7674253716136], [-79.3599258633031, 43.7673682185455], [-79.3598688973988, 43.7673005230915], [-79.3598441679723, 43.7672580334441], [-79.359793636367, 43.7671588956981], [-79.3597466776013, 43.7670565489707], [-79.3597125506938, 43.7669479262607], [-79.3597096783559, 43.7669387858733], [-79.359686142409, 43.7668215977907], [-79.3596712720886, 43.7666845098374], [-79.35966922876, 43.7666657221632], [-79.3596638492462, 43.7665600862746], [-79.3596672090423, 43.7664940760439], [-79.360141636506, 43.7664720468128], [-79.3627829960466, 43.7663561264194], [-79.3629310390089, 43.7663493374407], [-79.365261632981, 43.7662422486654], [-79.3657650115134, 43.7662191318416], [-79.3690814013066, 43.766068500847], [-79.3715843520901, 43.7659459623911], [-79.3717940254103, 43.7659323546329], [-79.3720035870429, 43.7659180975308], [-79.3722130382657, 43.765903281141], [-79.3724224414092, 43.7658879432671], [-79.3726317713456, 43.765871956599], [-79.3728409527943, 43.7658553938955], [-79.3730500367165, 43.7658382540824], [-79.373259084206, 43.7658204831073], [-79.3734680333559, 43.7658020728861], [-79.3736768718057, 43.7657832042182], [-79.3738855624735, 43.765763640679], [-79.3740942544489, 43.7657435194465], [-79.3743027116924, 43.7657227939447], [-79.374511181677, 43.765701501009], [-79.3747193803671, 43.7656795771747], [-79.374927592029, 43.765657122826], [-79.3751355677163, 43.7656341092122], [-79.375337067327, 43.7656081354559], [-79.3755393378355, 43.7655813520642], [-79.3757413616483, 43.7655540371892], [-79.3759432492659, 43.7655261014651], [-79.3761450133933, 43.7654975342687], [-79.3763465432029, 43.7654683907493], [-79.3765479624409, 43.765438642954], [-79.3767492584149, 43.765408346526], [-79.3769502693549, 43.7653774190352], [-79.3771511818321, 43.7653458523283], [-79.3773518726747, 43.7653137445979], [-79.3775524143934, 43.7652810329485], [-79.3777526837435, 43.7652477723544], [-79.3779528680494, 43.7652138808413], [-79.3781529041871, 43.7651793494103], [-79.3783525809822, 43.7651442687039], [-79.3785521091633, 43.7651086561201], [-79.3787515522769, 43.7650724126201], [-79.3789507222073, 43.7650355571445], [-79.3791496321742, 43.7649981520078], [-79.3793483206424, 43.7649601068194], [-79.3795468966737, 43.7649214312305], [-79.3797450773885, 43.7648822950023], [-79.3805773397963, 43.7647078340836], [-79.3824390563685, 43.7643152786586], [-79.3834956564608, 43.7640903313715]]]]}"
134,Newtonbrook East,50,17118,76,76,94,81,88,85,60,85,81,466.8878,470.7631,585.8888,497.7264,530.6959,504.8105,354.1703,501.1497,473.1861,15,8,8,11,14,28,39,43,56,92.14891,49.55401,49.86288,67.59248,84.4289,166.2905,230.2107,253.5228,253.5228,9,8,9,9,6,7,1,8,9,55.28935,49.55401,56.09574,55.30294,36.18382,41.57263,5.902839,47.16703,47.16703,36,50,42,56,64,53,38,27,38,221.1574,309.7126,261.7801,344.1072,385.9607,314.7642,224.3079,159.1887,221.9886,,1,1,,1,,,,,,6,6,,6.030636,,,,,8,8,10,19,7,10,15,9,9,49.14609,62.3286,116.7506,42.21445,59.38948,88.54259,53.06291,52.57624,49.55401,,,2,,1,,1,1,4,,,12.46572,,6.030636,,5.902839,5.895879,23.36722,22,33,26,39,34,58,46,34,22,135.1517,204.4103,162.0544,239.6461,205.0416,344.459,271.5306,200.4599,128.5197,1,6,5,9,4,9,10,8,9,6.143261,37.16551,31.1643,55.30294,24.12254,53.45053,59.02839,47.16703,52.57624,"{'type': 'MultiPolygon', 'coordinates': [[[[-79.4149360251238, 43.7799175927469], [-79.4155809535054, 43.7797776879797], [-79.4157925778483, 43.7807378810109], [-79.4160049522169, 43.7816462900943], [-79.4161634114869, 43.7822709694378], [-79.4163291032417, 43.782924204946], [-79.4163473254227, 43.7830160845822], [-79.4164567221305, 43.7834413428746], [-79.4164791923035, 43.7835430629756], [-79.4166248391499, 43.7840981264937], [-79.4167245270474, 43.7845123779544], [-79.4168463294519, 43.7849816520916], [-79.4169819611565, 43.7855593997483], [-79.4171275522773, 43.78617930632], [-79.4173537098103, 43.78707738856], [-79.4178267757555, 43.7889864847852], [-79.4179232417727, 43.7893702911075], [-79.4181381130707, 43.7902613425722], [-79.4183642571865, 43.7911822752381], [-79.4184780042412, 43.7916557898423], [-79.4185791413127, 43.792073352816], [-79.4187974984944, 43.792964837177], [-79.419017801723, 43.793818625176], [-79.4192126953631, 43.7946289550598], [-79.4194259108531, 43.7954855359828], [-79.4196344379535, 43.7963311958092], [-79.4198227014309, 43.7971682798217], [-79.4200872553679, 43.7980082703735], [-79.4197377974824, 43.7981082443127], [-79.4194376954785, 43.7981745517749], [-79.418940525669, 43.7982844007824], [-79.4170907395536, 43.7986814012363], [-79.4144729247272, 43.7992608818181], [-79.4118646651007, 43.7998322273299], [-79.4092606964458, 43.8004097629207], [-79.4062553415649, 43.8010651663778], [-79.403680422599, 43.801633561822], [-79.4024828371536, 43.8018979621913], [-79.4016992334683, 43.8020739199442], [-79.4008964796933, 43.8022541583588], [-79.399481141776, 43.8025644693695], [-79.3991208827997, 43.8026434699071], [-79.398502895267, 43.8027789387251], [-79.3978004979003, 43.802934094711], [-79.3973090057777, 43.8030426486523], [-79.3968599079231, 43.8031418417405], [-79.3962333079765, 43.8032787305482], [-79.3961534073895, 43.8030343676927], [-79.3960594317713, 43.802816833511], [-79.395990745135, 43.8025851718549], [-79.3959121491203, 43.802250141246], [-79.3958154308564, 43.8018808096537], [-79.395598832129, 43.8009277712183], [-79.3953830842145, 43.7999613476153], [-79.3953046035627, 43.7996418890296], [-79.3951816654913, 43.7991620789721], [-79.3948844508084, 43.7979380581968], [-79.3944511470221, 43.7960811572081], [-79.3942304796107, 43.795133800713], [-79.3940114839588, 43.7941596838984], [-79.3935996352622, 43.7923063719149], [-79.3933570521272, 43.7911359979896], [-79.3931590405434, 43.7900881069619], [-79.3931306672411, 43.7899379505064], [-79.3929969668924, 43.7892367536925], [-79.3929603500349, 43.7890764538273], [-79.392924385257, 43.7888986932584], [-79.3927491001801, 43.7880321688227], [-79.3926795113559, 43.7877179002058], [-79.3925385151306, 43.7869817439911], [-79.3923929855522, 43.786246618587], [-79.3922608635407, 43.7855960713949], [-79.3922023523909, 43.7852384811956], [-79.3921506736216, 43.7850142048656], [-79.3924059352034, 43.7849018775038], [-79.3925873398131, 43.7848547462874], [-79.3929617351451, 43.7847566609038], [-79.3932829335118, 43.7846694257329], [-79.3936102560905, 43.7845964070557], [-79.3947036405712, 43.7843556848054], [-79.3959563994817, 43.7840896057657], [-79.3963417945314, 43.783990205091], [-79.3970571152101, 43.7838368781914], [-79.3976919829894, 43.783700783491], [-79.3979827512145, 43.7836372256541], [-79.3987292903336, 43.7834740239179], [-79.3992997990121, 43.7833493128779], [-79.400610235319, 43.7830551500158], [-79.4018853373252, 43.7827688810536], [-79.4044777573628, 43.7822119521134], [-79.407109035032, 43.7816341491259], [-79.4097210034818, 43.7810654975587], [-79.4123192257775, 43.7804843437947], [-79.4141445532964, 43.7800893005476], [-79.4149360251238, 43.7799175927469]]]]}"
135,Bayview Woods-Steeles,49,13526,35,43,37,31,43,48,33,27,40,264.8305,328.4449,284.8126,236.0646,322.9683,356.4268,244.4263,200.4603,295.7267,16,7,18,21,7,21,16,27,15,121.0654,53.46777,138.5575,159.9147,52.57624,155.9367,118.5097,200.4603,200.4603,2,3,1,2,1,2,3,1,,15.13317,22.91476,7.697637,15.22997,7.510891,14.85112,22.22058,7.424456,7.424456,22,34,33,39,29,21,33,10,10,166.4649,259.7006,254.022,296.9845,217.8158,155.9367,244.4263,74.24456,73.93169,,,,,,1,,,,,,,,,7.425559,,,,7,1,,4,6,6,2,2,2,52.9661,,30.45995,45.06535,44.55335,14.81372,14.84891,14.78634,7.638252,,,1,,3,3,1,,,,,7.697637,,22.53267,22.27668,7.406859,,,23,14,15,6,29,22,34,27,23,174.0315,106.9355,115.4646,45.68992,217.8158,163.3623,251.8332,200.4603,170.0429,4,1,1,3,2,2,2,2,4,30.26634,7.638252,7.697637,22.84496,15.02178,14.85112,14.81372,14.84891,29.57268,"{'type': 'MultiPolygon', 'coordinates': [[[[-79.3682491379341, 43.7909155595264], [-79.3680703025389, 43.7900207026897], [-79.3683876298261, 43.7900449399083], [-79.3689653187316, 43.7900641190032], [-79.3695214835413, 43.7899933941807], [-79.3703280615026, 43.7898108508601], [-79.371531069215, 43.7895497085978], [-79.3730605916956, 43.7892234255872], [-79.3732904592271, 43.7891580173554], [-79.3741985893659, 43.7889695012373], [-79.3745460481698, 43.7888973613457], [-79.3746214644242, 43.7888817098211], [-79.3748850738004, 43.7888231853687], [-79.3756718592535, 43.7886484944696], [-79.3758982241775, 43.7885982348093], [-79.3778128964381, 43.7881875320445], [-79.3802231597258, 43.7876644077358], [-79.3828116252115, 43.7870980925237], [-79.3843725955368, 43.7867646423396], [-79.3856925970031, 43.7864702820511], [-79.3866501325331, 43.7862636064264], [-79.388255858801, 43.7859189311483], [-79.3890687713197, 43.7857371710875], [-79.3896121364336, 43.7856128866706], [-79.3905297420695, 43.785389875427], [-79.3913716918305, 43.785192320201], [-79.3917657963759, 43.7851012059644], [-79.3921506736216, 43.7850142048656], [-79.3922023523909, 43.7852384811956], [-79.3922608635407, 43.7855960713949], [-79.3923929855522, 43.786246618587], [-79.3925385151306, 43.7869817439911], [-79.3926795113559, 43.7877179002058], [-79.3927491001801, 43.7880321688227], [-79.392924385257, 43.7888986932584], [-79.3929603500349, 43.7890764538273], [-79.3929969668924, 43.7892367536925], [-79.3931306672411, 43.7899379505064], [-79.3931590405434, 43.7900881069619], [-79.3933570521272, 43.7911359979896], [-79.3935996352622, 43.7923063719149], [-79.3940114839588, 43.7941596838984], [-79.3942304796107, 43.795133800713], [-79.3944511470221, 43.7960811572081], [-79.3948844508084, 43.7979380581968], [-79.3951816654913, 43.7991620789721], [-79.3953046035627, 43.7996418890296], [-79.3953830842145, 43.7999613476153], [-79.395598832129, 43.8009277712183], [-79.3958154308564, 43.8018808096537], [-79.3959121491203, 43.802250141246], [-79.395990745135, 43.8025851718549], [-79.3960594317713, 43.802816833511], [-79.3961534073895, 43.8030343676927], [-79.3962333079765, 43.8032787305482], [-79.3944351166645, 43.8036614052141], [-79.3927380719688, 43.8040430748755], [-79.3927117006363, 43.8040489992801], [-79.3915905341016, 43.8043028354541], [-79.3894034171433, 43.8047694013048], [-79.388255155733, 43.8050286147962], [-79.3871136857387, 43.8052862658152], [-79.3857868446798, 43.805577277056], [-79.3848664592388, 43.8057828209725], [-79.384711211052, 43.8058162745411], [-79.3833984696664, 43.8060991712317], [-79.3819075887524, 43.8064121756877], [-79.3804608943134, 43.8067476730616], [-79.3786762961855, 43.8071353788447], [-79.3766400386088, 43.8075956767291], [-79.3761009739775, 43.8077189036819], [-79.3744806564376, 43.8080772522211], [-79.372511484166, 43.8085165680319], [-79.3717594588097, 43.8086602305063], [-79.3716972118802, 43.8085505540544], [-79.3716421122105, 43.8084523807575], [-79.3715945051069, 43.8083202893948], [-79.3715569710051, 43.8082207313307], [-79.3715488735228, 43.8081889842733], [-79.371541087979, 43.8081619541756], [-79.3715134201242, 43.8080985549443], [-79.3714992501563, 43.8080238657235], [-79.371490622863, 43.8079144923753], [-79.3714998229976, 43.8078204326339], [-79.3715211224215, 43.8077237668075], [-79.3715651395875, 43.807622211636], [-79.3716288414775, 43.8075164297545], [-79.3716827195156, 43.807406784822], [-79.3717431788203, 43.807317237078], [-79.3717757926479, 43.8072360746668], [-79.3717599298903, 43.8071210951803], [-79.3717306222132, 43.8069934621261], [-79.3717025057667, 43.806872734738], [-79.3716608111219, 43.8067429821449], [-79.3716326568323, 43.806634225462], [-79.3716053241446, 43.8065073606137], [-79.3715647151855, 43.8063642061969], [-79.3715369250389, 43.8062362507665], [-79.3715308608955, 43.8061370970611], [-79.3715406544213, 43.8060967201692], [-79.3716056940586, 43.8060504463261], [-79.3718495350885, 43.8059269633081], [-79.3715886675227, 43.8048778602994], [-79.3714975425022, 43.8045182986181], [-79.3711827362956, 43.8031970840375], [-79.3709596217007, 43.8022641001007], [-79.3707251599192, 43.8013121010137], [-79.3704906404621, 43.8004068358294], [-79.3703013274574, 43.7996161517726], [-79.370086153329, 43.7987760932229], [-79.3697506670657, 43.7973864495546], [-79.369524041504, 43.7964998411471], [-79.3694039600468, 43.7959585922484], [-79.3692616615863, 43.795349178899], [-79.3692019400018, 43.7950988337691], [-79.3691411662267, 43.794846381126], [-79.369076427298, 43.7945774527383], [-79.3690015796709, 43.7942665849383], [-79.3689316826561, 43.7939762630081], [-79.3687332546141, 43.7931444742256], [-79.3685698957458, 43.7923252641563], [-79.3684771963449, 43.7919696214172], [-79.3684525509906, 43.7918529383503], [-79.3683916272405, 43.7915644719196], [-79.3683653797864, 43.7914358783888], [-79.3683300979824, 43.7912630161893], [-79.3682491379341, 43.7909155595264]]]]}"
136,Hillcrest Village,48,17873,65,58,41,52,70,68,50,44,41,365.9086,330.635,236.0935,296.6682,394.7665,380.4196,279.6264,247.4691,229.3963,11,10,22,18,25,27,23,40,16,61.92299,57.00604,126.6843,102.6928,140.988,151.049,128.6282,224.9719,224.9719,4,4,3,7,8,9,,4,,22.51745,22.80242,17.27514,39.9361,45.11617,50.34965,,22.49719,22.49719,35,48,34,31,42,35,18,20,31,197.0277,273.629,195.7849,176.8599,236.8599,195.8042,100.6655,112.4859,173.446,,,,,,1,,1,,,,,,,5.594406,,5.624297,,17,7,15,27,17,17,14,9,32,95.69917,86.37568,154.0392,95.87187,95.1049,78.29539,50.61867,179.041,39.90423,1,,,1,1,2,,1,1,5.629363,,,5.705157,5.639522,11.18881,,5.624297,5.595032,27,46,21,20,37,46,30,56,27,151.9928,262.2278,120.9259,114.1031,208.6623,257.3427,167.7758,314.9606,151.0659,6,5,2,4,8,6,8,4,5,33.77618,28.50302,11.51676,22.82063,45.11617,33.56643,44.74023,22.49719,27.97516,"{'type': 'MultiPolygon', 'coordinates': [[[[-79.3670572152719, 43.7900471803222], [-79.3672908879542, 43.7900296211159], [-79.3674886404297, 43.790028518369], [-79.3676942889185, 43.7900304308675], [-79.3678825091463, 43.7900302609009], [-79.3680703025389, 43.7900207026897], [-79.3682491379341, 43.7909155595264], [-79.3683300979824, 43.7912630161893], [-79.3683653797864, 43.7914358783888], [-79.3683916272405, 43.7915644719196], [-79.3684525509906, 43.7918529383503], [-79.3684771963449, 43.7919696214172], [-79.3685698957458, 43.7923252641563], [-79.3687332546141, 43.7931444742256], [-79.3689316826561, 43.7939762630081], [-79.3690015796709, 43.7942665849383], [-79.369076427298, 43.7945774527383], [-79.3691411662267, 43.794846381126], [-79.3692019400018, 43.7950988337691], [-79.3692616615863, 43.795349178899], [-79.3694039600468, 43.7959585922484], [-79.369524041504, 43.7964998411471], [-79.3697506670657, 43.7973864495546], [-79.370086153329, 43.7987760932229], [-79.3703013274574, 43.7996161517726], [-79.3704906404621, 43.8004068358294], [-79.3707251599192, 43.8013121010137], [-79.3709596217007, 43.8022641001007], [-79.3711827362956, 43.8031970840375], [-79.3714975425022, 43.8045182986181], [-79.3715886675227, 43.8048778602994], [-79.3718495350885, 43.8059269633081], [-79.3716056940586, 43.8060504463261], [-79.3715406544213, 43.8060967201692], [-79.3715308608955, 43.8061370970611], [-79.3715369250389, 43.8062362507665], [-79.3715647151855, 43.8063642061969], [-79.3716053241446, 43.8065073606137], [-79.3716326568323, 43.806634225462], [-79.3716608111219, 43.8067429821449], [-79.3717025057667, 43.806872734738], [-79.3717306222132, 43.8069934621261], [-79.3717599298903, 43.8071210951803], [-79.3717757926479, 43.8072360746668], [-79.3717431788203, 43.807317237078], [-79.3716827195156, 43.807406784822], [-79.3716288414775, 43.8075164297545], [-79.3715651395875, 43.807622211636], [-79.3715211224215, 43.8077237668075], [-79.3714998229976, 43.8078204326339], [-79.371490622863, 43.8079144923753], [-79.3714992501563, 43.8080238657235], [-79.3715134201242, 43.8080985549443], [-79.371541087979, 43.8081619541756], [-79.3715488735228, 43.8081889842733], [-79.3715569710051, 43.8082207313307], [-79.3715945051069, 43.8083202893948], [-79.3716421122105, 43.8084523807575], [-79.3716972118802, 43.8085505540544], [-79.3717594588097, 43.8086602305063], [-79.3709146077537, 43.808861246794], [-79.3704448536518, 43.8089718243635], [-79.3692713468436, 43.8092480553639], [-79.3677583126854, 43.8096069174766], [-79.3659154720116, 43.8100191185615], [-79.3650840530034, 43.8102050657429], [-79.3648818596252, 43.8102502825112], [-79.3647472039445, 43.8102804120195], [-79.3645790208884, 43.8103180180123], [-79.3627851283877, 43.8107276160596], [-79.3607801998151, 43.8111927631669], [-79.3586045192179, 43.8116877092394], [-79.3575589110942, 43.8119265423468], [-79.3551221988767, 43.8124925833006], [-79.353617634238, 43.8128420328901], [-79.3527212505947, 43.8130488164095], [-79.3524661394964, 43.8131076783525], [-79.3519691285472, 43.8132245628664], [-79.3489879901237, 43.81388356751], [-79.3485590288829, 43.8139783936244], [-79.3467748354387, 43.8143884461484], [-79.3450023730105, 43.814800106452], [-79.3422042936855, 43.8154265978221], [-79.3413211257416, 43.815659367082], [-79.3408865767394, 43.8146235193383], [-79.3401863561969, 43.8130201573423], [-79.3397926509174, 43.8121014307634], [-79.339213093122, 43.810669386545], [-79.338862701412, 43.80980478661], [-79.3384157197448, 43.8087600089009], [-79.3383150612822, 43.808536747308], [-79.3376481132912, 43.8070577019918], [-79.3373609411847, 43.8064081245614], [-79.3371941521091, 43.8060308212541], [-79.3367192513489, 43.8049859514628], [-79.3363200481974, 43.8040942607454], [-79.3358730293274, 43.803076501577], [-79.3355388144609, 43.8023378667176], [-79.3432857372594, 43.7997753936804], [-79.3441032593877, 43.799570556928], [-79.3443318098385, 43.7995132968039], [-79.3444053902182, 43.7994948547534], [-79.3443498113613, 43.7992188586888], [-79.343593613925, 43.7958589565572], [-79.3434598395341, 43.7951743183519], [-79.343511751845, 43.7951667650791], [-79.3435866954073, 43.7951623674173], [-79.3436616738287, 43.7951534683762], [-79.3437362681721, 43.7951400690857], [-79.3437636269573, 43.7951368119746], [-79.3444201577631, 43.7950295049994], [-79.3456696841065, 43.7947492297229], [-79.3474037908028, 43.7943647884384], [-79.3474568812837, 43.7943530042778], [-79.3480501343126, 43.7942064550669], [-79.3484960070455, 43.7941054606001], [-79.3504445578085, 43.7936393019033], [-79.3505935757649, 43.7935975422303], [-79.3508190358357, 43.7935374746956], [-79.3514690889192, 43.7933691543795], [-79.3520177845541, 43.7932343270874], [-79.3522927687962, 43.7931703610321], [-79.3524623308261, 43.7931264110564], [-79.3528438328875, 43.7930409868303], [-79.353640618578, 43.7928757407946], [-79.354740195761, 43.7926691009597], [-79.3558096855314, 43.7924453544658], [-79.3580780472076, 43.7919707735464], [-79.3605543037956, 43.7913945798724], [-79.3630792379306, 43.7908434864564], [-79.3635202954542, 43.7907507178382], [-79.3653403011963, 43.7903514432039], [-79.3655865204753, 43.7902974832206], [-79.3658784469312, 43.7902344848365], [-79.3662653515462, 43.7901502022014], [-79.3665925660865, 43.7900924910967], [-79.3668141288281, 43.7900620465495], [-79.3670572152719, 43.7900471803222]]]]}"
137,Alderwood,20,13304,44,47,39,21,30,36,37,27,43,355.0105,379.8901,314.7954,166.9316,233.6995,275.9467,281.5829,205.2451,323.2111,9,18,17,16,25,15,28,31,68,72.61578,145.4898,137.2185,127.186,194.7496,114.9778,213.0898,235.6518,235.6518,5,2,3,4,9,5,8,,12,40.3421,16.16553,24.21503,31.7965,70.10984,38.32592,60.8828,,,18,28,26,23,23,26,43,17,41,145.2316,226.3175,209.8636,182.8299,179.1696,199.2948,327.2451,129.2284,308.178,1,,,,,,,,3,8.068420203,,,,,,,,22.54961,8,6,10,6,8,5,12,2,7,64.54736,80.71677,47.69475,62.31986,38.32592,91.3242,15.20334,52.61575,48.4966,1,,,,,1,,,1,8.06842,,,,,7.665184,,,7.516536,37,45,45,17,20,54,47,47,37,298.5316,363.7245,363.2254,135.1351,155.7996,413.92,357.6865,357.2786,278.1118,7,3,10,7,7,7,5,4,8,56.47894,24.2483,80.71677,55.64388,54.52987,53.65629,38.05175,30.40669,60.13229,"{'type': 'MultiPolygon', 'coordinates': [[[[-79.538477484676, 43.5954413956108], [-79.541635617457, 43.5938626680737], [-79.5441059540282, 43.5926214763798], [-79.5445892983807, 43.592379761436], [-79.5470686500596, 43.5911521665379], [-79.548113326842, 43.5905511090512], [-79.5483464494765, 43.5904121001301], [-79.54866073337, 43.5902246739615], [-79.5487670112651, 43.5902653961139], [-79.5489088854484, 43.5902975606621], [-79.5489709160557, 43.5902953831186], [-79.5490514088313, 43.5902893079604], [-79.5491393466628, 43.5902716814579], [-79.5492132274718, 43.5902823885745], [-79.5493521440405, 43.5903467701066], [-79.5494349517521, 43.5904304931615], [-79.5494911797094, 43.5905249754019], [-79.5495503475582, 43.5906259003738], [-79.5495799858016, 43.5907354267041], [-79.5496041557341, 43.5909101618214], [-79.5496174584172, 43.5911081874716], [-79.5495963594063, 43.5913242321085], [-79.5496053940527, 43.5915132490997], [-79.5495923961869, 43.5917022854424], [-79.5495739872781, 43.5918913152421], [-79.5495420101005, 43.5920713489259], [-79.5494953540851, 43.592264891418], [-79.5494273781686, 43.5924494420371], [-79.5493122272653, 43.5926340034565], [-79.5492136991834, 43.5928365694641], [-79.5490962053605, 43.5930346429429], [-79.5489968998725, 43.5932282074777], [-79.5488705228579, 43.5934398054114], [-79.5487715762353, 43.5936333787936], [-79.5487167806338, 43.5938269328196], [-79.5486937141494, 43.5940204836077], [-79.5486609701509, 43.5942230298625], [-79.548661521371, 43.5944300632804], [-79.5486833566756, 43.5946460972283], [-79.548735746782, 43.594862110337], [-79.5488122317502, 43.5949619571175], [-79.5488824893835, 43.5950189602622], [-79.5489775396317, 43.5951029668745], [-79.5490353834006, 43.5951389653593], [-79.5491180042579, 43.595168950311], [-79.5494277847852, 43.5952168387519], [-79.549741534567, 43.5952397374771], [-79.5500221591998, 43.59527111109], [-79.5503190125928, 43.5952754815414], [-79.5506348333556, 43.5953023469343], [-79.5509425510953, 43.595324713873], [-79.5512336006887, 43.5953335761022], [-79.5515261774491, 43.5953199424272], [-79.5521094273155, 43.5953106675307], [-79.5523873309691, 43.5953285344774], [-79.5526795665594, 43.5953779080615], [-79.552970266623, 43.5954272731641], [-79.5532454892416, 43.5955081492298], [-79.5535083766568, 43.5956160345148], [-79.5537151772694, 43.5957734536755], [-79.5538128439302, 43.5959489268445], [-79.5539004562996, 43.5961423995848], [-79.5539575073367, 43.5963404045071], [-79.5539286404059, 43.5965384317337], [-79.5538575928488, 43.5967274867293], [-79.5537788064068, 43.5969345481063], [-79.5537371489638, 43.5971235886042], [-79.5536753682511, 43.5973171492719], [-79.5535989141916, 43.5975152252085], [-79.5535313480039, 43.5977087882068], [-79.553487794243, 43.5979113502109], [-79.5535043021162, 43.5980068385715], [-79.5535228142065, 43.5981138756132], [-79.5535918600722, 43.5983028735787], [-79.5536740641404, 43.5984828638212], [-79.5537891815888, 43.5986673393561], [-79.5539213107276, 43.5988428053974], [-79.554081684373, 43.5989957449152], [-79.5542950643535, 43.5991261558501], [-79.5545540825163, 43.5992115373735], [-79.5548320414588, 43.5992834068814], [-79.5551084437856, 43.5993462655413], [-79.5553864414498, 43.5994316365887], [-79.5555719357427, 43.5995395635606], [-79.5556947530371, 43.5996835183145], [-79.5557029672491, 43.5997000949273], [-79.5557750282186, 43.5998455043556], [-79.5558367124296, 43.5999939988562], [-79.5558786617091, 43.6001650051916], [-79.5559078571252, 43.6003405189464], [-79.5559366450664, 43.6005160329432], [-79.5559739837944, 43.6007095549047], [-79.5560124825515, 43.6008985660937], [-79.556060608789, 43.6010515676444], [-79.5561026676087, 43.6011653701545], [-79.5561227167599, 43.6012002942177], [-79.5561468164514, 43.6012497640798], [-79.5561869112766, 43.6013021506898], [-79.5562551359857, 43.6014214852677], [-79.5562712354032, 43.6015117339976], [-79.5562592885022, 43.6015845352818], [-79.5562113382088, 43.6017155743448], [-79.5561553904273, 43.6018640989666], [-79.5561314932296, 43.6020475326485], [-79.5561530100482, 43.6022217274477], [-79.556220531733, 43.602397221877], [-79.5563143686506, 43.6025772048888], [-79.5564584986679, 43.6027211650361], [-79.5566773173014, 43.6028470769283], [-79.5568887630839, 43.602968491459], [-79.5571280745017, 43.603058386823], [-79.5573739896765, 43.6031752824778], [-79.5576078694483, 43.6032696886129], [-79.5578181662792, 43.6033911022271], [-79.5580183920848, 43.6034990174674], [-79.5581954201179, 43.6036339497516], [-79.5583395573569, 43.6037778985974], [-79.5584430536211, 43.6039218776394], [-79.558548872607, 43.6040838497456], [-79.5586647487727, 43.6042323138255], [-79.5588201189611, 43.6043717657457], [-79.5589673611743, 43.6045202135145], [-79.5591006247909, 43.6046371626815], [-79.5592660426438, 43.6047630978023], [-79.5593045888919, 43.6047849510433], [-79.5594484585889, 43.6048665100322], [-79.5595276403078, 43.6049184255362], [-79.5596336186064, 43.6049879330217], [-79.55978513538, 43.6050588029684], [-79.5576289979213, 43.6070029419844], [-79.5571328878633, 43.6074512188341], [-79.5563374445268, 43.6081781466055], [-79.5552838453612, 43.6091409221258], [-79.5551324469442, 43.6092859543206], [-79.5550928856971, 43.6093211874304], [-79.5550535489846, 43.609355942552], [-79.5550141861904, 43.6093906982304], [-79.5549748355446, 43.6094254621522], [-79.5549354730905, 43.6094601997993], [-79.5548962811865, 43.6094924706962], [-79.5548567448255, 43.6095271187783], [-79.5548172464335, 43.6095617835337], [-79.5547780191927, 43.6095966110742], [-79.5547390426996, 43.6096338503376], [-79.5547004985831, 43.6096690736602], [-79.5546619651393, 43.6097043151125], [-79.5546232101772, 43.6097400597742], [-79.5545845286454, 43.609775220092], [-79.5545457740124, 43.6098103263486], [-79.5545067454223, 43.6098452796609], [-79.5544674308753, 43.609879494618], [-79.5544276705033, 43.6099140064567], [-79.5543877746702, 43.6099484292294], [-79.5543479023592, 43.6099824372017], [-79.5543079942628, 43.6100168507869], [-79.5542680724938, 43.610051264185], [-79.5542283618221, 43.6100858125977], [-79.5541892954521, 43.6101191725168], [-79.5541503657623, 43.6101541701753], [-79.5541114112294, 43.6101891684063], [-79.5540718015162, 43.6102258051642], [-79.5540319294233, 43.6102602542221], [-79.5539917964073, 43.6102945234869], [-79.5539515528881, 43.6103287481201], [-79.5539114931519, 43.6103607312714], [-79.5538712984696, 43.6103949826053], [-79.5538310920006, 43.6104292067637], [-79.5537907149718, 43.6104675984945], [-79.5537504712224, 43.6105018230527], [-79.5537102276429, 43.6105360385947], [-79.5536699452387, 43.610570217615], [-79.5536298591208, 43.6106000312724], [-79.553589503119, 43.6106341751174], [-79.5535491093154, 43.6106682914576], [-79.5535086799719, 43.6107023893255], [-79.5534680507193, 43.6107366053022], [-79.5534275469892, 43.6107706490759], [-79.5533870050041, 43.6108046842473], [-79.5533463885505, 43.610839187569], [-79.5533055118707, 43.6108730167856], [-79.5532647220868, 43.6109068894059], [-79.5532244893254, 43.6109410959067], [-79.5531860058866, 43.6109779023767], [-79.5531492826593, 43.6110147356171], [-79.5531132645235, 43.6110513607752], [-79.5530773547634, 43.6110855832303], [-79.5530412257074, 43.6111221277259], [-79.5530050484841, 43.6111616609222], [-79.5529686092824, 43.6111980610058], [-79.5529313617878, 43.6112329228683], [-79.5528929641756, 43.6112682536708], [-79.5528540706319, 43.6113037996791], [-79.5528154362013, 43.6113389770902], [-79.5527784000879, 43.6113727683035], [-79.5527410822023, 43.6114111758799], [-79.5527022499035, 43.6114462273919], [-79.5526628575584, 43.6114783806201], [-79.5526235910635, 43.611513189802], [-79.5525844522794, 43.6115518686979], [-79.5525450622745, 43.6115866051567], [-79.5525053231033, 43.6116196228217], [-79.5524654491882, 43.6116540712996], [-79.5524269395272, 43.6116891943321], [-79.5523887260804, 43.6117246236368], [-79.5523476976818, 43.6117563094359], [-79.5523056561673, 43.6117907592158], [-79.5522653355851, 43.6118249111365], [-79.5522250283564, 43.6118592793074], [-79.5521847206834, 43.6118934574742], [-79.5521433600813, 43.6119277717548], [-79.5521008696582, 43.611960520322], [-79.5520585404779, 43.6119926928601], [-79.5520159403679, 43.6120253607706], [-79.551974529701, 43.612060565749], [-79.5519334415135, 43.6120942594276], [-79.5518904035733, 43.6121240458722], [-79.5518479657341, 43.6121593422362], [-79.5518066898235, 43.6121929002311], [-79.5517648786464, 43.612222425749], [-79.5517218441852, 43.6122547963157], [-79.5516775328894, 43.6122881123117], [-79.5516334438422, 43.6123196014978], [-79.5515933584101, 43.6123539416392], [-79.5515503861458, 43.6123880497963], [-79.5515075482771, 43.6124204290752], [-79.5514640139727, 43.6124490376487], [-79.5514203739758, 43.6124843699387], [-79.5513767433276, 43.6125163168337], [-79.5513331969636, 43.6125452673551], [-79.551287236939, 43.6125782786754], [-79.551241125665, 43.6126068517989], [-79.5511966400706, 43.6126394567833], [-79.5511494891525, 43.6126686424678], [-79.5511052497967, 43.6126997621796], [-79.5510567707354, 43.612726815054], [-79.5510085293094, 43.6127566135325], [-79.5509634596808, 43.6127877784877], [-79.5509156383037, 43.6128163883241], [-79.5508680273577, 43.6128450062106], [-79.5508184081387, 43.6128724650132], [-79.5507685039112, 43.6128985281651], [-79.5506738366515, 43.6129526779604], [-79.5506254577971, 43.6129829715525], [-79.5505758509709, 43.6130092860002], [-79.550524295392, 43.6130334597779], [-79.5504733488069, 43.6130586415975], [-79.5504221300377, 43.6130839577032], [-79.550370613336, 43.6131089323578], [-79.5503186610187, 43.6131319719114], [-79.5502679639698, 43.6131602226585], [-79.5502198817414, 43.6131886254026], [-79.5501694935131, 43.6132154177766], [-79.5501183846845, 43.6132392936027], [-79.5500677110461, 43.6132655825903], [-79.5500167143259, 43.6132911327319], [-79.5499718465944, 43.613313187827], [-79.5499656556966, 43.6133162147587], [-79.549914423635, 43.613342323717], [-79.5498631416818, 43.6133675676372], [-79.5498120452286, 43.6133917946374], [-79.5497603188296, 43.6134186148711], [-79.5497067049222, 43.6134411594525], [-79.5496552240917, 43.6134645135213], [-79.5496026412911, 43.6134895787455], [-79.5495488526533, 43.6135097466861], [-79.5494950904692, 43.6135321119076], [-79.5494268167033, 43.6135648347929], [-79.5494043263652, 43.6135755738322], [-79.5493288536856, 43.6136071113108], [-79.549252621647, 43.6136341488172], [-79.5491759836901, 43.6136656957145], [-79.5491303959927, 43.6136843747508], [-79.5490989877272, 43.6136972335135], [-79.5490219780355, 43.6137287719866], [-79.5490133324887, 43.6137317821116], [-79.5489931447549, 43.6137391630042], [-79.5489316886972, 43.6137616382772], [-79.5488781608157, 43.6137825898557], [-79.548866010752, 43.6137873472677], [-79.5487874618698, 43.6138143946648], [-79.5487471459324, 43.6138282738319], [-79.5487088995288, 43.6138414319325], [-79.5486295654714, 43.6138639699634], [-79.5485502389316, 43.6138955174143], [-79.5484701285234, 43.6139225555675], [-79.5483903987462, 43.6139451019122], [-79.5483195883811, 43.6139676264263], [-79.5482483596302, 43.6139946610768], [-79.5481767602825, 43.6140216954773], [-79.5481047734668, 43.614044229225], [-79.5480327977482, 43.6140667630682], [-79.5479604266649, 43.6140892963451], [-79.5478872623618, 43.6141118312036], [-79.547814497799, 43.6141388658792], [-79.5477409695656, 43.6141568994337], [-79.5476670369933, 43.6141794243891], [-79.5475931133343, 43.6141974582262], [-79.5475187962582, 43.6142199926057], [-79.5474440917713, 43.6142380263277], [-79.5473693872408, 43.6142560600002], [-79.547294310871, 43.6142740943001], [-79.5472192098965, 43.6142921192339], [-79.5471437368871, 43.6143101528951], [-79.5470678640947, 43.6143236866393], [-79.5469916102439, 43.6143417210786], [-79.5469153408278, 43.6143552541812], [-79.546838699799, 43.6143687789066], [-79.5467620616627, 43.6143868128087], [-79.5466854203453, 43.6144003464314], [-79.5466079951257, 43.6144093797516], [-79.546530972687, 43.614427414014], [-79.5464101957653, 43.6144499574171], [-79.5462894278216, 43.6144680096231], [-79.5461682539429, 43.6144905621276], [-79.5460474767688, 43.6145131051435], [-79.5459259402491, 43.6145311570922], [-79.5458043831915, 43.6145537088374], [-79.5456824377765, 43.6145717517229], [-79.5455608762614, 43.6145898029648], [-79.5454385587141, 43.6146078543603], [-79.5453166254791, 43.6146258970098], [-79.5452278785896, 43.6146389568421], [-79.5451938988275, 43.6146439483386], [-79.545071565666, 43.6146574989549], [-79.5449484673242, 43.6146755407864], [-79.5448257622739, 43.6146890909069], [-79.5447026484022, 43.6147026329891], [-79.5445795466721, 43.6147161831966], [-79.5444560483357, 43.6147297327226], [-79.544332946719, 43.6147432736617], [-79.5442094606459, 43.6147568239776], [-79.5440859592116, 43.614765872877], [-79.5439001394673, 43.6147929487593], [-79.5437147052079, 43.6148200148442], [-79.5435285104681, 43.6148425896588], [-79.5433426791105, 43.6148696644854], [-79.5431564729438, 43.6148922385475], [-79.5429702654068, 43.6149148122882], [-79.5427836623996, 43.6149373860856], [-79.5425970678194, 43.6149554495945], [-79.5424100803957, 43.6149780223814], [-79.5422242565351, 43.6150005943957], [-79.5421193375131, 43.6150096350639], [-79.5420144321118, 43.6150186749091], [-79.5419099000002, 43.6150322151043], [-79.5418053814719, 43.6150457553771], [-79.5417012334389, 43.6150592957793], [-79.541597099207, 43.6150728272586], [-79.5414929511072, 43.6150863665695], [-79.5413888165692, 43.6150999068588], [-79.5412850800588, 43.6151179469168], [-79.5411908438889, 43.615130295171], [-79.5411817013931, 43.6151314867596], [-79.5410756418756, 43.6151405263183], [-79.5409296903195, 43.6151675831167], [-79.5408220607385, 43.6151811232923], [-79.5406722455208, 43.6151946784987], [-79.5404728701255, 43.6152217540021], [-79.5402738814072, 43.6152533288792], [-79.5400749022367, 43.6152804033453], [-79.5398759131344, 43.6153119775236], [-79.5396769210027, 43.6153390601341], [-79.5394787024519, 43.6153751346466], [-79.53928010931, 43.6154067083435], [-79.5390818875534, 43.6154382900433], [-79.5388840611579, 43.6154698620465], [-79.5386858392001, 43.615501434952], [-79.5384884001217, 43.6155375159088], [-79.5382909734227, 43.6155735876782], [-79.5380935316138, 43.6156051587269], [-79.5378964874064, 43.6156412302038], [-79.5376994442327, 43.6156773004532], [-79.5375013757717, 43.6157187452201], [-79.5373205618919, 43.6157544588289], [-79.5371500939791, 43.6157920414326], [-79.5369460293916, 43.6158352606092], [-79.5367652298246, 43.6158765901985], [-79.5365715102242, 43.6159198141856], [-79.5364113621428, 43.6159574017613], [-79.5361375581068, 43.6160062579259], [-79.5359360911449, 43.6160438486677], [-79.535737188512, 43.6160833096161], [-79.5355434612166, 43.6161171433168], [-79.5353755429777, 43.6161547226212], [-79.5351583440856, 43.6162000401931], [-79.5333826002269, 43.6165541654282], [-79.5328080450423, 43.6166687403441], [-79.5306725797039, 43.6170788703221], [-79.5304958585272, 43.6171136722035], [-79.5302462797, 43.6171628229847], [-79.5301683712517, 43.6169609596785], [-79.530112235291, 43.6168155205682], [-79.5293768036778, 43.6150967474422], [-79.5293257140765, 43.6149773303867], [-79.5274803859531, 43.6105813680856], [-79.525727912904, 43.6064809048338], [-79.525577170944, 43.6061353467503], [-79.5252347340775, 43.6053695897322], [-79.5252153681307, 43.6053290875393], [-79.5251971530126, 43.6052840846935], [-79.5251801014452, 43.6052390806508], [-79.5251638444317, 43.6051985780458], [-79.5251479452421, 43.605153574461], [-79.5251335949385, 43.6051085701508], [-79.5251192558035, 43.6050635659827], [-79.5251060841881, 43.6050230626637], [-79.525093676531, 43.6049735571116], [-79.5250824490588, 43.6049330536655], [-79.5250715918162, 43.6048880485004], [-79.5250615015519, 43.6048430442274], [-79.5250521931943, 43.604798038338], [-79.5250440483206, 43.6047530330552], [-79.525036684067, 43.6047080279407], [-79.5250300754601, 43.6046630307759], [-79.525023875955, 43.6046180253837], [-79.525019213222, 43.6045775193056], [-79.5250145474153, 43.6045280128025], [-79.5250114319795, 43.6044830066896], [-79.5250087006676, 43.604438000131], [-79.5250067499856, 43.604392992841], [-79.5250024698361, 43.6043479870033], [-79.5249989703175, 43.6043029804343], [-79.5249966355253, 43.6042579735887], [-79.5249946987579, 43.6042174675699], [-79.5249938976452, 43.6041679596135], [-79.5249934831646, 43.6041229622414], [-79.5249942447922, 43.6040779548353], [-79.524995402922, 43.6040329471433], [-79.5249977009708, 43.603987939755], [-79.5250007783975, 43.6039429316193], [-79.5250046374356, 43.6038979326692], [-79.5250092651999, 43.6038574249235], [-79.5250146704945, 43.6038079160203], [-79.5250208470502, 43.6037674084514], [-79.5250277885459, 43.6037179076657], [-79.5250355262948, 43.6036773995327], [-79.5250440170941, 43.6036323901186], [-79.5250536849535, 43.6035873814863], [-79.5250637367142, 43.603542380508], [-79.5250749533643, 43.60349737115], [-79.5250865308629, 43.6034568621382], [-79.5250992935112, 43.6034073518243], [-79.5251124309408, 43.6033668422293], [-79.5251267560808, 43.6033218405617], [-79.5251414546525, 43.6032813312985], [-79.5251572916025, 43.6032363203214], [-79.5251735374132, 43.603191309215], [-79.5251909466389, 43.6031462987112], [-79.5252087412865, 43.6031057969726], [-79.5252265221847, 43.603060785856], [-79.525245096029, 43.603015775063], [-79.5252644117323, 43.6029662628399], [-79.5252845341045, 43.6029212603143], [-79.5253054236478, 43.6028762478741], [-79.5253266984858, 43.6028312358989], [-79.525349124338, 43.6027862243629], [-79.5253719466738, 43.6027412116346], [-79.525396304129, 43.6026961988977], [-79.5254206767238, 43.6026556874448], [-79.525445815927, 43.6026106748776], [-79.5254717344564, 43.6025656615535], [-79.5254984211406, 43.6025206482283], [-79.5255258775378, 43.6024801360159], [-79.5255541253233, 43.6024351221062], [-79.5255827463292, 43.6023946095961], [-79.5256125415627, 43.602349595824], [-79.5256427112791, 43.6023090825664], [-79.5256736463355, 43.6022640681736], [-79.5257053759038, 43.60222355431], [-79.5257378735969, 43.6021830413407], [-79.5257707553737, 43.602142527013], [-79.5258044164423, 43.6021020128222], [-79.5258388468924, 43.6020614986398], [-79.5258740566313, 43.6020209845929], [-79.5259096392795, 43.6019804699417], [-79.5259460136223, 43.6019399546845], [-79.5259831576973, 43.6019039405324], [-79.5260206842117, 43.6018634257029], [-79.5260589900084, 43.6018229110056], [-79.5260980651987, 43.6017823954117], [-79.5261588140199, 43.6017373745586], [-79.5262195611372, 43.6016878525557], [-79.5262814744663, 43.6016428304445], [-79.5263437841695, 43.6015978089077], [-79.5264064518489, 43.6015527874496], [-79.5264699107564, 43.6015032651575], [-79.5265337565586, 43.6014582426098], [-79.5267100029401, 43.6012881466112], [-79.527620669414, 43.6008291363545], [-79.528389411717, 43.6004767032717], [-79.5303634089087, 43.5994988197885], [-79.5313581975575, 43.5989972691754], [-79.5325080260222, 43.5984206217773], [-79.538477484676, 43.5954413956108]]]]}"
138,Long Branch,19,11494,64,67,60,65,57,59,70,95,90,623.2957,649.7915,577.3672,612.4564,524.0897,531.4358,622.6096,838.8521,783.0172,9,15,13,14,11,11,24,41,32,87.65096,145.4757,125.0962,131.9137,101.1401,99.08125,213.4662,362.0309,362.0309,12,10,10,17,35,11,8,11,30,116.8679,96.9838,96.22787,160.1809,321.8095,99.08125,71.15539,97.13024,97.13024,24,33,28,27,39,29,34,15,33,233.7359,320.0465,269.438,254.405,358.5877,261.2142,302.4104,132.4503,287.1063,,,,,,,,1,,,,,,,,,8.830022,,14,14,6,14,10,30,16,1,7,136.3459,57.73672,131.9137,91.94557,270.2216,142.3108,8.830022,60.90134,135.7773,,,,3,,,,3,,,,,28.26722,,,,26.49007,,45,52,19,42,16,44,42,39,45,438.2548,504.3158,182.8329,395.7411,147.1129,396.325,373.5658,344.3708,391.5086,2,4,,3,3,1,4,3,5,19.47799,38.79352,,28.26722,27.58367,9.007386,35.57769,26.49007,43.50096,"{'type': 'MultiPolygon', 'coordinates': [[[[-79.5264715052503, 43.6011830020282], [-79.526237666412, 43.6006808301564], [-79.5241973421156, 43.6011558986758], [-79.5238528522392, 43.6003452300441], [-79.5235212887322, 43.5994977856724], [-79.5231854061506, 43.5986679835813], [-79.5228456657051, 43.5978329703551], [-79.52249705487, 43.5969640484518], [-79.5217282687102, 43.5971361698166], [-79.5213486694036, 43.5962440814435], [-79.521313948201, 43.5961263218732], [-79.5206956038865, 43.5946018960001], [-79.5203475124291, 43.5937662274458], [-79.5199935835531, 43.5929282635584], [-79.5196612346022, 43.5921190909417], [-79.5192541187282, 43.591194719385], [-79.5191424717185, 43.5909917462178], [-79.519056261257, 43.5905907730742], [-79.5190438601244, 43.5905367657407], [-79.5190466314072, 43.5904901383859], [-79.5190573766636, 43.5904782635625], [-79.5190797265751, 43.5904640728952], [-79.5191735558494, 43.5904460100637], [-79.5193391224467, 43.5904118841075], [-79.519372222775, 43.5903657459671], [-79.5194136011851, 43.5903356476357], [-79.5194466975378, 43.590315586825], [-79.5194936288847, 43.5902975303182], [-79.5195422567598, 43.5902846505598], [-79.5196962795039, 43.5902486178826], [-79.5198410172977, 43.5902215885205], [-79.5199973619554, 43.5902035674064], [-79.5201606785809, 43.5901855354986], [-79.5203205054412, 43.5901720052041], [-79.5204408772209, 43.5901674830052], [-79.520565497985, 43.5901629598508], [-79.5207493098597, 43.5901449240568], [-79.5209331476604, 43.5901268874019], [-79.5209616307807, 43.5901255677219], [-79.5211281950734, 43.5901178500265], [-79.5213201518169, 43.5901223152621], [-79.521504751522, 43.5901267813541], [-79.5216827706901, 43.5901177460677], [-79.5218522929636, 43.5901042120686], [-79.5220295316085, 43.5900951760523], [-79.5221897530552, 43.5900816428414], [-79.5223573218407, 43.590077109353], [-79.5225105811394, 43.5900590764251], [-79.5226839516703, 43.5900365392063], [-79.5228526835216, 43.5900320047166], [-79.5230318707696, 43.5900319684223], [-79.5232013789315, 43.590018432238], [-79.5233375999765, 43.5900049024629], [-79.5233999289601, 43.5900363942368], [-79.5234908784215, 43.5900363761023], [-79.5235965104542, 43.5900228515521], [-79.5237156949509, 43.5899913219533], [-79.5238109012158, 43.5899507954885], [-79.5239169210441, 43.5899192685345], [-79.524030312932, 43.5898922405379], [-79.524123960004, 43.5898877196137], [-79.5242067811775, 43.5898787008952], [-79.5243077767714, 43.5898561757436], [-79.5244107186759, 43.5898381506208], [-79.5244815625169, 43.5898561385698], [-79.5245465550539, 43.5898246198392], [-79.5246425091058, 43.5897705900167], [-79.524779893756, 43.5897570582327], [-79.5248735616027, 43.5898065457048], [-79.524964144413, 43.5898470333996], [-79.5250178870696, 43.5898390641704], [-79.5250856738557, 43.5898290035271], [-79.5252342705597, 43.5897974655939], [-79.5253561746897, 43.5897569320474], [-79.525462593858, 43.5897614095357], [-79.5256162448064, 43.5897658758068], [-79.525741245671, 43.5897568463018], [-79.5258488171439, 43.5897343181635], [-79.5259761608233, 43.5897297882066], [-79.5260767808522, 43.5897567696895], [-79.5261835949042, 43.5897297411697], [-79.526269876325, 43.5896757122131], [-79.5264037716226, 43.5896441767908], [-79.5265628266147, 43.5896306377116], [-79.5267381602687, 43.5896305963489], [-79.5269115366475, 43.5896305565042], [-79.5270891850887, 43.5896260136179], [-79.5272358470203, 43.5896214781814], [-79.5273875690564, 43.5896034387074], [-79.5275489479039, 43.5895808962729], [-79.5276924957487, 43.5895358543153], [-79.5278399361558, 43.5894727993685], [-79.527974190979, 43.5893917536852], [-79.5281065160207, 43.5893152084075], [-79.5282485147405, 43.5892431616824], [-79.5283986405041, 43.5891801144749], [-79.5285313521938, 43.5891125704859], [-79.5286420002621, 43.5890270287379], [-79.5287278669124, 43.5889144890179], [-79.5287947587149, 43.5887974533082], [-79.5288922252272, 43.5886804004872], [-79.528988143937, 43.588563357374], [-79.5290751563363, 43.5884418155113], [-79.5291648899272, 43.5883382761003], [-79.5292484221332, 43.5882437391682], [-79.5293393146902, 43.5881582018429], [-79.5294317696789, 43.5880771649418], [-79.5295412520367, 43.5879961237186], [-79.5296252042123, 43.5879510950648], [-79.5297165293119, 43.5879150652559], [-79.5298337707173, 43.5879015320923], [-79.5299579940531, 43.5879059912809], [-79.5300845440574, 43.5879059584406], [-79.530223863408, 43.5879104313933], [-79.5303546671502, 43.5879238896388], [-79.5304773471921, 43.5879148557163], [-79.5305814256643, 43.5879013263322], [-79.5306746761323, 43.5878787968132], [-79.530738934066, 43.5879012837708], [-79.5307842412733, 43.5879642819647], [-79.5308168097221, 43.5880362842875], [-79.5308435370362, 43.5880902863352], [-79.5308485782713, 43.5881172893349], [-79.5308513043068, 43.5881442931901], [-79.5308826489013, 43.588171288515], [-79.5308586998246, 43.5882208124986], [-79.5308025969451, 43.5882613252554], [-79.5307356451365, 43.5882523502423], [-79.5307162714853, 43.5882163498771], [-79.5306744623225, 43.5881893478441], [-79.5306152628248, 43.5882028653923], [-79.5305719394208, 43.5882433928527], [-79.530541010209, 43.5883019111813], [-79.5305394891622, 43.5883559201985], [-79.5305515038351, 43.5884099258508], [-79.5305639260511, 43.5884864341635], [-79.5305813776125, 43.5885404385752], [-79.5306197055827, 43.5885629317004], [-79.5307129741413, 43.5885764094279], [-79.5308395367946, 43.5885988787408], [-79.5309800028161, 43.588589839686], [-79.5311127526657, 43.5885808021431], [-79.5312327018726, 43.5885537648134], [-79.5313793463438, 43.5885222198977], [-79.5315078174523, 43.5884996803285], [-79.5316362886656, 43.5884771325123], [-79.5317620487852, 43.5884590949517], [-79.5318986337592, 43.5884185502986], [-79.5320429705976, 43.5883780032926], [-79.5321903760049, 43.5883329538853], [-79.5323606381613, 43.5883059014599], [-79.532530519502, 43.5882833503994], [-79.5326903301444, 43.5882563001601], [-79.5328435654211, 43.5882292517353], [-79.5329797728757, 43.5882022078596], [-79.5331152165074, 43.5881841661347], [-79.533251425911, 43.5881616230654], [-79.5333760183493, 43.5881390829427], [-79.5334890198394, 43.5881165461385], [-79.5335803181807, 43.5880805137962], [-79.533681693807, 43.5880399771926], [-79.5337702838365, 43.5879904336483], [-79.5338472737409, 43.5879454035179], [-79.5339076142291, 43.5878913772683], [-79.5339621563796, 43.5878328511442], [-79.5339910985626, 43.5878147587246], [-79.5340057271974, 43.5877977423795], [-79.5340057133499, 43.5877743290665], [-79.5339675945307, 43.5876828221936], [-79.5339587981858, 43.5876530303429], [-79.5339412239202, 43.5876274892491], [-79.5339324310028, 43.5876040884888], [-79.5339324165001, 43.587578560124], [-79.5339441100128, 43.5875636589988], [-79.5339587538304, 43.5875530059899], [-79.5339880303081, 43.5875551219637], [-79.534017315325, 43.5875721441837], [-79.5340348969024, 43.5876104485488], [-79.5340612660527, 43.587640227163], [-79.534158735525, 43.5878327926554], [-79.5341940049636, 43.587922797069], [-79.5342605989864, 43.5879767855327], [-79.5343832786643, 43.5879677474108], [-79.5344954881074, 43.587967713988], [-79.5345945626447, 43.5879541816184], [-79.5346750570322, 43.5879766611271], [-79.5347803493433, 43.5880081338297], [-79.534905374113, 43.5880260985303], [-79.5350350328787, 43.5880485632656], [-79.5351685471952, 43.5880575235239], [-79.5352734229045, 43.5880754943183], [-79.5353570269618, 43.5880979717771], [-79.5354263196652, 43.5881294552968], [-79.5355033344302, 43.5881294318278], [-79.5355714286041, 43.5881024062335], [-79.53566624141, 43.5881068767822], [-79.5357289502709, 43.5881428633166], [-79.5357870156419, 43.5881608480365], [-79.5358791340773, 43.5881743212213], [-79.5360118684042, 43.5881832813082], [-79.5361500200479, 43.5881787370704], [-79.53630444011, 43.5881696864913], [-79.5363342230949, 43.5881696771003], [-79.5363326770782, 43.5881741782181], [-79.5363857025779, 43.5881696609966], [-79.5365006155774, 43.5881561217895], [-79.5366116663542, 43.5881245808178], [-79.5367246542899, 43.5881020415382], [-79.5368372752805, 43.5881065058878], [-79.5369653596104, 43.5880839606273], [-79.537112523998, 43.5880372765517], [-79.537213735202, 43.5879758625022], [-79.5373437230251, 43.5879083094033], [-79.5374586215601, 43.5878317589578], [-79.5375796970129, 43.5877327125616], [-79.5377038828912, 43.5876561591374], [-79.5378249978383, 43.5876021105437], [-79.5379333099372, 43.5875300719094], [-79.538028472997, 43.5874625290695], [-79.5381302182921, 43.5873859825813], [-79.5382234634226, 43.5873229413656], [-79.5383294424797, 43.5872643965446], [-79.5384474694527, 43.5872238507361], [-79.538561593001, 43.5871788042123], [-79.5386258053458, 43.5871067710111], [-79.5387136076429, 43.587034729621], [-79.538820381867, 43.5869626821804], [-79.5389321773475, 43.5868816308793], [-79.539037000127, 43.5868185938191], [-79.5391542160572, 43.5867510428701], [-79.5392663985612, 43.5866744918895], [-79.5393619328156, 43.5866114573784], [-79.539434239604, 43.5865349206959], [-79.539483744659, 43.5864718930711], [-79.5395475514485, 43.5864088698804], [-79.5396225763813, 43.5863233295737], [-79.5396767004643, 43.5862423069237], [-79.5397799824383, 43.5861927627155], [-79.5398023799253, 43.5861866343814], [-79.5398952875912, 43.5861612269641], [-79.5399660448216, 43.5860846890519], [-79.5400259593474, 43.5859766507105], [-79.5401094986247, 43.5858866159754], [-79.5402096691967, 43.5857965387685], [-79.5402711355068, 43.5856975016182], [-79.5403616225765, 43.5855894429401], [-79.5404393540014, 43.5855173949498], [-79.5405178614355, 43.5854408548051], [-79.5405816734481, 43.5853508172349], [-79.5406609429938, 43.5852652754985], [-79.5407440757656, 43.585179731703], [-79.5408334210134, 43.5850896940121], [-79.5409374434452, 43.5849861493917], [-79.5410190488844, 43.5848961144992], [-79.5411072571836, 43.5846465531768], [-79.5413384696173, 43.5845674728877], [-79.5413752192971, 43.584544955498], [-79.541420844891, 43.5844999314617], [-79.5414424626921, 43.5844234201382], [-79.5414865245554, 43.5843378904462], [-79.5415742915199, 43.5842433525213], [-79.5416775559391, 43.5841578010753], [-79.541776554714, 43.5840632487208], [-79.5418856196791, 43.5839686941311], [-79.5419958238913, 43.5838741377599], [-79.5421091452825, 43.5837930829504], [-79.5422201095726, 43.5836715221903], [-79.5423070949622, 43.5835409684418], [-79.5423735605991, 43.5834104230718], [-79.5424489140482, 43.583275372832], [-79.5425142124633, 43.583158320323], [-79.5425682962045, 43.5830457816609], [-79.5426181409326, 43.5829287355336], [-79.5426645696388, 43.5828145523269], [-79.5427089906941, 43.5826993800723], [-79.5427560437614, 43.5825927762665], [-79.5428017634774, 43.5824747410412], [-79.5428575883278, 43.5823570345058], [-79.5429016267041, 43.582244499969], [-79.5429448794826, 43.5821409576213], [-79.5429993541742, 43.5820419207488], [-79.5430460963757, 43.5819338857103], [-79.5430909151674, 43.5818393438757], [-79.5431306978398, 43.5817493145787], [-79.5431704709462, 43.5816637853556], [-79.5431859482614, 43.5815943067779], [-79.5432299634811, 43.5815017364269], [-79.5432461296363, 43.5814252092638], [-79.5432735519517, 43.5813486859886], [-79.5433141455929, 43.5812856601205], [-79.5433384659788, 43.5812181400386], [-79.5433596992711, 43.581146120016], [-79.5433778307482, 43.581083103203], [-79.5434002135202, 43.5810245849487], [-79.5434096847342, 43.5810045618378], [-79.5438858486716, 43.5814007784984], [-79.5440471288336, 43.5822154848246], [-79.5440564254372, 43.5822624682824], [-79.5446548058316, 43.5852856316795], [-79.5481612264557, 43.5870052972593], [-79.5478642619018, 43.587324181152], [-79.5470317021239, 43.5882500933715], [-79.5465105547896, 43.5888296586041], [-79.5464107133663, 43.5889389681518], [-79.5464839451145, 43.5889942071335], [-79.5466810247028, 43.5891246385443], [-79.5468862101631, 43.5892460660039], [-79.5471115200259, 43.5893674922818], [-79.5473329581103, 43.5894934123328], [-79.5475617728256, 43.5896283396616], [-79.547785156097, 43.5897677688612], [-79.5480077814669, 43.5899026976932], [-79.5482234413308, 43.5900466298714], [-79.5484797413211, 43.5901815433883], [-79.54866073337, 43.5902246739615], [-79.5483464494765, 43.5904121001301], [-79.548113326842, 43.5905511090512], [-79.5470686500596, 43.5911521665379], [-79.5445892983807, 43.592379761436], [-79.5441059540282, 43.5926214763798], [-79.541635617457, 43.5938626680737], [-79.538477484676, 43.5954413956108], [-79.5325080260222, 43.5984206217773], [-79.5313581975575, 43.5989972691754], [-79.5303634089087, 43.5994988197885], [-79.528389411717, 43.6004767032717], [-79.527620669414, 43.6008291363545], [-79.5267100029401, 43.6012881466112], [-79.5264715052503, 43.6011830020282]]]]}"
139,New Toronto,18,12102,86,103,98,101,105,108,87,116,163,748.9984,892.0066,840.8408,857.6766,879.397,895.6709,720.3179,962.6556,1346.885,9,13,10,12,12,23,20,15,40,78.38356,112.5834,85.80009,101.9022,100.5025,190.7447,165.5903,124.4813,124.4813,7,12,6,9,35,9,16,9,21,60.96499,103.9231,51.48005,76.42663,293.1323,74.63924,132.4723,74.6888,74.6888,24,42,42,26,21,25,41,18,24,209.0228,363.7308,360.3604,220.788,175.8794,207.3312,339.4602,149.3776,198.3143,,,1,,2,,,,,,,9,,16.75042,,,,,19,21,19,23,20,17,11,14,16,165.4764,163.0202,195.3125,167.5042,140.9852,91.07468,116.1826,132.2095,181.8654,1,1,1,3,1,2,4,3,,8.709284,8.660258,8.580009,25.47554,8.37521,16.5865,33.11806,24.89627,,20,43,32,22,37,42,40,24,20,174.1857,372.3911,274.5603,186.8206,309.8828,348.3165,331.1807,199.1701,165.2619,2,5,5,1,1,2,5,5,7,17.41857,43.30129,42.90004,8.491848,8.37521,16.5865,41.39758,41.49377,57.84168,"{'type': 'MultiPolygon', 'coordinates': [[[[-79.4982086658023, 43.6029458439709], [-79.4979619285355, 43.6023693334117], [-79.4972779451946, 43.6024131836213], [-79.4972056085936, 43.6021252440681], [-79.4970212332439, 43.6016213293066], [-79.4968819666794, 43.6012362711897], [-79.4968914674864, 43.6012269095338], [-79.4969774228025, 43.6010963917047], [-79.4971078566892, 43.6009928781557], [-79.4972267216872, 43.6008893645175], [-79.4973641396946, 43.600808364224], [-79.4974002973909, 43.6007814233321], [-79.4974848979816, 43.6007183523703], [-79.4975824701824, 43.6006013351927], [-79.4976811826276, 43.600475326228], [-79.4977946075221, 43.6003493169538], [-79.4979184870943, 43.6002187988997], [-79.4980086896284, 43.600074785983], [-79.4980818717334, 43.599935265627], [-79.4981589059324, 43.5997912434194], [-79.4981871744861, 43.5996562218853], [-79.4981891233478, 43.5995121989853], [-79.4981372535668, 43.5993996806956], [-79.4980610090902, 43.599296162116], [-79.4979828301577, 43.5992106476505], [-79.4979952193498, 43.5991206328082], [-79.4979681234539, 43.5989811101799], [-79.4979414363189, 43.598855089894], [-79.4979023499535, 43.5987290687227], [-79.4978423576124, 43.5986165497874], [-79.4978663512466, 43.5985220350986], [-79.4979987479671, 43.5984410238356], [-79.4980673421481, 43.5984042092998], [-79.4981245527819, 43.5983735245269], [-79.498212804793, 43.5982880117083], [-79.4982913960178, 43.5981709947866], [-79.4983660982941, 43.5980629784278], [-79.4983537156968, 43.5979459592543], [-79.4983246988771, 43.5978334405269], [-79.4983962895818, 43.5978019369943], [-79.4984818484258, 43.5978919519954], [-79.4985844131373, 43.5979549640526], [-79.498755510801, 43.5979369632708], [-79.4988635031841, 43.597896457252], [-79.4988766700312, 43.5978334473716], [-79.4989908551842, 43.5978244473923], [-79.4991561427384, 43.5978244488229], [-79.499310977801, 43.5977614397085], [-79.4994456605424, 43.5976669156652], [-79.4995652835655, 43.5975408958937], [-79.4996562446035, 43.597419377228], [-79.4997356122087, 43.5972888562906], [-79.4997967733157, 43.5971493246418], [-79.4998382032576, 43.5970233046949], [-79.4999083189074, 43.5969367646529], [-79.4999330406419, 43.5969062765421], [-79.5000054334569, 43.5967712555118], [-79.5000983377677, 43.5966317233786], [-79.5001668542861, 43.5965012028903], [-79.5002400265295, 43.5963886758008], [-79.5003100663107, 43.5962581544988], [-79.5003561387051, 43.5961231237319], [-79.5003735647432, 43.595974599182], [-79.5004266105981, 43.595853079426], [-79.5004850557093, 43.5957675564147], [-79.5004807939221, 43.5956505377138], [-79.5004421012139, 43.595533519297], [-79.5003921753343, 43.5954074899535], [-79.5004396729649, 43.5953579455544], [-79.5004784885982, 43.5953174749107], [-79.5006004072174, 43.5952409619684], [-79.5007169269537, 43.5951779515996], [-79.5008670959502, 43.5950879265714], [-79.5009212801996, 43.5950024131686], [-79.5011861601814, 43.5949045468902], [-79.5012804728178, 43.5948763891334], [-79.5013176282991, 43.5948628868102], [-79.5014395473611, 43.5948403816393], [-79.5015498724159, 43.5948043741176], [-79.501608689341, 43.5947908711498], [-79.5017151379933, 43.5947503628759], [-79.5018386049275, 43.5947053540717], [-79.5019222033681, 43.5946738472242], [-79.5019705904511, 43.5946513429347], [-79.5020971396273, 43.5945973315325], [-79.5022070813459, 43.5945523224569], [-79.5023235731779, 43.5944938111706], [-79.5025116879565, 43.5944397983315], [-79.5026701776437, 43.5944180563928], [-79.5026757888283, 43.594417290727], [-79.5028584665392, 43.5943812807134], [-79.5030190872859, 43.5943542718532], [-79.5031580461917, 43.5943317737187], [-79.5032161066152, 43.5943182699185], [-79.5032683455483, 43.5943092674898], [-79.5033817543651, 43.5942867604507], [-79.5035679247195, 43.5942642506063], [-79.5037351207532, 43.5942282399886], [-79.5039174141585, 43.5942147404449], [-79.5040254023506, 43.5942552429203], [-79.5041237150789, 43.5942597494435], [-79.5041469497762, 43.5942642493841], [-79.504215066936, 43.594264246725], [-79.5043838135278, 43.5942732511256], [-79.5045502436996, 43.5942687432844], [-79.5047120291364, 43.5942642455692], [-79.5048633736831, 43.5942552378078], [-79.5049682473261, 43.5942282289964], [-79.505023589676, 43.594151713864], [-79.5050464205329, 43.5940616987769], [-79.5050669336217, 43.5939671729801], [-79.5051872978377, 43.5938996567899], [-79.5053366914295, 43.5938321482191], [-79.5054682736911, 43.593746628165], [-79.5055704522873, 43.593643115299], [-79.5056621634749, 43.593526091851], [-79.5057957035526, 43.5934630844975], [-79.5059195383269, 43.5934450844696], [-79.5060507572357, 43.5934585975749], [-79.5061889256574, 43.5934901040058], [-79.5062740918376, 43.5935621199215], [-79.5063127911877, 43.5936476315099], [-79.5063217052696, 43.5937376457243], [-79.5063275202517, 43.593805156262], [-79.5063244318157, 43.593877167699], [-79.5063263860752, 43.5939671827988], [-79.5063588925889, 43.5940481933753], [-79.5064150298833, 43.5941247118021], [-79.5065168252173, 43.594160711839], [-79.50664416967, 43.594174215957], [-79.5067540868803, 43.5941787187639], [-79.5068322745881, 43.5941832238523], [-79.5069309696757, 43.5941742260573], [-79.5070641199324, 43.5941697264191], [-79.5071868156501, 43.5941427232525], [-79.5073013601693, 43.5941067283579], [-79.5074202378901, 43.5940593638592], [-79.5074256129607, 43.5940572208665], [-79.5075459772885, 43.5940167150863], [-79.5076334500162, 43.5939987156164], [-79.5077216910471, 43.5939852164043], [-79.5077944513726, 43.5939717185117], [-79.5078106998443, 43.5939672170443], [-79.5078954717442, 43.5939492172295], [-79.508014290861, 43.593931215186], [-79.5081454944631, 43.5939132206949], [-79.5082658482977, 43.5938907085089], [-79.5083656923107, 43.5938591964625], [-79.5084434994053, 43.5938096912961], [-79.5084597721953, 43.5938025969017], [-79.5085363814891, 43.5937691778923], [-79.5086327450029, 43.5937511676125], [-79.5087206081395, 43.59377817439], [-79.5088003485775, 43.5938231758677], [-79.5088595699162, 43.5938816803178], [-79.5089346534206, 43.5939221810756], [-79.5090198014327, 43.5939311757195], [-79.5090948888711, 43.5939131756414], [-79.5091711246478, 43.5938771644856], [-79.5092690336213, 43.5938366494229], [-79.5093832069333, 43.5938096452916], [-79.5094757079442, 43.5937961354502], [-79.5095829086662, 43.5937781234273], [-79.5096846968087, 43.5937601118627], [-79.5097609419571, 43.5937781082228], [-79.5098356390143, 43.5938006052571], [-79.5099165270303, 43.5938141006178], [-79.5099947126851, 43.5938095932129], [-79.5100810226976, 43.5938050845097], [-79.5100867567462, 43.5938057598206], [-79.5101007077788, 43.5938357151978], [-79.5102525164172, 43.5938028016255], [-79.510468253332, 43.593752445551], [-79.5105854335971, 43.5937195259584], [-79.5106466820206, 43.5936769337815], [-79.5106972756846, 43.5936149810041], [-79.5107372127737, 43.5935201292018], [-79.5107664867701, 43.5934310657863], [-79.5107638075488, 43.5933400886765], [-79.5107451373295, 43.5932355565843], [-79.5107238248885, 43.5931736104966], [-79.5106891851361, 43.5931116654299], [-79.5106305809927, 43.5930439174507], [-79.5105693163874, 43.5929858455874], [-79.5105080413051, 43.5929471357574], [-79.51044145591, 43.5929142327014], [-79.5103562190445, 43.5928871462205], [-79.5102656590264, 43.5928677922633], [-79.5101235263475, 43.5928390186206], [-79.5100596820789, 43.5928338572827], [-79.5100293518182, 43.5928316539099], [-79.5099792918145, 43.5928250424884], [-79.509900423866, 43.5928162366789], [-79.5098200444784, 43.5928019132668], [-79.5097684732152, 43.5927941952671], [-79.5097411640281, 43.5927853844529], [-79.5097305482924, 43.5927754568933], [-79.5097184096586, 43.59276112813], [-79.5097123386643, 43.5927456998541], [-79.5097077904059, 43.592730262619], [-79.5097077886308, 43.5927181378083], [-79.5097214335948, 43.5927016006891], [-79.5097381149687, 43.592690582092], [-79.5097608646409, 43.5926850621189], [-79.5097942409454, 43.5926828536983], [-79.5098245711435, 43.5926850562322], [-79.5098715848218, 43.5926938736044], [-79.5099170883884, 43.5927026910793], [-79.509971693523, 43.5927093023525], [-79.5100126492855, 43.5927126022782], [-79.5100657318852, 43.5927159017963], [-79.510114266549, 43.5927158969662], [-79.5101612784306, 43.5927125894081], [-79.5101991997266, 43.5927070771161], [-79.5102355974895, 43.592701555759], [-79.510267449937, 43.5926971420673], [-79.5102947461611, 43.5926971403712], [-79.5103265876465, 43.5926971375803], [-79.5103463158567, 43.5926982428734], [-79.5103736000891, 43.5927037487496], [-79.5104297166454, 43.5927103596929], [-79.5104767425103, 43.592712560835], [-79.510519209516, 43.5927147619763], [-79.5105571311479, 43.5927147591181], [-79.5105813919661, 43.5927081403764], [-79.510595038413, 43.5926993177999], [-79.510599592634, 43.5926827818699], [-79.5105980667216, 43.5926662459471], [-79.5105889617732, 43.5926519171889], [-79.5105692440162, 43.5926431064498], [-79.5105449814585, 43.5926386979662], [-79.5105070584106, 43.5926342906422], [-79.5104281906259, 43.5926210660353], [-79.5103508341466, 43.5926100544452], [-79.5102522633448, 43.592605653465], [-79.5102249671308, 43.5926023425791], [-79.5101961465761, 43.5925935328836], [-79.5101339608328, 43.5925814133031], [-79.5100429551392, 43.5925659845068], [-79.5099549845679, 43.5925516612784], [-79.5098453649833, 43.5925324979162], [-79.5097585721612, 43.5925241163247], [-79.5097267167758, 43.592516404148], [-79.5096933510892, 43.5925042828197], [-79.5096690745856, 43.5924899542602], [-79.5096523893397, 43.5924723220654], [-79.5096387395884, 43.5924590909862], [-79.5096357022831, 43.592437046504], [-79.5096372106401, 43.5924216090026], [-79.5096432764561, 43.5924083855833], [-79.5096554114699, 43.5923951521598], [-79.5096720917753, 43.5923841236533], [-79.5097009100695, 43.5923786125875], [-79.5097582507588, 43.5923730538058], [-79.5098165196263, 43.592371347303], [-79.5098871141023, 43.5923816120068], [-79.5100593775156, 43.5924144433411], [-79.5101638670747, 43.5924144250368], [-79.5102627064719, 43.5924021019599], [-79.5103304703776, 43.5923774678046], [-79.5103728327725, 43.592340513736], [-79.5104490584138, 43.5922625177234], [-79.5105224604805, 43.5921804087523], [-79.510590229395, 43.5921126669473], [-79.510632574348, 43.5920510929103], [-79.5106805659217, 43.5919895095951], [-79.5107116158147, 43.5919320319397], [-79.5107765438798, 43.5918376092621], [-79.5108301757829, 43.5917370310026], [-79.5108781672074, 43.5916077212912], [-79.5109092115391, 43.5915194588197], [-79.5109402662486, 43.5914209256073], [-79.5109543540348, 43.5913244646694], [-79.510945866571, 43.5912321017827], [-79.5109204232456, 43.5911335834596], [-79.5108752301759, 43.5910514850433], [-79.5107255517712, 43.5909714494892], [-79.5105306958986, 43.5908996264452], [-79.5103107385314, 43.5908300834804], [-79.5101036866846, 43.5907670921538], [-79.5098892712348, 43.5907356058068], [-79.5096853179711, 43.5906816140019], [-79.509475546853, 43.5906456260056], [-79.5092781609399, 43.590605135981], [-79.5090691711512, 43.5905736477258], [-79.508850114752, 43.5905511605221], [-79.5087600356042, 43.5904954399691], [-79.5087261470455, 43.5904564390846], [-79.5086894319397, 43.5903989674136], [-79.5086809379248, 43.5903271279914], [-79.5086950379339, 43.5902840279094], [-79.5087289275374, 43.5902450307305], [-79.5087910421608, 43.5902142226578], [-79.5088644656654, 43.5901998602328], [-79.5090734363884, 43.5901957386767], [-79.5092852141287, 43.5901710936038], [-79.5094772246302, 43.5901238658381], [-79.5095119348178, 43.590107408046], [-79.509584626115, 43.5900889216797], [-79.5096876077258, 43.5900568316865], [-79.5097427764113, 43.5900354398579], [-79.5097905831864, 43.5899819670943], [-79.5098530981333, 43.5899044319746], [-79.5099266444339, 43.5898135292194], [-79.5100443217355, 43.5896878672715], [-79.5101693476522, 43.5895114094431], [-79.5102649522422, 43.5893697088478], [-79.5103631999806, 43.5891831090234], [-79.5103918005752, 43.5890729647862], [-79.5103917909093, 43.5890141486895], [-79.5103770699301, 43.5889660285129], [-79.5103623531162, 43.5889366223156], [-79.5103402825973, 43.5889232572577], [-79.5102225709103, 43.5889125651082], [-79.5101673993191, 43.5889045491503], [-79.510137970971, 43.5888778180439], [-79.5101269327753, 43.5888537577227], [-79.510123251802, 43.5888377177261], [-79.5101526713047, 43.5888109802283], [-79.5101857717452, 43.5888002836176], [-79.510240941025, 43.5887949321881], [-79.5103034816055, 43.5888029559124], [-79.5103365833307, 43.5888029524331], [-79.5103696837356, 43.5887922557685], [-79.5103917467718, 43.5887601729991], [-79.5104064509295, 43.5887120500274], [-79.5104211450709, 43.588607784238], [-79.5104542177854, 43.5884393549893], [-79.510468911459, 43.5883377633729], [-79.5104615360223, 43.5882228067355], [-79.5104320861362, 43.5881452793119], [-79.5103675943856, 43.5880195262373], [-79.5103198579133, 43.5879581495556], [-79.5102757153057, 43.5879207163311], [-79.5101616723834, 43.5878405231767], [-79.5100697026, 43.5877924098893], [-79.5099483237816, 43.5877523093866], [-79.5098490009227, 43.5877175637583], [-79.5098048756511, 43.5877763834251], [-79.5097313008544, 43.5877630220513], [-79.5096025561626, 43.587738963028], [-79.5095326722431, 43.5877202553512], [-79.5094554302356, 43.5876828331904], [-79.5093818512976, 43.5876347178665], [-79.5093266754689, 43.5875919468758], [-79.5092972463384, 43.5875598680577], [-79.5092751719634, 43.5875144214598], [-79.5092567768221, 43.587476994992], [-79.5092530918007, 43.5874368934995], [-79.5092494074572, 43.587391445435], [-79.5092677906738, 43.5873486604384], [-79.5093008870972, 43.5873139116197], [-79.5093560492051, 43.5872764792376], [-79.5094296033027, 43.587241718658], [-79.5095141913477, 43.5872203243011], [-79.5096245265291, 43.5872042745323], [-79.5098010918315, 43.5872069422002], [-79.5099732013361, 43.5872200600886], [-79.5101174171879, 43.5871989032362], [-79.5102203964331, 43.587185526642], [-79.5102424703971, 43.5871507698439], [-79.5102608548482, 43.587121361057], [-79.5103196990233, 43.5871053147989], [-79.5103528030883, 43.5871186877003], [-79.5103932755844, 43.5871400720445], [-79.5104006352302, 43.5871587846469], [-79.5103859308144, 43.5872015610465], [-79.5103969662808, 43.5872149272517], [-79.5104190364835, 43.5872256190071], [-79.5104337513072, 43.587247005308], [-79.5104778875643, 43.5872496748137], [-79.5105036345826, 43.5872576925554], [-79.5105477833334, 43.5872710562585], [-79.5106470898054, 43.5872817405548], [-79.510661818813, 43.5873084825957], [-79.5107022771283, 43.5873138251028], [-79.5107831918207, 43.5873191643686], [-79.5108015964964, 43.5873325302042], [-79.5108825121982, 43.5873405427031], [-79.5109524051827, 43.5873405447451], [-79.511018607535, 43.5873351917041], [-79.5110811428224, 43.5873218187069], [-79.511143662766, 43.5873004247043], [-79.5111436498703, 43.5872282420957], [-79.5111657141168, 43.5872095355392], [-79.5112098476934, 43.5872015106654], [-79.511250316642, 43.5871988332459], [-79.5112687072915, 43.5872041780524], [-79.5112834241507, 43.5872335841419], [-79.5112834273549, 43.5872522981164], [-79.5112834340096, 43.5872870527783], [-79.5113055016681, 43.5872870511681], [-79.5113570048864, 43.5872870457501], [-79.5114011410013, 43.5872897239014], [-79.5114747118834, 43.5872897167975], [-79.5115445926577, 43.587289709314], [-79.5115924188829, 43.5872950520099], [-79.5116806937163, 43.5873164388855], [-79.5117248414644, 43.5873164347689], [-79.5118057526812, 43.5873057326229], [-79.5119161014523, 43.5872977096927], [-79.5120338008569, 43.5872602690043], [-79.5120963195848, 43.5872308635965], [-79.5120926339018, 43.587190763083], [-79.5120852713211, 43.5871560090074], [-79.5120889419412, 43.5871212535914], [-79.5121146838189, 43.5871025370985], [-79.5121698646048, 43.5871025314643], [-79.5121956134258, 43.5871212429108], [-79.5122140086661, 43.5871479748491], [-79.512243454853, 43.5872014403657], [-79.5122986245862, 43.5872014345256], [-79.5123869061066, 43.5872014337192], [-79.5125170081977, 43.5872008074726], [-79.5127136562589, 43.5871827742561], [-79.5128705617316, 43.5871550233349], [-79.5130019952506, 43.5871272838767], [-79.5130019652668, 43.587047152301], [-79.5130231732706, 43.5870224952], [-79.5130443698773, 43.5870009164178], [-79.5131122046787, 43.5869947424247], [-79.5131461389359, 43.5870070709477], [-79.5131546283426, 43.5870378904558], [-79.5131631203133, 43.5870810337848], [-79.5132691360437, 43.5870841091503], [-79.5134853883193, 43.5870717698201], [-79.5136422842813, 43.587059428077], [-79.5138500570721, 43.5870655782738], [-79.5140323942725, 43.5870717305698], [-79.5142062657281, 43.5870994514846], [-79.51435467772, 43.5871302636492], [-79.5144946326697, 43.5871672415052], [-79.5145836786921, 43.5871980516553], [-79.5146727405883, 43.5872473588799], [-79.5147915013644, 43.5873059073843], [-79.514889048495, 43.5873613708877], [-79.5149781147106, 43.5874260882925], [-79.5150586985875, 43.5874907980753], [-79.5151519995814, 43.5875493494894], [-79.5153004496994, 43.5876263911073], [-79.5154149526601, 43.5876911054259], [-79.5155464266312, 43.5877712279999], [-79.5156694285038, 43.5878451852062], [-79.5157760956701, 43.5879193425548], [-79.5158532258865, 43.5879371905819], [-79.5159650463344, 43.5879624598688], [-79.5161216133174, 43.5880094072566], [-79.5163576914109, 43.58807982001], [-79.5165490494342, 43.5881412088279], [-79.5166285582546, 43.588157453875], [-79.5166708114223, 43.5881574475714], [-79.5167329215785, 43.5881773051645], [-79.5167826226499, 43.5881935630681], [-79.5168820230389, 43.5882260526761], [-79.5169690010437, 43.5882495336814], [-79.5170510010743, 43.5882729977574], [-79.517103191699, 43.5882928561098], [-79.5171528959138, 43.5883181251052], [-79.5172125355308, 43.5883614760611], [-79.5172622431313, 43.5884011919848], [-79.5172796492751, 43.5884246742339], [-79.5172970432698, 43.5884481473187], [-79.5173045029186, 43.5884643936744], [-79.5173045121405, 43.5884950974636], [-79.5172970612514, 43.5885131555942], [-79.5172722260437, 43.5885330258212], [-79.5172349663722, 43.5885456784261], [-79.5172026562996, 43.5885456833694], [-79.5171629037064, 43.5885438800894], [-79.5170982923972, 43.5885258234977], [-79.5170312032555, 43.5885059672345], [-79.516969065769, 43.5884788819318], [-79.5168636908384, 43.5884323064398], [-79.5167341356828, 43.5884001179154], [-79.5165021078821, 43.5883425604091], [-79.5163945769576, 43.5883322876772], [-79.5160918140218, 43.5882706165654], [-79.5160323764681, 43.5882438809451], [-79.5159474822295, 43.5881821970616], [-79.5158314464617, 43.5881390153725], [-79.5157295860224, 43.5881205130479], [-79.5155003800879, 43.5880465074123], [-79.5154579268793, 43.5880382774192], [-79.5153560718874, 43.5880444566217], [-79.5153136308855, 43.5880362348373], [-79.5152768170521, 43.5880033395135], [-79.5152060537233, 43.5878902276518], [-79.5151721019263, 43.5878614455871], [-79.5150589095958, 43.5877915374337], [-79.5146655660762, 43.5876373301516], [-79.5146316088413, 43.5876332116375], [-79.5145721963889, 43.5876496741184], [-79.5142609959979, 43.5878142150801], [-79.5141054099411, 43.587880026096], [-79.5135367169473, 43.5880055120278], [-79.5134489909994, 43.5880116796884], [-79.5134150471013, 43.5880096310078], [-79.5133725921861, 43.587995243277], [-79.513335807291, 43.5879685127501], [-79.5133103394179, 43.5879417817443], [-79.5132990280199, 43.587917100496], [-79.513279187919, 43.5877957637295], [-79.5132678639815, 43.5877731532364], [-79.5132508684233, 43.5877525867127], [-79.5132310637471, 43.587736134495], [-79.5132027763955, 43.5877238056189], [-79.5131461686536, 43.5877155851345], [-79.5130782819878, 43.5877176445395], [-79.51282646423, 43.5877937450512], [-79.5127246256286, 43.5878204908789], [-79.512458659537, 43.587876023205], [-79.5122917369186, 43.5879212730233], [-79.5122040294978, 43.5879521307611], [-79.5121955486296, 43.5879624109955], [-79.51218705706, 43.5879809189527], [-79.5121898980445, 43.5880097057313], [-79.5122861461461, 43.5881968444623], [-79.5122861410549, 43.5882317970549], [-79.5122776635742, 43.5882585321635], [-79.5122606893571, 43.5882811552971], [-79.5122097730462, 43.5883099473708], [-79.5121503473655, 43.5883325743611], [-79.511703326826, 43.5884498196171], [-79.5115052876683, 43.5885259205222], [-79.5113100746389, 43.5886246408414], [-79.511236523127, 43.5886739936503], [-79.5111742926222, 43.5887336350867], [-79.5111374998023, 43.5887953258028], [-79.5111148836372, 43.5888467439191], [-79.5110894212716, 43.5889084426465], [-79.5110752900623, 43.5889742444322], [-79.5110753026304, 43.5890400539798], [-79.5110838089708, 43.5890996965763], [-79.5115338673652, 43.5901401941878], [-79.5115323329208, 43.5901433445158], [-79.5115533763714, 43.5902206199003], [-79.5116184441917, 43.5902962526728], [-79.5129908826238, 43.590674319254], [-79.5148250049455, 43.5902582292164], [-79.5148249897576, 43.5901967937885], [-79.5148444933073, 43.5901400644575], [-79.5152085564067, 43.5900591472942], [-79.5153169872564, 43.5900885582418], [-79.5153217797711, 43.5900902322101], [-79.5153273929363, 43.5901035716229], [-79.5153378603679, 43.5901134535217], [-79.5153588073815, 43.5901332273788], [-79.5153807813612, 43.590153756501], [-79.5153906193998, 43.5901729646727], [-79.5157248006449, 43.5900987916097], [-79.5157132014466, 43.5900730128832], [-79.5157085669878, 43.5900605739934], [-79.5157139143375, 43.5900481422712], [-79.5157142565723, 43.5900331100253], [-79.515708802684, 43.5900156560679], [-79.5157159447532, 43.5900001097553], [-79.5157187711297, 43.5899630868691], [-79.5156932963574, 43.5899157965633], [-79.5156678026426, 43.5898849518229], [-79.5156536634809, 43.589854105965], [-79.5156593013369, 43.5898150387643], [-79.5156904109448, 43.5897245518148], [-79.5157045413974, 43.5896278918187], [-79.5157016870594, 43.5895106757084], [-79.5156846826468, 43.5894592707123], [-79.515656387244, 43.5894181376222], [-79.5156252485171, 43.5893975831742], [-79.5155856295503, 43.5893872993057], [-79.515461143765, 43.5893811418319], [-79.515307956822, 43.5893985350635], [-79.5151781740073, 43.5894058342955], [-79.5150961077068, 43.5894161159358], [-79.5150649983519, 43.5894120066351], [-79.5150508386913, 43.5893955623436], [-79.5150140387614, 43.5893133116581], [-79.514980058725, 43.5892228337187], [-79.5149489184522, 43.5891446786315], [-79.5149149522459, 43.5890541999499], [-79.5149092690476, 43.589008959307], [-79.5149177438371, 43.588978110039], [-79.5149649226409, 43.5889619917647], [-79.5151042606199, 43.5889349774755], [-79.5152451332563, 43.5889079640426], [-79.5153789525602, 43.5889020047344], [-79.5154827832679, 43.5889169511661], [-79.5155515700451, 43.5889410658698], [-79.5156008513089, 43.5889664524992], [-79.5156809843518, 43.5889979554986], [-79.5158013777242, 43.5890339537978], [-79.5159592963849, 43.5890744468744], [-79.5161048323323, 43.5891194430525], [-79.5161769582859, 43.5891261032422], [-79.5162307155594, 43.5891199292332], [-79.516275970479, 43.5890890836995], [-79.5163523449035, 43.5889595241713], [-79.5163862890511, 43.5889122255182], [-79.5164117432365, 43.5888875490768], [-79.5164485345987, 43.588881369047], [-79.5164938142914, 43.5888998783161], [-79.5165249324879, 43.5889348350735], [-79.516522121388, 43.5889780160258], [-79.5164881843097, 43.5890520576139], [-79.5164231355027, 43.5891589948992], [-79.5163778698521, 43.5892391868142], [-79.5163297983067, 43.5893420170798], [-79.5162732445066, 43.5894489447888], [-79.5162393139301, 43.5895497210781], [-79.5162789558847, 43.58968749185], [-79.5163355813754, 43.5897985430714], [-79.5164063494207, 43.5899116362573], [-79.516473930654, 43.5900060614479], [-79.5165378077605, 43.5900960661776], [-79.5166271118316, 43.5901933411476], [-79.5167346590261, 43.5902899829996], [-79.5168195445839, 43.5903516670698], [-79.5169185851438, 43.5904071734123], [-79.5170162538689, 43.5904740573394], [-79.5171219217212, 43.590537051683], [-79.5172380320951, 43.5905685395179], [-79.5173309095723, 43.5905505225791], [-79.5174296025722, 43.5905190029561], [-79.517579752977, 43.5904874834379], [-79.5177504258471, 43.5904649538399], [-79.5179199184658, 43.5904289305866], [-79.5180751203761, 43.5903974002828], [-79.5182074715093, 43.590397379284], [-79.5182868248902, 43.5904648782655], [-79.5183603845089, 43.5905368779249], [-79.5184443879524, 43.5906223784549], [-79.5185030517801, 43.5907008344004], [-79.5185692796987, 43.5907288992911], [-79.5186631294871, 43.5907328987608], [-79.51871280171, 43.5907288757258], [-79.5187679780063, 43.5907047964427], [-79.5188286749407, 43.5906706897795], [-79.5188783284286, 43.5906466199111], [-79.5189059301234, 43.5906345808584], [-79.5189445663103, 43.5906265538007], [-79.5189776838836, 43.5906325617999], [-79.5190171764694, 43.590631286213], [-79.5190439089539, 43.590616501348], [-79.519056261257, 43.5905907730742], [-79.5191424717185, 43.5909917462178], [-79.5191705626682, 43.5910428072073], [-79.5191706371993, 43.5910429504362], [-79.5192541187282, 43.591194719385], [-79.5196612346022, 43.5921190909417], [-79.5199935835531, 43.5929282635584], [-79.5203475124291, 43.5937662274458], [-79.5206956038865, 43.5946018960001], [-79.521313948201, 43.5961263218732], [-79.5213486694036, 43.5962440814435], [-79.5217282687102, 43.5971361698166], [-79.52249705487, 43.5969640484518], [-79.5228456657051, 43.5978329703551], [-79.5231854061506, 43.5986679835813], [-79.5235212887322, 43.5994977856724], [-79.5238528522392, 43.6003452300441], [-79.5241973421156, 43.6011558986758], [-79.526237666412, 43.6006808301564], [-79.5264715052503, 43.6011830020282], [-79.5267100029401, 43.6012881466112], [-79.5263076041258, 43.6014885400035], [-79.5242060715717, 43.602537680913], [-79.5215978549461, 43.6037675573164], [-79.5196522523785, 43.6047427279371], [-79.5150744867767, 43.6070796369053], [-79.5075900356271, 43.6108993608498], [-79.5025731354364, 43.6134612091521], [-79.5019637535649, 43.6121317202049], [-79.5017041076864, 43.6115736992304], [-79.5016145707789, 43.6113812856139], [-79.5016203410523, 43.6112995709816], [-79.5016188291346, 43.6112543116048], [-79.5016097344561, 43.6111915895608], [-79.5015718714538, 43.6110550746785], [-79.5014312778829, 43.6106972701641], [-79.5010597221485, 43.6098115609113], [-79.5007060912707, 43.6089937386357], [-79.5004166513453, 43.6083160227751], [-79.5003715222354, 43.6081475605392], [-79.5000211925954, 43.6073145688419], [-79.49967311518, 43.6064906950504], [-79.4993177376241, 43.6056577004641], [-79.499009850989, 43.6048654005643], [-79.498634042276, 43.6039926537854], [-79.4983928713051, 43.6033614614398], [-79.4982935468779, 43.6031442013744], [-79.4982086658023, 43.6029458439709]]]]}"
140,Stonegate-Queensway,16,26504,95,73,81,105,88,91,109,82,104,371.0938,285.7367,316.3939,406.111,335.801,344.0844,411.5382,310.818,392.3936,39,32,14,35,34,36,49,70,138,152.3438,125.2544,54.68536,135.3703,129.7413,136.1213,185.0034,265.3324,265.3324,10,20,12,8,12,11,13,5,10,39.0625,78.28401,46.87317,30.94179,45.79104,41.59262,49.08253,18.95232,18.95232,70,45,49,50,39,64,35,30,44,273.4375,176.139,191.3988,193.3862,148.8209,241.9934,132.1453,113.7139,166.0127,,,,,,,,1,,,,,,,,,3.790463,,23,15,16,26,27,24,20,19,7,89.84375,62.49756,100.5608,103.0298,90.74754,75.51159,72.0188,26.41111,58.71301,3,2,,,1,2,,,,11.71875,7.828402,,,3.81592,7.562294,,,,95,61,52,58,79,73,98,59,95,371.0938,238.7663,203.1171,224.328,301.4577,276.0237,370.0068,223.6373,358.4365,8,8,4,6,8,4,5,7,9,31.25,31.31361,15.62439,23.20634,30.52736,15.12459,18.8779,26.53324,33.95714,"{'type': 'MultiPolygon', 'coordinates': [[[[-79.4894394767477, 43.6412391316268], [-79.4892915283809, 43.6412030044244], [-79.4891079606981, 43.6412163725406], [-79.4889987078665, 43.6412507016894], [-79.4882149379409, 43.6415285769587], [-79.4879478576582, 43.6416471424427], [-79.4875079316391, 43.6418173472329], [-79.487095171774, 43.6419375059678], [-79.4866660550557, 43.6420337356925], [-79.486346989735, 43.6420775346871], [-79.4859773912917, 43.6421143507298], [-79.485711409611, 43.6421192230762], [-79.4854429655088, 43.642101943134], [-79.485219327131, 43.6420415774843], [-79.4850669364945, 43.64192639452], [-79.4849928364993, 43.6417453671367], [-79.4849995848291, 43.6415731629091], [-79.4850080320258, 43.6413969978598], [-79.4850086907868, 43.6412380423101], [-79.4850283015655, 43.6408803755498], [-79.4850742747767, 43.6406232655891], [-79.4851159919701, 43.6402834962717], [-79.485106303846, 43.6400670836538], [-79.4851292752961, 43.6396453993135], [-79.4851025081583, 43.6391222179928], [-79.4850477733849, 43.6388319432773], [-79.484923323991, 43.6385841721314], [-79.4848365776113, 43.6384846866587], [-79.4847375036172, 43.6384153268962], [-79.4846774273297, 43.6383769551984], [-79.4845359691929, 43.6382964365803], [-79.4843994541439, 43.6382280071827], [-79.4842531610735, 43.6381556978079], [-79.4840551806729, 43.6381017243811], [-79.4838556597352, 43.6380600205377], [-79.4836189129575, 43.6380478433491], [-79.4833796034153, 43.6380254770318], [-79.4832470029043, 43.6380147008359], [-79.4830138354201, 43.6380113001035], [-79.4824819561037, 43.6379768699787], [-79.4823343432577, 43.6379776849387], [-79.4818858854719, 43.6379944828296], [-79.481402766676, 43.6380390790497], [-79.4808625287634, 43.6381007670092], [-79.4804004600317, 43.6381205007132], [-79.4798544706783, 43.6381440253188], [-79.479364561109, 43.6381399319956], [-79.4788501127808, 43.638127992597], [-79.4784580580758, 43.6380776912181], [-79.4781210437081, 43.6380011789635], [-79.477841825297, 43.6378811460527], [-79.4775021838098, 43.6377419269444], [-79.4772954156285, 43.6375418035402], [-79.4772178521935, 43.6374164618973], [-79.4770886208124, 43.6372210789826], [-79.476978650351, 43.6369964629181], [-79.4768753781181, 43.6367560782861], [-79.476833405611, 43.6364517686601], [-79.4767374337025, 43.6362791664188], [-79.4767157842281, 43.6362402213016], [-79.4765300196765, 43.6359746423169], [-79.4763435133077, 43.6356460625323], [-79.4762541302372, 43.6354926513443], [-79.4761782839616, 43.6353624850374], [-79.4760126837284, 43.6350473921881], [-79.4758412357917, 43.6347638041938], [-79.4757054341297, 43.6344442164185], [-79.4755026282189, 43.6341156140905], [-79.4751313325655, 43.6338634948255], [-79.4747063087501, 43.6336553069282], [-79.4744520186727, 43.6335307434447], [-79.4743592127186, 43.6334852836259], [-79.4742480775835, 43.633444761709], [-79.4742968938879, 43.6334132675358], [-79.4743917883457, 43.6333547706545], [-79.4744874734416, 43.6333007844128], [-79.474554289583, 43.6332564404619], [-79.474582380769, 43.6332377954807], [-79.4746769015295, 43.6331792987748], [-79.4747706568348, 43.6331163096165], [-79.4748636165305, 43.6330578117305], [-79.4749566016403, 43.6329948220444], [-79.4750487944159, 43.6329318325146], [-79.4751402060127, 43.6328688432918], [-79.4752312321513, 43.632810353521], [-79.4753215029226, 43.6327473633379], [-79.4754113780566, 43.6326843732073], [-79.4755004856579, 43.6326168726004], [-79.4755891815243, 43.6325538819049], [-79.475676740197, 43.6324863902121], [-79.4757642840665, 43.6324233993211], [-79.4758510490041, 43.6323559068115], [-79.4759370429586, 43.6322929158262], [-79.477810079975, 43.6308530626373], [-79.4783581383151, 43.6304435862896], [-79.4797455267513, 43.6293997056733], [-79.4821275798603, 43.6275862579078], [-79.4822333058117, 43.6275052533625], [-79.4823014674692, 43.627482759955], [-79.4823696168894, 43.6274602582406], [-79.4824385593417, 43.6274377652143], [-79.4825078721408, 43.6274197637289], [-79.4825768020833, 43.6273972713532], [-79.4867773225386, 43.6263805587203], [-79.486827659363, 43.626367062853], [-79.488709287721, 43.6259126122376], [-79.4931908063252, 43.6248146783513], [-79.494532576815, 43.6244996747515], [-79.5010251963621, 43.622947058113], [-79.5010925789524, 43.6229425565539], [-79.502289828454, 43.6226890143978], [-79.5050824188932, 43.622098594617], [-79.5084946581476, 43.6214156615161], [-79.5106461349118, 43.620984286632], [-79.5131300058867, 43.6205025345269], [-79.5131694921407, 43.6204946718139], [-79.5131849848506, 43.620516029959], [-79.5132299265383, 43.6205790345332], [-79.5132716948029, 43.6206386465359], [-79.5132740750936, 43.6206420395771], [-79.5133174559511, 43.6207095447013], [-79.5133600554296, 43.6207725502705], [-79.5134022844454, 43.6208355546064], [-79.5134433367173, 43.6209030609078], [-79.5134836085063, 43.6209705570429], [-79.5135231110627, 43.6210335627884], [-79.5135618585356, 43.6211010597792], [-79.5135998010779, 43.6211640560134], [-79.5136373836705, 43.6212315531348], [-79.5136749304142, 43.6212990497771], [-79.5137155999529, 43.6213710475765], [-79.5137558866204, 43.6214430448841], [-79.5137953921873, 43.6215195339995], [-79.5138337331442, 43.621591532089], [-79.5138716906579, 43.6216680298598], [-79.5139088667396, 43.621740028083], [-79.5139452868826, 43.6218120254686], [-79.5139813123887, 43.6218885241923], [-79.5140161605326, 43.6219650229033], [-79.5140502644378, 43.6220370207524], [-79.5140835634547, 43.6221135200101], [-79.5141161056105, 43.6221855272472], [-79.5141478691403, 43.6222620263312], [-79.5141788643037, 43.6223385253211], [-79.5144491325408, 43.6229111966359], [-79.5144931415584, 43.6230009717413], [-79.5147871271699, 43.6236008416748], [-79.5149553611925, 43.6240549587483], [-79.5150016615805, 43.6241799013517], [-79.5150111705204, 43.6242006025384], [-79.5152241187671, 43.6246637602399], [-79.5154552197181, 43.6252619352869], [-79.515564177442, 43.6255019876552], [-79.5161118390614, 43.6267926946965], [-79.5164848590323, 43.6276689367395], [-79.5168279260185, 43.6285484407642], [-79.5169898297987, 43.6289526337083], [-79.5171303285806, 43.6293341279565], [-79.5174250981423, 43.6300448330172], [-79.5176640343876, 43.6306335416702], [-79.5177661852686, 43.6308852230063], [-79.5179302055027, 43.631316975993], [-79.5187874705248, 43.6334439665019], [-79.5191348373315, 43.6342265254214], [-79.5198098123149, 43.6358944664361], [-79.5200156963419, 43.6364228393056], [-79.520193473167, 43.6368749383491], [-79.5203590335828, 43.6372530925663], [-79.5205076006415, 43.6376218893534], [-79.5206654593511, 43.6380138076492], [-79.5207071517689, 43.638117298291], [-79.5207503817688, 43.6382246228837], [-79.5212254826144, 43.6393855877965], [-79.521684613517, 43.6405478314233], [-79.521728205819, 43.6406865254932], [-79.5220967419296, 43.641522584134], [-79.5226727404587, 43.6429150560022], [-79.5232675269395, 43.6442631349715], [-79.523289138992, 43.6443121344658], [-79.5234413753722, 43.6446571527776], [-79.5223011900598, 43.6449335433879], [-79.5211706492316, 43.6452053923539], [-79.5201004728846, 43.6454328075469], [-79.5189804761528, 43.6456748116614], [-79.5170629542644, 43.6461113384502], [-79.5170284217932, 43.6461189768054], [-79.515808150521, 43.646389139156], [-79.5145748209389, 43.6466789039467], [-79.5142372705801, 43.6467297139769], [-79.5137560163415, 43.6468422184475], [-79.5135926122396, 43.6468843728953], [-79.5124549862051, 43.64713140134], [-79.5113665979267, 43.6473715450944], [-79.510251055253, 43.6476192425566], [-79.5100260288888, 43.6476777798255], [-79.509176979969, 43.6478579150599], [-79.508913193052, 43.647943466805], [-79.5080064061551, 43.6481101129889], [-79.5077616049579, 43.6481776490667], [-79.5065999203674, 43.6484343146163], [-79.505456845765, 43.6486999607952], [-79.5043109954263, 43.6489475918694], [-79.503208944783, 43.6492132229414], [-79.5020479398026, 43.6494697969813], [-79.4997705020473, 43.64998283019], [-79.4994153177146, 43.6500458389016], [-79.4992172964548, 43.6500736512933], [-79.49880720816, 43.6500818299105], [-79.4984256687702, 43.6500638142955], [-79.4981030010994, 43.650045797629], [-79.4975669162456, 43.6500277758138], [-79.497188095366, 43.6499692489797], [-79.4966810593601, 43.6498882138177], [-79.4962615685034, 43.6497981781844], [-79.4957479549372, 43.6496856340814], [-79.4954470003984, 43.6496136119994], [-79.4949117510284, 43.649451564818], [-79.4945600644637, 43.6493345307162], [-79.4941113188155, 43.6491868144294], [-79.4938899901936, 43.6491139546583], [-79.4936731367428, 43.6490412119661], [-79.493447954223, 43.6489656686998], [-79.4925749089854, 43.6486727918327], [-79.4919737071211, 43.6484747123962], [-79.492039566236, 43.6483937132765], [-79.4922739640731, 43.6481101867931], [-79.4924219784438, 43.6478716600405], [-79.4926244707132, 43.6474449278324], [-79.4927730736593, 43.647127414291], [-79.4927968494282, 43.6469204738668], [-79.4928209812046, 43.6467385582121], [-79.4928141582593, 43.646468975567], [-79.4927890119734, 43.6462188707519], [-79.4927075845066, 43.6459116672515], [-79.4926744607834, 43.6458388163813], [-79.4925548119591, 43.6456831479446], [-79.4925205829496, 43.6456236649745], [-79.4924363289013, 43.6455343836555], [-79.4923618268593, 43.6454728630447], [-79.4922100596058, 43.6453551695666], [-79.4920043764354, 43.6451941921723], [-79.4918881827992, 43.6450950970254], [-79.4917399638586, 43.6449539540099], [-79.4915529498849, 43.6447220830921], [-79.491438762584, 43.6445556754409], [-79.4913615821845, 43.6444314416246], [-79.4912042808974, 43.6442038925378], [-79.4909852108941, 43.6438416159648], [-79.4907892861739, 43.6434755505078], [-79.490594496758, 43.6430841455438], [-79.4904603438871, 43.6426963818632], [-79.4903627693737, 43.6423938559989], [-79.4902255744764, 43.6420628638821], [-79.490197682911, 43.6420067917544], [-79.490101425179, 43.6418520500387], [-79.4899715496136, 43.6416472389474], [-79.48990511571, 43.6415612876075], [-79.4898012765978, 43.6414642983777], [-79.4896606256408, 43.6413657025051], [-79.4894394767477, 43.6412391316268]]]]}"
141,Kingsway South,15,10089,23,33,27,20,31,29,11,30,21,244.8632,351.9625,287.8158,209.7095,319.0285,293.7304,110.4307,300.541,208.1475,18,16,9,21,10,29,17,35,63,191.6321,170.6485,95.9386,220.195,102.9124,293.7304,170.6656,350.6311,350.6311,12,16,14,8,7,7,12,6,6,127.7547,170.6485,149.2378,83.88382,72.0387,70.90044,120.4698,60.1082,60.1082,24,23,27,31,18,25,21,9,13,255.5094,245.3072,287.8158,325.0498,185.2424,253.2158,210.8222,90.16229,128.8532,,,,,,,,,,,,,,,,,,,9,17,10,15,16,13,4,14,8,95.81603,106.5984,157.2822,164.6599,131.6722,40.15661,140.2525,79.29428,181.314,,,,1,,,,,,,,,10.48548,,,,,,24,34,19,28,27,23,14,17,24,255.5094,362.628,202.537,293.5934,277.8635,232.9586,140.5481,170.3065,237.8828,3,3,2,6,4,4,3,3,4,31.93868,31.99659,21.31969,62.91286,41.16497,40.51453,30.11746,30.0541,39.64714,"{'type': 'MultiPolygon', 'coordinates': [[[[-79.4977697125963, 43.6519917683335], [-79.4972570402818, 43.6519765630722], [-79.4966496546286, 43.6519855394417], [-79.4963840988573, 43.6520199795048], [-79.4960252299668, 43.6520665312367], [-79.4954480649472, 43.6521070164118], [-79.4948399621247, 43.6522105147729], [-79.4942686168959, 43.6522960100451], [-79.4936526855705, 43.6523139887511], [-79.4930607733438, 43.6522689572423], [-79.4924843702052, 43.6521293989058], [-79.491964533513, 43.6519223326285], [-79.491498935157, 43.6516342549973], [-79.4913612840664, 43.6514372863991], [-79.491240974543, 43.6512651713578], [-79.491088391559, 43.6508735910481], [-79.4909681183206, 43.6505480387247], [-79.4909354169868, 43.650459498263], [-79.490881217651, 43.6500544241102], [-79.4910261006633, 43.6496898616515], [-79.4912895300017, 43.6493928284257], [-79.4915390146041, 43.6490687887644], [-79.4917826864679, 43.6487222358753], [-79.4919737071211, 43.6484747123962], [-79.4925749089854, 43.6486727918327], [-79.493447954223, 43.6489656686998], [-79.4936731367428, 43.6490412119661], [-79.4938899901936, 43.6491139546583], [-79.4941113188155, 43.6491868144294], [-79.4945600644637, 43.6493345307162], [-79.4949117510284, 43.649451564818], [-79.4954470003984, 43.6496136119994], [-79.4957479549372, 43.6496856340814], [-79.4962615685034, 43.6497981781844], [-79.4966810593601, 43.6498882138177], [-79.497188095366, 43.6499692489797], [-79.4975669162456, 43.6500277758138], [-79.4981030010994, 43.650045797629], [-79.4984256687702, 43.6500638142955], [-79.49880720816, 43.6500818299105], [-79.4992172964548, 43.6500736512933], [-79.4994153177146, 43.6500458389016], [-79.4997705020473, 43.64998283019], [-79.5020479398026, 43.6494697969813], [-79.503208944783, 43.6492132229414], [-79.5043109954263, 43.6489475918694], [-79.505456845765, 43.6486999607952], [-79.5065999203674, 43.6484343146163], [-79.5077616049579, 43.6481776490667], [-79.5080064061551, 43.6481101129889], [-79.508913193052, 43.647943466805], [-79.509176979969, 43.6478579150599], [-79.5100260288888, 43.6476777798255], [-79.510251055253, 43.6476192425566], [-79.5113665979267, 43.6473715450944], [-79.5124549862051, 43.64713140134], [-79.5135926122396, 43.6468843728953], [-79.5137560163415, 43.6468422184475], [-79.5142372705801, 43.6467297139769], [-79.5145748209389, 43.6466789039467], [-79.515808150521, 43.646389139156], [-79.5170284217932, 43.6461189768054], [-79.5171746536793, 43.6462949766991], [-79.5174121797068, 43.6465514708689], [-79.5176868765633, 43.646740439108], [-79.5179910035693, 43.6469339031006], [-79.5183009403919, 43.6471093626249], [-79.5186205627113, 43.6472533052614], [-79.5189660998398, 43.6473342429312], [-79.519332151413, 43.6473746611629], [-79.5196106829798, 43.6473969641247], [-79.519868275839, 43.647373524533], [-79.5200486049936, 43.6473921982786], [-79.5201516667913, 43.6474342611234], [-79.5204106630127, 43.6476399684899], [-79.5207666763552, 43.6477119063607], [-79.5211029490423, 43.6478018404344], [-79.5214260129358, 43.6479040271487], [-79.5214868725714, 43.6479232788144], [-79.5218797058936, 43.6480357029588], [-79.522173945865, 43.6481526998876], [-79.5222190856679, 43.6481706404155], [-79.5224050174689, 43.648277972469], [-79.5225333091868, 43.6483550973723], [-79.5228169546362, 43.6485755656051], [-79.5231222791967, 43.6487555138045], [-79.5234659410229, 43.6488859550029], [-79.5237530554857, 43.6490884083541], [-79.5239909998847, 43.6493313774979], [-79.524263021431, 43.6495383328838], [-79.5243427882776, 43.649619067319], [-79.5244986380479, 43.6497768103589], [-79.5247454876726, 43.6499882711136], [-79.5250248858075, 43.6501817302717], [-79.5253093364516, 43.650361703938], [-79.5253471580264, 43.6503884023526], [-79.5255643237165, 43.65054167496], [-79.5258626744729, 43.6506901210655], [-79.5261499092477, 43.6507884044748], [-79.526204425337, 43.6508070603969], [-79.526555440209, 43.6509014939929], [-79.5267975647646, 43.6509414664753], [-79.5266256337618, 43.6511350898758], [-79.5264015052642, 43.6513700865089], [-79.5262499905198, 43.6515359082521], [-79.5261398229753, 43.6516564438672], [-79.5254682382704, 43.6523912058558], [-79.5249071089741, 43.6530082109255], [-79.5246935277946, 43.6532408965846], [-79.5243413606209, 43.6536340980102], [-79.52271318737, 43.6554519421463], [-79.5222833666666, 43.6559346162803], [-79.5221809392542, 43.6560398081416], [-79.5220931823779, 43.6561250226616], [-79.5219811363739, 43.6562072443385], [-79.521891746178, 43.6562688851517], [-79.5217977524586, 43.6563196076379], [-79.5216395107184, 43.656397688438], [-79.52150634188, 43.6564570591101], [-79.5203298797657, 43.6569064778259], [-79.5200455585824, 43.6570168399386], [-79.5184675999236, 43.6575362501584], [-79.5174867046129, 43.6578769788941], [-79.5169274477357, 43.6580836171295], [-79.5163071315173, 43.6583127917797], [-79.5159641345049, 43.6584460244002], [-79.5157141287487, 43.6585586931767], [-79.5157021167626, 43.6585640142495], [-79.5156339349408, 43.6586000294356], [-79.51556499779, 43.658636043774], [-79.515495650354, 43.6586675669959], [-79.5154259193181, 43.6587035817425], [-79.515355790648, 43.6587350956313], [-79.5152852898373, 43.6587666100447], [-79.5152143925674, 43.6588026338214], [-79.515142725831, 43.6588341483057], [-79.5150710466225, 43.6588656625827], [-79.5149985994468, 43.6588971857441], [-79.5149417720582, 43.6589217762291], [-79.5149257791092, 43.6589287004089], [-79.5148525630934, 43.6589602143872], [-79.5147793448736, 43.6589872371423], [-79.5147053597994, 43.6590187509358], [-79.514675445103, 43.6590296737645], [-79.5146313601336, 43.6590457733442], [-79.5145569773965, 43.659072787124], [-79.5141367487951, 43.6592356560865], [-79.5120463084104, 43.6600410482116], [-79.5104607133494, 43.6606385701876], [-79.5094839699824, 43.6610214375784], [-79.5086196021558, 43.6613602537504], [-79.5082531871736, 43.6614948412437], [-79.5075613170414, 43.6617752451068], [-79.5071966344855, 43.6619334132196], [-79.5063196457257, 43.6623989695916], [-79.5055913003937, 43.6627797824048], [-79.5055252657065, 43.6628139999063], [-79.5054066996287, 43.6627554970726], [-79.5051470587784, 43.6625574793943], [-79.5048607097829, 43.6623459606295], [-79.5044701380459, 43.6621479464003], [-79.504204988803, 43.6620119552698], [-79.5040962215027, 43.6619544319871], [-79.5037575792847, 43.6617069153831], [-79.5034495620219, 43.6614188823796], [-79.503085008933, 43.6611308679847], [-79.5026972130828, 43.660856354491], [-79.5024607512634, 43.6606846862201], [-79.5022943187531, 43.6605638284987], [-79.501916238522, 43.6602893127026], [-79.5014835325121, 43.660010286076], [-79.5014174848634, 43.6599748126643], [-79.5010562373933, 43.6597807655846], [-79.5006149857678, 43.6595692365645], [-79.5001481843304, 43.6593532242415], [-79.4997797796377, 43.6590516788562], [-79.4995229509286, 43.6586961250629], [-79.4994431589879, 43.6583135578227], [-79.4994672124211, 43.6582078914011], [-79.499532267844, 43.6579219901355], [-79.4995634739351, 43.6578640851541], [-79.4997383882128, 43.6575394154564], [-79.5000289476933, 43.65717486156], [-79.5004081993816, 43.6568823079927], [-79.5008188263907, 43.6566347592586], [-79.5012368134363, 43.6563646967465], [-79.5016144806152, 43.6560901324562], [-79.5019437174251, 43.6557975743707], [-79.5022582213186, 43.6554825033612], [-79.5025115274511, 43.6551449383132], [-79.5026361747481, 43.654914285051], [-79.5026939427403, 43.6548073830636], [-79.5027961675606, 43.654456319212], [-79.5028608260909, 43.6540602577277], [-79.5028732154403, 43.6536417031226], [-79.5027825352053, 43.6532231515814], [-79.5024904452476, 43.6528856164169], [-79.5020712784703, 43.6525931075128], [-79.5015250739149, 43.6524086153531], [-79.5009474963295, 43.6522826207775], [-79.5003431952402, 43.6521791173537], [-79.4997191338964, 43.6521476212356], [-79.4990753255446, 43.6521296158531], [-79.4984733577169, 43.6520711095204], [-79.4978644113239, 43.6519945788072], [-79.4977697125963, 43.6519917683335]]]]}"
142,Etobicoke West Mall,13,12544,45,59,46,53,45,52,63,48,52,390.0494,505.6998,388.9734,441.6667,368.8524,420.5759,506.7975,385.6661,414.5408,11,14,15,9,9,12,10,16,31,95.34541,119.9966,126.8392,75,73.77049,97.05597,80.44405,128.5554,128.5554,10,2,1,2,2,3,2,4,4,86.67764,17.14237,8.455944,16.66667,16.39344,24.26399,16.08881,32.13884,32.13884,26,25,14,8,16,8,14,12,21,225.3619,214.2796,118.3832,66.66666,131.1475,64.70398,112.6217,96.41652,167.4107,1,,1,,,2,1,,,8.667764584,,8,,,16.17599,8.044405,,,15,5,4,4,6,10,9,2,5,130.0165,33.82378,33.33333,49.18033,80.87997,72.39964,16.06942,39.8597,42.85592,1,2,1,1,3,4,6,,1,8.667765,17.14237,8.455944,8.333333,24.59016,32.35199,48.26643,,7.971939,24,25,19,15,23,19,29,18,24,208.0264,214.2796,160.6629,125,188.5246,153.672,233.2878,144.6248,191.3265,,3,,4,3,6,7,3,5,,25.71355,,33.33333,24.59016,48.52798,56.31084,24.10413,39.8597,"{'type': 'MultiPolygon', 'coordinates': [[[[-79.5617455807248, 43.642216758313], [-79.5611579680793, 43.6407656923466], [-79.5611424478286, 43.640727372477], [-79.560792617578, 43.6398365037845], [-79.5606406330114, 43.6394494525565], [-79.5605707073407, 43.6392424671857], [-79.5604984432673, 43.6390399740941], [-79.5604250237817, 43.6388329815338], [-79.5603508402324, 43.6386304893708], [-79.5602754752748, 43.6384234974075], [-79.5601993586341, 43.6382210068946], [-79.5601220657568, 43.6380185249169], [-79.5600439604287, 43.6377710282301], [-79.5599930454311, 43.6376090297666], [-79.5599821567893, 43.6375640286233], [-79.5599689404241, 43.6375100275207], [-79.5599436701204, 43.6374110258926], [-79.5599179907973, 43.6373120236058], [-79.5598915552842, 43.6372130225885], [-79.5598643512128, 43.6371140217838], [-79.5598359583149, 43.6370150212979], [-79.5598068257273, 43.6369205215592], [-79.5597772883633, 43.6368170217694], [-79.5597469617417, 43.636718022101], [-79.5597154999521, 43.6366235235972], [-79.5596832519055, 43.6365245258074], [-79.5596506208947, 43.636425527683], [-79.559616824658, 43.6363265292693], [-79.5595890208632, 43.6362468009784], [-79.5598020973151, 43.6362136369032], [-79.5600424484361, 43.6361531739428], [-79.5604719796313, 43.636059162197], [-79.5605089672618, 43.6360518603437], [-79.5605589761216, 43.6360403303457], [-79.5623220169944, 43.6356339248161], [-79.5636581593214, 43.6353143770175], [-79.5640027202013, 43.6360471674418], [-79.5640451422474, 43.636092699456], [-79.5641297749179, 43.63620654707], [-79.564201411462, 43.63628980522], [-79.5642826116896, 43.6363685221165], [-79.5643829300665, 43.6364417642888], [-79.5644822884067, 43.6364972826502], [-79.564609275253, 43.6365442159924], [-79.5647099534185, 43.6365719105266], [-79.5648609740581, 43.6365979014872], [-79.5649897496117, 43.6366025725305], [-79.5651165424805, 43.6366064784129], [-79.5652630845936, 43.6365832258551], [-79.5653653202707, 43.6365603308779], [-79.5664729849216, 43.6362919273985], [-79.5672792021349, 43.636100582148], [-79.5673941721838, 43.6360844016558], [-79.5674933950125, 43.6360621819195], [-79.5675982097789, 43.6360530734971], [-79.5677135502091, 43.6360571454041], [-79.5678121277994, 43.6360566015137], [-79.5679421470424, 43.6360990104558], [-79.5680445559329, 43.6361209936269], [-79.5681123589465, 43.6361404416445], [-79.5681543144941, 43.6361543327203], [-79.5681695769594, 43.6361593824536], [-79.5682465744737, 43.6361890858227], [-79.5683341955016, 43.6362305751218], [-79.5684253333336, 43.636281792149], [-79.5685179095452, 43.636342766689], [-79.5686208903031, 43.6364209987668], [-79.5686898453342, 43.6364940847813], [-79.5687567642817, 43.6365855790391], [-79.5688194179913, 43.6366864019612], [-79.5691275182865, 43.637360347706], [-79.5691425017422, 43.6373916907426], [-79.5691939190212, 43.6374854451409], [-79.5692702896681, 43.6375604613333], [-79.5693705092277, 43.6376373174714], [-79.5696556701781, 43.6378856992994], [-79.5699885548824, 43.6381688592028], [-79.5701086221866, 43.6382807452572], [-79.5702394726687, 43.6384141459449], [-79.5703379394287, 43.6385488179432], [-79.5704095291868, 43.6386667818059], [-79.5705009197228, 43.6388544857224], [-79.5706406021337, 43.6391402468017], [-79.5711252391481, 43.640167076543], [-79.5715535104274, 43.6410498082559], [-79.5716541362372, 43.6412940606116], [-79.5727793895775, 43.6410396191228], [-79.5738586860754, 43.6407739081147], [-79.5741501002446, 43.6414432324249], [-79.5741947584211, 43.6415133783053], [-79.5742569472456, 43.6415975458955], [-79.5743318173312, 43.6416729019081], [-79.5744040345665, 43.6417380791407], [-79.5744700480835, 43.6417771377526], [-79.5745392990301, 43.6418082736177], [-79.5746479038585, 43.6418389782257], [-79.5747453642837, 43.641859023554], [-79.5748689988419, 43.6418863606177], [-79.5754499705808, 43.6420170212296], [-79.5755021997794, 43.642035232587], [-79.5755964672699, 43.6420787187718], [-79.5756574170228, 43.6421212998583], [-79.5757149022293, 43.6421790147808], [-79.5757781206041, 43.6422617582386], [-79.5758173955942, 43.6423462733162], [-79.5758969273199, 43.6425680139222], [-79.5752946518101, 43.642713037386], [-79.5743646352389, 43.6429265832342], [-79.574116134699, 43.642961913009], [-79.5724890217222, 43.6433491329815], [-79.5728302687366, 43.6440659203512], [-79.5729173801552, 43.6441971500837], [-79.5729975559341, 43.6443119924252], [-79.5730756972182, 43.6443949983989], [-79.5731487174318, 43.6444659813571], [-79.5731887212787, 43.6445096573432], [-79.573232901394, 43.6445631691271], [-79.5732801428904, 43.6446471127976], [-79.5733219721981, 43.6447454167972], [-79.5733693968951, 43.6448568328251], [-79.5734256789319, 43.6449542898361], [-79.5734630361656, 43.6450033593613], [-79.5735505728983, 43.6451045774812], [-79.5736240671834, 43.6451766492193], [-79.5736959351988, 43.6452371287563], [-79.5737656687298, 43.6452849076718], [-79.5738475551668, 43.6453263778659], [-79.5739554786073, 43.645363231511], [-79.5740552681691, 43.6453887223516], [-79.5741332989774, 43.6454095369291], [-79.5741967385235, 43.6454192440526], [-79.5744270704262, 43.645457377525], [-79.5750801202361, 43.6455599346122], [-79.5752752178599, 43.6456119514554], [-79.5755520384674, 43.6456935010839], [-79.5764417040317, 43.6459648948324], [-79.5765338124644, 43.6460015949786], [-79.5766594805453, 43.6460703267062], [-79.5767709378878, 43.6461442161685], [-79.5768491932745, 43.6462043824854], [-79.5769109543777, 43.6462665853545], [-79.5769619012174, 43.6463256273213], [-79.57700385162, 43.6463867542158], [-79.5770563049761, 43.6464790997419], [-79.5771349099741, 43.6466566797189], [-79.5772682193736, 43.6470177069745], [-79.5773838319442, 43.6472473345737], [-79.5774450219817, 43.6473367399245], [-79.5777244307445, 43.647599786267], [-79.5779209802245, 43.6478196004423], [-79.5780289856727, 43.6479626841539], [-79.5781093636015, 43.6480881806242], [-79.5782143963772, 43.6482992806937], [-79.5788505913505, 43.6497399085673], [-79.5789338265331, 43.649942858445], [-79.5792266116064, 43.6504659504546], [-79.5795040873058, 43.6514173906605], [-79.5775094504171, 43.6518731401751], [-79.5752472432764, 43.6524155615462], [-79.5742962330091, 43.6526357623124], [-79.5725551075216, 43.6530361094372], [-79.5725197486306, 43.653044368308], [-79.5712587540796, 43.6533392804211], [-79.5702188115723, 43.6535675680304], [-79.5678152526273, 43.6541289401073], [-79.5675582500422, 43.6541894913857], [-79.5673015388641, 43.654256018939], [-79.5671054578667, 43.6538406130359], [-79.5670042005695, 43.653632093028], [-79.5669226633504, 43.6534746257251], [-79.5668423035792, 43.6533171497149], [-79.5667627050374, 43.6531641815505], [-79.5666834993583, 43.6530067045876], [-79.5666054721741, 43.6528492261393], [-79.5665281927192, 43.6526962481694], [-79.5664516858481, 43.6525342678071], [-79.5662861235948, 43.6522071466962], [-79.5662268561706, 43.6520618271962], [-79.5661476329998, 43.6519088497788], [-79.5660691914481, 43.6517558722053], [-79.5659915505992, 43.6515983927541], [-79.5659142754748, 43.6514454143957], [-79.565873210704, 43.6513600155182], [-79.5658385450623, 43.6512879344943], [-79.5657632118538, 43.6511304541213], [-79.5656886478699, 43.6509729725437], [-79.5656148699381, 43.6508199919373], [-79.5655422274941, 43.6506625100623], [-79.5654703790473, 43.6505050272986], [-79.5653992997773, 43.6503475442365], [-79.565329014492, 43.6501900602886], [-79.5652594735572, 43.650032576634], [-79.5647391824204, 43.6489841950718], [-79.5644194411416, 43.6483311014199], [-79.5642117764551, 43.6479068856162], [-79.5641664569279, 43.6478143132237], [-79.5640949178133, 43.6476499616164], [-79.5635603413753, 43.6464747536485], [-79.5631551952845, 43.6455840855031], [-79.5631322456968, 43.6455316651125], [-79.5626780347605, 43.6444935889591], [-79.562248094395, 43.6434541657366], [-79.5620970608839, 43.6430822660353], [-79.5617455807248, 43.642216758313]]]]}"
143,Markland Wood,12,10741,23,12,26,23,24,14,42,25,34,214.6924,112.202,242.8999,213.9137,221.4839,128.7593,387.2395,232.7313,316.5441,8,15,13,9,19,9,29,22,28,74.67563,140.2525,121.4499,83.70536,175.3415,82.77384,267.3797,204.8036,204.8036,32,6,1,3,5,9,1,1,1,298.7025,56.10098,9.342302,27.90178,46.14249,82.77384,9.219989,9.309254,9.309254,52,19,19,13,25,25,12,9,12,485.3916,177.6531,177.5037,120.9077,230.7124,229.9273,110.6399,83.78328,111.7214,,,,,,,,,,,,,,,,,,,9,3,10,10,4,13,17,8,11,84.01008,93.42302,93.00595,36.91399,119.5622,156.7398,74.47403,102.4113,28.05049,,,,,1,1,,,,,,,,9.228498,9.197094,,,,58,38,44,31,22,18,16,23,58,541.3983,355.3062,411.0613,288.3185,203.0269,165.5477,147.5198,214.1128,539.9869,3,2,2,1,2,3,7,,3,28.00336,18.70033,18.6846,9.300595,18.457,27.59128,64.53992,,27.93036,"{'type': 'MultiPolygon', 'coordinates': [[[[-79.5741501002446, 43.6414432324249], [-79.5738586860754, 43.6407739081147], [-79.5727793895775, 43.6410396191228], [-79.5716541362372, 43.6412940606116], [-79.5715535104274, 43.6410498082559], [-79.5711252391481, 43.640167076543], [-79.5706406021337, 43.6391402468017], [-79.5705009197228, 43.6388544857224], [-79.5704095291868, 43.6386667818059], [-79.5703379394287, 43.6385488179432], [-79.5702394726687, 43.6384141459449], [-79.5701086221866, 43.6382807452572], [-79.5699885548824, 43.6381688592028], [-79.5696556701781, 43.6378856992994], [-79.5693705092277, 43.6376373174714], [-79.5692702896681, 43.6375604613333], [-79.5691939190212, 43.6374854451409], [-79.5691425017422, 43.6373916907426], [-79.5691275182865, 43.637360347706], [-79.5688194179913, 43.6366864019612], [-79.5687567642817, 43.6365855790391], [-79.5686898453342, 43.6364940847813], [-79.5686208903031, 43.6364209987668], [-79.5685179095452, 43.636342766689], [-79.5684253333336, 43.636281792149], [-79.5683341955016, 43.6362305751218], [-79.5682465744737, 43.6361890858227], [-79.5681695769594, 43.6361593824536], [-79.5681543144941, 43.6361543327203], [-79.5681123589465, 43.6361404416445], [-79.5680445559329, 43.6361209936269], [-79.5679421470424, 43.6360990104558], [-79.5678121277994, 43.6360566015137], [-79.5677135502091, 43.6360571454041], [-79.5675982097789, 43.6360530734971], [-79.5674933950125, 43.6360621819195], [-79.5673941721838, 43.6360844016558], [-79.5672792021349, 43.636100582148], [-79.5664729849216, 43.6362919273985], [-79.5653653202707, 43.6365603308779], [-79.5652630845936, 43.6365832258551], [-79.5651165424805, 43.6366064784129], [-79.5649897496117, 43.6366025725305], [-79.5648609740581, 43.6365979014872], [-79.5647099534185, 43.6365719105266], [-79.564609275253, 43.6365442159924], [-79.5644822884067, 43.6364972826502], [-79.5643829300665, 43.6364417642888], [-79.5642826116896, 43.6363685221165], [-79.564201411462, 43.63628980522], [-79.5641297749179, 43.63620654707], [-79.5640451422474, 43.636092699456], [-79.5640027202013, 43.6360471674418], [-79.5636581593214, 43.6353143770175], [-79.5623220169944, 43.6356339248161], [-79.5605589761216, 43.6360403303457], [-79.5605089672618, 43.6360518603437], [-79.5604719796313, 43.636059162197], [-79.5600424484361, 43.6361531739428], [-79.5598020973151, 43.6362136369032], [-79.5595890208632, 43.6362468009784], [-79.5595760326242, 43.6362095329276], [-79.5595297981193, 43.6360520240488], [-79.55948275804, 43.6358945148987], [-79.5594345812391, 43.635741525786], [-79.5593856210905, 43.6355840266028], [-79.5593362684925, 43.635431028924], [-79.559285770337, 43.6352735310133], [-79.5592442301388, 43.6351496118725], [-79.5592344855235, 43.6351205341382], [-79.559182439708, 43.6349630274698], [-79.5591299888409, 43.6348100311478], [-79.5590763989593, 43.6346570348448], [-79.5590220121214, 43.6344995300925], [-79.5589668733598, 43.6343465259085], [-79.5589109414788, 43.6341935215986], [-79.558854639193, 43.6340405179898], [-79.5587971468576, 43.6338875245547], [-79.558738521703, 43.6337300211301], [-79.5586798772714, 43.6335770185033], [-79.558620081466, 43.6334240166295], [-79.5585668864767, 43.6332800127796], [-79.5585144645772, 43.6331270156015], [-79.5584771715288, 43.6330100080166], [-79.5584387051856, 43.6328840086797], [-79.5584002268406, 43.6327579992717], [-79.5583602340411, 43.6326410017094], [-79.5583198342997, 43.6325150031498], [-79.5582786604083, 43.6323934958839], [-79.5582367166218, 43.6322719986978], [-79.5581939882822, 43.6321459923222], [-79.5581557156787, 43.6320391017047], [-79.5581504841286, 43.6320244952249], [-79.5581062239411, 43.6319029993758], [-79.5580611829607, 43.6317815035613], [-79.5580602389196, 43.6317789921539], [-79.5580153622162, 43.6316600167973], [-79.5579687732959, 43.6315385212212], [-79.5579214147287, 43.6314170267179], [-79.5578732764115, 43.6312955412625], [-79.5578243587795, 43.6311740468516], [-79.557774687839, 43.6310570538929], [-79.5577242208346, 43.6309355695972], [-79.5576733699522, 43.6308140768312], [-79.5576217504947, 43.6306925932494], [-79.5575689662374, 43.6305711003445], [-79.557491315778, 43.6303641080653], [-79.5574125140413, 43.6301571246062], [-79.5573332903426, 43.6299501321588], [-79.5572533246473, 43.6297431401882], [-79.5571729625936, 43.6295361575581], [-79.5570910642072, 43.6293291662746], [-79.5570087449098, 43.6291221750144], [-79.5569260555128, 43.6289151844181], [-79.5568418208592, 43.6287127032348], [-79.556789590689, 43.6285843514133], [-79.5567720905948, 43.6285413607397], [-79.5569807454039, 43.6284864023611], [-79.5571297021732, 43.6284515197396], [-79.557261698202, 43.6284206150735], [-79.5572838006555, 43.6284154367699], [-79.5573443817289, 43.6283995189188], [-79.5574382780824, 43.6283748527943], [-79.5575931436987, 43.6283387601804], [-79.5577480213111, 43.6283026765114], [-79.5579036561184, 43.6282665922814], [-79.5580589176441, 43.6282305076316], [-79.5582145671905, 43.6281989242417], [-79.5583709935585, 43.6281628385542], [-79.5585270367097, 43.6281267532213], [-79.5586834666976, 43.6280951682294], [-79.5588402808004, 43.6280635824639], [-79.5588994556463, 43.6280544521472], [-79.5589970825459, 43.6280319882235], [-79.5591542929954, 43.6280004016209], [-79.5593114908723, 43.6279688155434], [-79.5594690905578, 43.6279417290898], [-79.559627056651, 43.6279101423554], [-79.5597846383332, 43.6278785550603], [-79.5599429924785, 43.6278514675543], [-79.5605952900438, 43.6277271027702], [-79.5610003927453, 43.6276416257693], [-79.562376111442, 43.6273513717483], [-79.563763611386, 43.6270347649224], [-79.5637861646401, 43.6270814520373], [-79.5638023232664, 43.6271631661387], [-79.5638345712066, 43.6272612184037], [-79.5638797008675, 43.6273779419588], [-79.5638959044914, 43.6275133679332], [-79.563902464943, 43.6276347751261], [-79.5639058369775, 43.6277888860553], [-79.5639573800757, 43.6278986022363], [-79.5641117084431, 43.6280022570906], [-79.5643383322134, 43.6280606385495], [-79.5645432609775, 43.6281325429565], [-79.5647954146253, 43.6281684064971], [-79.5650293270863, 43.6281817754751], [-79.5652791169901, 43.6281861340308], [-79.5655285284249, 43.6281949928717], [-79.5657659685004, 43.6282263612119], [-79.5660064668613, 43.6282442254738], [-79.5662202484584, 43.6282396007421], [-79.56644446473, 43.6282349696279], [-79.5666624719628, 43.6282303421446], [-79.5668650130493, 43.6282257238081], [-79.5669744003925, 43.6282062430764], [-79.5670802816842, 43.6281760900103], [-79.5672711398245, 43.6281174681978], [-79.5673640548405, 43.6280733429574], [-79.5674410420815, 43.6280138526364], [-79.5674908355649, 43.6279163380616], [-79.5675263232759, 43.6277707097843], [-79.5675235588722, 43.6276807516822], [-79.5675372985887, 43.6276234768115], [-79.5676097333893, 43.6275051739684], [-79.5677051891701, 43.6273295900383], [-79.5678475180202, 43.6271719809127], [-79.5680057615136, 43.6270413667882], [-79.5681764022091, 43.6269152359501], [-79.5683699053231, 43.6268116048977], [-79.5685890231207, 43.6267529647672], [-79.568800473354, 43.626761838957], [-79.5689782739979, 43.6268202499419], [-79.5691506754405, 43.6268921476232], [-79.5693714627552, 43.6269280198753], [-79.5695925941653, 43.626950388263], [-79.5697982817008, 43.6269907698844], [-79.5700058668691, 43.6269996439021], [-79.5702192154423, 43.6269680168855], [-79.5703922154036, 43.6268823976602], [-79.5705729780602, 43.6268012736901], [-79.5707924621223, 43.6267291261662], [-79.5709778669225, 43.6266660017964], [-79.5711903850533, 43.6265938582516], [-79.571401744934, 43.6265262162208], [-79.5716034235962, 43.6264675810266], [-79.5718236675302, 43.6263909309255], [-79.5720295868781, 43.6263142896161], [-79.5720771513892, 43.6262983985014], [-79.5722455732452, 43.6262421415115], [-79.5724638892571, 43.626160991118], [-79.5726675096615, 43.6261113453387], [-79.5728967099647, 43.6260751931898], [-79.5730996002555, 43.6260570613018], [-79.573295947899, 43.6260704377936], [-79.5735050166993, 43.6260387980277], [-79.5736958547512, 43.6259846671759], [-79.5738758172857, 43.6259035297748], [-79.5740364291453, 43.6258269137678], [-79.5742043604346, 43.6257277798846], [-79.5743451797737, 43.6256196718762], [-79.5745119804079, 43.6255385421683], [-79.5746830759712, 43.6254934231104], [-79.5748774223465, 43.6254527895525], [-79.5750679290656, 43.6254436630921], [-79.5752495769334, 43.6254750490766], [-79.5754161486171, 43.625519937394], [-79.575583873097, 43.6255648335325], [-79.5757376628665, 43.6256232409104], [-79.5758818337477, 43.6257086580791], [-79.5760352676399, 43.6257895687338], [-79.5761829093015, 43.6258659824784], [-79.5763406203588, 43.6259468901791], [-79.5764828118652, 43.6260143055161], [-79.5766195758002, 43.6260817242155], [-79.5767567490889, 43.6261491424457], [-79.5768996997707, 43.6261985542848], [-79.5770701282179, 43.6262434467917], [-79.5772363311959, 43.6262973336294], [-79.5773959246053, 43.6263467341194], [-79.5775609275349, 43.626382627332], [-79.5777197599214, 43.626427526721], [-79.5778932874861, 43.6264724061424], [-79.5780772685942, 43.6265217885755], [-79.5782597010462, 43.6265621609899], [-79.5784529824902, 43.6266070358698], [-79.5786280725551, 43.6266609240671], [-79.5787934560888, 43.6266923056452], [-79.5789940933881, 43.6267236723878], [-79.5791997677628, 43.6267775293684], [-79.5793919281231, 43.6268359054752], [-79.5795681781534, 43.6268762889975], [-79.579709578133, 43.6269301899349], [-79.579774642148, 43.6269739815519], [-79.5798231372724, 43.6270066229393], [-79.579932453128, 43.6270965603786], [-79.5800181676477, 43.6272000165794], [-79.5801309728184, 43.6272764489125], [-79.5802453253246, 43.6273708839709], [-79.5803484403011, 43.6274563248373], [-79.5804639474519, 43.6275417565472], [-79.580591462661, 43.627618169429], [-79.5807603735961, 43.6276810599166], [-79.580853238361, 43.6277185845102], [-79.5809494400225, 43.6277574290205], [-79.5811125528484, 43.6278113222717], [-79.5813209211008, 43.6278471703335], [-79.581361988129, 43.6278561428878], [-79.5814135363999, 43.627892111541], [-79.581528216638, 43.6279325364039], [-79.5816676446987, 43.6279549316861], [-79.5817283983744, 43.6279619001145], [-79.5817846051977, 43.6279683501889], [-79.5819077565391, 43.6279682530003], [-79.5820688324139, 43.6279546349098], [-79.5822291229897, 43.6279365075706], [-79.5824181301571, 43.6279588749412], [-79.5826079305746, 43.627999235452], [-79.5827903833077, 43.6280486111489], [-79.5829712936794, 43.6280934780564], [-79.5831553331204, 43.628151844391], [-79.58330376793, 43.6281905321496], [-79.5833447631103, 43.6282012138537], [-79.5835376697183, 43.6282460718834], [-79.5837429928092, 43.6282999208317], [-79.5839041706885, 43.6283583115131], [-79.5840719279426, 43.6284076957743], [-79.5840929055231, 43.6284147464365], [-79.5849693735685, 43.6286816474035], [-79.5851395085488, 43.6287285078108], [-79.5852963010598, 43.6287949746201], [-79.5853929417546, 43.6288266590701], [-79.5855934535603, 43.6289278284967], [-79.5857174816546, 43.6290466713921], [-79.5858352964107, 43.6291704236689], [-79.5859312999087, 43.6292929146397], [-79.5860011625783, 43.6294198362246], [-79.5860309419565, 43.6295852139344], [-79.5860066472416, 43.62974672627], [-79.5859392912204, 43.6298912853291], [-79.5858394386441, 43.6300607037881], [-79.5857299020554, 43.6302346033509], [-79.5856629833483, 43.6303480436557], [-79.585572497314, 43.6305083000908], [-79.5855493591399, 43.6305681683064], [-79.5854083183812, 43.6307326746051], [-79.5853401838659, 43.6308461068656], [-79.5852776236853, 43.6309676729272], [-79.5852042222176, 43.6310982473747], [-79.5851443822559, 43.6312243120926], [-79.5851124515936, 43.6313683574277], [-79.585079331175, 43.6315034029716], [-79.5850586335903, 43.631651941658], [-79.5850700581519, 43.6317914544573], [-79.5850911810553, 43.6319444626917], [-79.5851161821767, 43.6320884663486], [-79.5851493130693, 43.6322324643879], [-79.5851839741089, 43.6323719595682], [-79.585213623105, 43.6325159595013], [-79.5852490470486, 43.6326509540172], [-79.5852957104297, 43.632776938717], [-79.5853497495902, 43.6329119195996], [-79.585421187008, 43.6330378858296], [-79.5855057613873, 43.6331458302039], [-79.5856166827351, 43.633253763808], [-79.5857051236654, 43.6333437110517], [-79.5857614435385, 43.6334606868279], [-79.5858150101684, 43.6335506607611], [-79.5858368505443, 43.6336496593638], [-79.5858095043367, 43.6337666983712], [-79.5857569875178, 43.6338747632163], [-79.5856630401677, 43.6339828501986], [-79.585601604925, 43.634086412478], [-79.5855440617066, 43.6341989728188], [-79.5855097696605, 43.634320516901], [-79.5855362639942, 43.6344330241517], [-79.5855960476116, 43.6345364955058], [-79.5856918453295, 43.6346309376171], [-79.5858035254205, 43.6347208679965], [-79.5859179335738, 43.6348377907558], [-79.5859932353667, 43.6349502516525], [-79.586026338066, 43.6350807466969], [-79.5860458884714, 43.6352067512754], [-79.5860603957561, 43.635332760089], [-79.5860566904858, 43.6354542820213], [-79.5859956764047, 43.6355758458967], [-79.5859392913795, 43.6356929065058], [-79.5858782523739, 43.635805469654], [-79.585813359645, 43.6359270376581], [-79.5857426535436, 43.6360486093225], [-79.5856920747167, 43.6361611640347], [-79.5856205934501, 43.6362782357555], [-79.5855378447352, 43.6363773131532], [-79.5854674894783, 43.6364763809018], [-79.5854072297995, 43.6365889435224], [-79.5853465863653, 43.6367105071107], [-79.5853080275992, 43.6368320549941], [-79.5852663896671, 43.6369671066896], [-79.585269281821, 43.6370931149563], [-79.5852888252312, 43.6372146184601], [-79.5852931148425, 43.6372416104738], [-79.5853067248499, 43.6372866168039], [-79.585349482172, 43.6373991020418], [-79.5854348485731, 43.6375025452229], [-79.5854969584792, 43.6376015136836], [-79.5855494016495, 43.6377094915832], [-79.5856196423841, 43.63780845345], [-79.5856937435703, 43.6378939021947], [-79.585698756788, 43.6378984085786], [-79.5851447311865, 43.6384496532689], [-79.5843717272962, 43.6392135702121], [-79.5836786498681, 43.6398636908736], [-79.5835481494256, 43.6399621444028], [-79.5834385073037, 43.6400513472342], [-79.5833284510505, 43.6401275071126], [-79.5832125863244, 43.640189412768], [-79.5830985001538, 43.6402557099682], [-79.5829253493579, 43.6403180081244], [-79.5826229069252, 43.6404415106417], [-79.5820009607614, 43.6406588010675], [-79.5822418977129, 43.6410399808837], [-79.5822332484637, 43.6410871722105], [-79.5822132239907, 43.6411547055013], [-79.5821989422736, 43.6412162314638], [-79.5821535020587, 43.6413059269047], [-79.5821014694929, 43.6413875081254], [-79.5819478502028, 43.6415338719929], [-79.5814371659521, 43.641995629912], [-79.5808560152051, 43.6425822749173], [-79.5802565038136, 43.6431838901743], [-79.5801837894441, 43.6432541702488], [-79.5791688499165, 43.644222741157], [-79.5789349975721, 43.6443815877418], [-79.5788169034919, 43.6444260727556], [-79.5786752946479, 43.6444410141312], [-79.578562393071, 43.64443785969], [-79.5784881085559, 43.6444287836406], [-79.5784197494312, 43.6444100894044], [-79.5783306325884, 43.644376764842], [-79.5782411751617, 43.6443184608499], [-79.5781571010787, 43.6442733136833], [-79.5770086670959, 43.6436351669442], [-79.5768289175058, 43.6435707656616], [-79.5762902137053, 43.6432099198575], [-79.5762132253316, 43.643129840498], [-79.576144776245, 43.643058676022], [-79.576076458747, 43.642963631094], [-79.5758969273199, 43.6425680139222], [-79.5758173955942, 43.6423462733162], [-79.5757781206041, 43.6422617582386], [-79.5757149022293, 43.6421790147808], [-79.5756574170228, 43.6421212998583], [-79.5755964672699, 43.6420787187718], [-79.5755021997794, 43.642035232587], [-79.5754499705808, 43.6420170212296], [-79.5748689988419, 43.6418863606177], [-79.5747453642837, 43.641859023554], [-79.5746479038585, 43.6418389782257], [-79.5745392990301, 43.6418082736177], [-79.5744700480835, 43.6417771377526], [-79.5744040345665, 43.6417380791407], [-79.5743318173312, 43.6416729019081], [-79.5742569472456, 43.6415975458955], [-79.5741947584211, 43.6415133783053], [-79.5741501002446, 43.6414432324249]]]]}"
144,Eringate-Centennial-West Deane,11,19446,55,64,61,58,34,44,42,39,57,286.2645,335.061,320.6982,302.5561,175.3391,225.329,215.186,201.0517,293.1194,28,24,30,29,27,41,51,66,89,145.7347,125.6479,157.7204,151.278,139.2399,209.9657,261.2973,340.2413,340.2413,5,2,4,4,2,3,4,,,26.02405,10.47066,21.02939,20.86594,10.31406,15.36334,20.4939,,,39,28,28,18,33,20,12,14,18,202.9876,146.5892,147.2057,93.89671,170.182,102.4223,61.48171,72.17239,92.56403,,,,,2,1,,,,,,,,10.31406,5.121114,,,,13,15,13,18,9,11,20,4,12,67.66252,68.34551,93.89671,46.41328,56.33226,102.4695,20.62068,61.70935,78.52992,,4,3,1,3,2,4,1,1,,20.94131,15.77204,5.216484,15.4711,10.24223,20.4939,5.15517,5.142446,71,46,42,29,42,36,37,34,71,369.5414,240.8251,220.8086,151.278,216.5953,184.3601,189.5686,175.2758,365.1136,6,4,4,2,4,4,3,2,3,31.22886,20.94131,21.02939,10.43297,20.62813,20.48446,15.37043,10.31034,15.42734,"{'type': 'MultiPolygon', 'coordinates': [[[[-79.5735906674992, 43.6733315937057], [-79.5735802789353, 43.6733143989665], [-79.573555767091, 43.6733181141724], [-79.573376749791, 43.6733452242827], [-79.5726637879581, 43.6734581513481], [-79.5724855451732, 43.673489759975], [-79.5723080824768, 43.6735213681639], [-79.572130620841, 43.67355297609], [-79.5719535547516, 43.6735845832802], [-79.5717753114601, 43.673616181787], [-79.5714451774295, 43.6736703784314], [-79.5713891921144, 43.673686516803], [-79.5711150442819, 43.6737245651277], [-79.5707844997413, 43.6737787601302], [-79.5704539920467, 43.6738329456321], [-79.5701230572583, 43.6738826291894], [-79.5698792145941, 43.6739192520162], [-79.5697921217124, 43.6739323216818], [-79.5694615952492, 43.6739820030282], [-79.5693259738944, 43.6740045798698], [-79.5691903487858, 43.6740226644613], [-79.5690543256048, 43.6740407403059], [-79.5689183271486, 43.674058816298], [-79.5687819078908, 43.6740769003642], [-79.5687617583594, 43.6740795679931], [-79.5686455244975, 43.6740949856169], [-79.5685091118067, 43.6741085602901], [-79.5683719358046, 43.6741266361886], [-79.5682351382065, 43.6741402201191], [-79.5680983416426, 43.6741537579788], [-79.5679611717625, 43.674167342319], [-79.5678239896589, 43.674180916437], [-79.567782548736, 43.6741850188171], [-79.5677679785342, 43.6741864497242], [-79.567685653983, 43.674194536259], [-79.56754923174, 43.6741991084749], [-79.5674132118011, 43.6741991800233], [-79.5672771784285, 43.6742082614357], [-79.5671407672973, 43.6742128333031], [-79.5670047462625, 43.6742219145456], [-79.5668621718339, 43.6742269220233], [-79.5653980295751, 43.6743286735703], [-79.5651895983691, 43.6743399545383], [-79.5650369035896, 43.6743445418562], [-79.5648838422453, 43.6743536299141], [-79.5647311641679, 43.6743627180782], [-79.5645784870753, 43.6743718150544], [-79.564425796515, 43.6743809026533], [-79.5642731195768, 43.6743899893189], [-79.5641204590869, 43.6744035860359], [-79.5639681541811, 43.6744126733662], [-79.5638158728401, 43.6744217589888], [-79.5636635719278, 43.6744353551116], [-79.5635404118438, 43.6744463424158], [-79.5635112959694, 43.674448942341], [-79.5631800164155, 43.6744863372356], [-79.5630987203585, 43.6743050140439], [-79.5622504697005, 43.6724308537816], [-79.5620168305904, 43.6719102003558], [-79.5619998702224, 43.6718779303927], [-79.5607675066713, 43.6691949091945], [-79.5604832314936, 43.6685321652673], [-79.5596944523803, 43.6667835572917], [-79.5594890317322, 43.6663284403325], [-79.5586053121819, 43.6644090372549], [-79.5584321455863, 43.6640162349681], [-79.5579930393914, 43.6630555656996], [-79.5577387700228, 43.6624992310496], [-79.5572820434304, 43.6614998078514], [-79.5566347946306, 43.6600835069316], [-79.5563439800767, 43.6594006373345], [-79.5559302827223, 43.658545837815], [-79.5557271829179, 43.6581261498597], [-79.5556968612504, 43.658063488415], [-79.5556811698948, 43.6580277246612], [-79.5552495074276, 43.6570440052228], [-79.5556164828205, 43.6569863175984], [-79.5557497277433, 43.6569653611076], [-79.5569940904314, 43.6566738050432], [-79.5576292281733, 43.6565275754152], [-79.5606541268751, 43.6558173875531], [-79.5615135223015, 43.6556129668677], [-79.5642325373598, 43.6549659120064], [-79.5642784087195, 43.654954256427], [-79.5645652974954, 43.6548946677549], [-79.5668515641182, 43.6543560176867], [-79.5670574180881, 43.6543075150544], [-79.5673015388641, 43.654256018939], [-79.5675582500422, 43.6541894913857], [-79.5678152526273, 43.6541289401073], [-79.5702188115723, 43.6535675680304], [-79.5712587540796, 43.6533392804211], [-79.5725197486306, 43.653044368308], [-79.5725551075216, 43.6530361094372], [-79.5742962330091, 43.6526357623124], [-79.5752472432764, 43.6524155615462], [-79.5775094504171, 43.6518731401751], [-79.5795040873058, 43.6514173906605], [-79.5792266116064, 43.6504659504546], [-79.5789338265331, 43.649942858445], [-79.5788505913505, 43.6497399085673], [-79.5782143963772, 43.6482992806937], [-79.5781093636015, 43.6480881806242], [-79.5780289856727, 43.6479626841539], [-79.5779209802245, 43.6478196004423], [-79.5777244307445, 43.647599786267], [-79.5774450219817, 43.6473367399245], [-79.5773838319442, 43.6472473345737], [-79.5772682193736, 43.6470177069745], [-79.5771349099741, 43.6466566797189], [-79.5770563049761, 43.6464790997419], [-79.57700385162, 43.6463867542158], [-79.5769619012174, 43.6463256273213], [-79.5769109543777, 43.6462665853545], [-79.5768491932745, 43.6462043824854], [-79.5767709378878, 43.6461442161685], [-79.5766594805453, 43.6460703267062], [-79.5765338124644, 43.6460015949786], [-79.5764417040317, 43.6459648948324], [-79.5755520384674, 43.6456935010839], [-79.5752752178599, 43.6456119514554], [-79.5750801202361, 43.6455599346122], [-79.5744270704262, 43.645457377525], [-79.5741967385235, 43.6454192440526], [-79.5741332989774, 43.6454095369291], [-79.5740552681691, 43.6453887223516], [-79.5739554786073, 43.645363231511], [-79.5738475551668, 43.6453263778659], [-79.5737656687298, 43.6452849076718], [-79.5736959351988, 43.6452371287563], [-79.5736240671834, 43.6451766492193], [-79.5735505728983, 43.6451045774812], [-79.5734630361656, 43.6450033593613], [-79.5734256789319, 43.6449542898361], [-79.5733693968951, 43.6448568328251], [-79.5733219721981, 43.6447454167972], [-79.5732801428904, 43.6446471127976], [-79.573232901394, 43.6445631691271], [-79.5731887212787, 43.6445096573432], [-79.5731487174318, 43.6444659813571], [-79.5730756972182, 43.6443949983989], [-79.5729975559341, 43.6443119924252], [-79.5729173801552, 43.6441971500837], [-79.5728302687366, 43.6440659203512], [-79.5724890217222, 43.6433491329815], [-79.574116134699, 43.642961913009], [-79.5743646352389, 43.6429265832342], [-79.5752946518101, 43.642713037386], [-79.5758969273199, 43.6425680139222], [-79.576076458747, 43.642963631094], [-79.576144776245, 43.643058676022], [-79.5762132253316, 43.643129840498], [-79.5762902137053, 43.6432099198575], [-79.5768289175058, 43.6435707656616], [-79.5770086670959, 43.6436351669442], [-79.5781571010787, 43.6442733136833], [-79.5782411751617, 43.6443184608499], [-79.5783306325884, 43.644376764842], [-79.5784197494312, 43.6444100894044], [-79.5784881085559, 43.6444287836406], [-79.578562393071, 43.64443785969], [-79.5786752946479, 43.6444410141312], [-79.5788169034919, 43.6444260727556], [-79.5789349975721, 43.6443815877418], [-79.5791688499165, 43.644222741157], [-79.5801837894441, 43.6432541702488], [-79.5802565038136, 43.6431838901743], [-79.5808560152051, 43.6425822749173], [-79.5814371659521, 43.641995629912], [-79.5819478502028, 43.6415338719929], [-79.5821014694929, 43.6413875081254], [-79.5821535020587, 43.6413059269047], [-79.5821987941581, 43.6412165195534], [-79.5821989422736, 43.6412162314638], [-79.5822132239907, 43.6411547055013], [-79.5822332484637, 43.6410871722105], [-79.5822418977129, 43.6410399808837], [-79.5820009607614, 43.6406588010675], [-79.5826229069252, 43.6404415106417], [-79.5829253493579, 43.6403180081244], [-79.5830985001538, 43.6402557099682], [-79.5832125863244, 43.640189412768], [-79.5833284510505, 43.6401275071126], [-79.5834385073037, 43.6400513472342], [-79.5835481494256, 43.6399621444028], [-79.5836786498681, 43.6398636908736], [-79.5843717272962, 43.6392135702121], [-79.5851447311865, 43.6384496532689], [-79.585698756788, 43.6378984085786], [-79.5857488182884, 43.6379433688854], [-79.5858197897615, 43.638015326921], [-79.5859105497944, 43.6381097730994], [-79.5860219102995, 43.6382401999298], [-79.5861468241919, 43.6383751270094], [-79.5862903418648, 43.6385100301508], [-79.5864024793402, 43.6386539676342], [-79.5864824540136, 43.6387799261322], [-79.5865868524544, 43.638928361532], [-79.586678062775, 43.6390588122414], [-79.5867879034574, 43.6392072517208], [-79.5868737174052, 43.6393512080945], [-79.5869405762076, 43.6394996805357], [-79.5869597597944, 43.6396436882285], [-79.5869727198426, 43.6397786987632], [-79.5870198231029, 43.6399271763168], [-79.5870746211092, 43.6400576546418], [-79.5871542587658, 43.6402061165424], [-79.5872265027601, 43.6403410828185], [-79.5873011170957, 43.6405030505635], [-79.5873834648218, 43.6406560108483], [-79.5874812791179, 43.6407819549962], [-79.5875957151924, 43.6408988853262], [-79.5877407387553, 43.6409977894311], [-79.5878896507907, 43.6411101923862], [-79.5880180377876, 43.6412226108004], [-79.5881139089816, 43.6413485565043], [-79.5882206121631, 43.6414654825149], [-79.5882742412449, 43.6415824596902], [-79.5882438233773, 43.6417085020484], [-79.5881378647833, 43.6418211011934], [-79.5880830658556, 43.6419561641063], [-79.5881277768274, 43.6420686462514], [-79.5881829769991, 43.642208125712], [-79.5882451678509, 43.6423385975097], [-79.5883557931083, 43.6424915353712], [-79.5884435038798, 43.6426129770578], [-79.5885626183148, 43.642738904184], [-79.5887053119191, 43.6428333078114], [-79.588882457207, 43.642923183551], [-79.5890251318048, 43.6430040851314], [-79.589173991432, 43.6430759716002], [-79.5893100731128, 43.6431568769788], [-79.5894070480644, 43.6432468149186], [-79.589538150226, 43.6433547289185], [-79.5896580032479, 43.6434581514516], [-79.5897988152255, 43.6435930608296], [-79.5899403613421, 43.6436964562909], [-79.5900726574102, 43.6438223715744], [-79.5902211498759, 43.6439122681294], [-79.5903809112657, 43.6440111570494], [-79.59057701261, 43.6440830129531], [-79.5907503031614, 43.6441683885034], [-79.5909409943532, 43.644235747135], [-79.5911270327816, 43.6443076103913], [-79.5912883141776, 43.6444019958974], [-79.5914728086313, 43.6444693492946], [-79.591500271615, 43.6444823706893], [-79.5916433921476, 43.6445502250729], [-79.5918131431865, 43.6446130986659], [-79.5920262568589, 43.6446534335989], [-79.5922246632185, 43.6446982807367], [-79.5924559525682, 43.6447250978271], [-79.5926720684265, 43.644702419337], [-79.5929082927175, 43.644657220635], [-79.5931223989789, 43.6445940366358], [-79.5933105288246, 43.6445173714675], [-79.5935118052311, 43.6444136920748], [-79.593680537487, 43.6443145388483], [-79.5937148113522, 43.6442915926357], [-79.5937499037159, 43.6442681063425], [-79.5938488514155, 43.6442018833158], [-79.5940334673392, 43.6441072171572], [-79.59420917151, 43.6440125581368], [-79.5943863960124, 43.6438998943511], [-79.5945396216167, 43.6437872512161], [-79.5947180460922, 43.6436970899121], [-79.5948736037636, 43.6435934447248], [-79.5950539039556, 43.6434762770169], [-79.5952427879156, 43.6433860966941], [-79.5954227587716, 43.6432959334782], [-79.5956317967932, 43.6432147466134], [-79.5958362288716, 43.6431605668303], [-79.596068172919, 43.6431108646408], [-79.5962780576562, 43.6430791834675], [-79.5965031004544, 43.6430699827103], [-79.5967323716112, 43.6430472860909], [-79.5969415671114, 43.6430651115226], [-79.5971495754877, 43.643069435894], [-79.5973227432687, 43.6430827900516], [-79.5975330817029, 43.6430871027031], [-79.5977132165309, 43.6431004508196], [-79.5979073144806, 43.6431182873355], [-79.5980688411345, 43.6431226493799], [-79.5982357532503, 43.643100003288], [-79.5983806413784, 43.6431088797932], [-79.598500017614, 43.6431537750981], [-79.5986174940918, 43.6432121826132], [-79.5987194938255, 43.6432886062324], [-79.5987905340647, 43.6433740575302], [-79.5988425649483, 43.6434550249824], [-79.5989376148287, 43.6435404562868], [-79.5990768012098, 43.6436168474136], [-79.5992221933935, 43.6436977245597], [-79.5994248939756, 43.6437515563494], [-79.5996252320938, 43.6438008892763], [-79.5998306158988, 43.643850208932], [-79.6000390589029, 43.6438680293799], [-79.6002761656939, 43.6438903251945], [-79.6004624287458, 43.6439052656948], [-79.6004981575896, 43.6439081243519], [-79.6007352576375, 43.6439259180602], [-79.6019926592244, 43.6441344180826], [-79.6022789437079, 43.6443920872633], [-79.602338820405, 43.6444396697049], [-79.6024844637651, 43.6445338373876], [-79.6026913297795, 43.6446285886103], [-79.6029381965588, 43.6447011970021], [-79.6031639623736, 43.6447282679536], [-79.6033439444777, 43.6447213446586], [-79.6035310565012, 43.6446732971511], [-79.6037425084076, 43.6445934620353], [-79.6039753782725, 43.6445135973073], [-79.604202513741, 43.644493667949], [-79.6044300159663, 43.6444784552808], [-79.6046417537672, 43.6444572070418], [-79.6046883668144, 43.6444467318714], [-79.6047852087845, 43.6444381367047], [-79.6050084893993, 43.6444825251731], [-79.6051990798929, 43.6445893131717], [-79.6053998626158, 43.6447393072809], [-79.6056115068401, 43.6448413768036], [-79.6058191298579, 43.6448413741102], [-79.6060646616062, 43.6448221174495], [-79.6062899573692, 43.644778656713], [-79.60648117053, 43.6447440486464], [-79.606702442055, 43.6447026881715], [-79.6069624355404, 43.644682552413], [-79.6071629454801, 43.6447045166398], [-79.607359562839, 43.6447752362565], [-79.6075471882752, 43.6448635342313], [-79.6076866631017, 43.6449470972272], [-79.6078158146012, 43.6450605192366], [-79.6079048781775, 43.6451997038305], [-79.607977056241, 43.6453379065597], [-79.6080374665655, 43.6454871191071], [-79.6080954603224, 43.6456500341012], [-79.608168916457, 43.6458298477736], [-79.6082939868844, 43.6460495155604], [-79.6084191737985, 43.6461961374494], [-79.6085971672008, 43.64634287084], [-79.6087379834724, 43.6464598985084], [-79.6080630459368, 43.6470742788599], [-79.6063519030893, 43.6486318413868], [-79.603102580185, 43.6515836377082], [-79.5984134044947, 43.655842793992], [-79.5956839114008, 43.6582966018606], [-79.5941272212254, 43.6597258235949], [-79.5941265165362, 43.6597264722127], [-79.5940666178344, 43.6597814480375], [-79.593732533962, 43.6600881729181], [-79.5932543691855, 43.6605271548844], [-79.5925594258986, 43.6611651225848], [-79.591151429509, 43.6624568937956], [-79.5911100245596, 43.66249486792], [-79.5887817060216, 43.6646309176919], [-79.5896964080148, 43.6663328157399], [-79.5899645427341, 43.6668317199003], [-79.5901985836456, 43.6671492288262], [-79.5902265435127, 43.6671807119272], [-79.5902375220352, 43.6671916214223], [-79.5902537033093, 43.6672076940039], [-79.5902804972755, 43.6672391780169], [-79.5903068943645, 43.6672706616301], [-79.590332106827, 43.6672976457801], [-79.5903569659046, 43.66732913022], [-79.590380660268, 43.6673606164961], [-79.5904039577501, 43.6673921023741], [-79.5904268583081, 43.6674235896546], [-79.5904486177713, 43.6674550763629], [-79.5904695846209, 43.6674865649968], [-79.5904901657455, 43.6675180533715], [-79.5905099980164, 43.6675540335596], [-79.5905290297225, 43.6675855325315], [-79.5905468959057, 43.6676170144253], [-79.5905647694495, 43.6676530055631], [-79.5905814831559, 43.6676844966488], [-79.5905855015748, 43.6676935753206], [-79.5905974217368, 43.66772048913], [-79.5906125837427, 43.6677519817845], [-79.5906269731026, 43.6677879758656], [-79.5906405983039, 43.6678194693734], [-79.5906534371974, 43.6678554650402], [-79.5906658852978, 43.667886959336], [-79.5907683198881, 43.6680582819005], [-79.5908745227401, 43.6682358842331], [-79.5910901003752, 43.6685964048796], [-79.5911965288263, 43.6687744112546], [-79.591107069, 43.6688047627191], [-79.5909079845872, 43.6688724406564], [-79.5907089186662, 43.6689446096207], [-79.5905106211385, 43.6690167859123], [-79.5903123170613, 43.6690844526225], [-79.5901147876451, 43.6691566286944], [-79.5899172691541, 43.6692287946538], [-79.5897201357433, 43.6693009695239], [-79.5895237699162, 43.6693731337168], [-79.5893278080012, 43.669449798205], [-79.5891318255396, 43.6695219709551], [-79.5889366242865, 43.6695941341044], [-79.5887766389778, 43.6696569796384], [-79.5887414297739, 43.6696708061564], [-79.5884203479621, 43.6697835801337], [-79.5880996358464, 43.6698963532702], [-79.5877793207099, 43.670009125906], [-79.5874597712104, 43.6701218872944], [-79.5873353732167, 43.6701675382922], [-79.5871402288317, 43.6702391579276], [-79.587091928627, 43.6702562156713], [-79.5868210627351, 43.6703519168594], [-79.5865023105798, 43.6704691846671], [-79.5861839419371, 43.67058644282], [-79.5858663228097, 43.6706991984017], [-79.5855487265427, 43.6708209635827], [-79.5852315078599, 43.6709382179952], [-79.5849150928086, 43.6710554796726], [-79.5848201914946, 43.6710915555301], [-79.5847256910909, 43.6711231298213], [-79.5846315769033, 43.6711637055133], [-79.5845378341888, 43.6711952800279], [-79.5844445000271, 43.6712358544209], [-79.5843939567653, 43.6712555510925], [-79.5843519287685, 43.6712719371378], [-79.5842589854614, 43.6713080115691], [-79.584167201506, 43.6713485851288], [-79.5840754037871, 43.6713891584439], [-79.5839844010706, 43.6714297316304], [-79.5838933858317, 43.6714703045889], [-79.5838027798468, 43.6715108762429], [-79.5837129165297, 43.6715514579283], [-79.583625509787, 43.6715925408908], [-79.5835339975508, 43.6716326004824], [-79.5834453059212, 43.6716776714152], [-79.5833574022815, 43.6717182419934], [-79.5832695055245, 43.6717633127371], [-79.5831817408399, 43.6718064023916], [-79.5830952347022, 43.6718534620933], [-79.5830088811948, 43.6718940300101], [-79.5829229111306, 43.6719436002108], [-79.5828538135961, 43.6719801510354], [-79.5828377291324, 43.6719886682648], [-79.582752917901, 43.6720337363507], [-79.5826681201845, 43.6720788045407], [-79.5825844816771, 43.6721283727857], [-79.5825008361116, 43.6721734398329], [-79.5824858424646, 43.6721824603537], [-79.5824183745692, 43.6722230063459], [-79.5823355047723, 43.672272573137], [-79.5822538244542, 43.6723221393162], [-79.5821782651191, 43.6723681996211], [-79.5821725037368, 43.6723717053956], [-79.5820915798454, 43.6724212709374], [-79.5820114373393, 43.6724708353114], [-79.581931672264, 43.6725249098617], [-79.5818522985865, 43.6725744737581], [-79.5817737119244, 43.6726285376083], [-79.5816955027792, 43.6726781014391], [-79.581618069501, 43.6727321641877], [-79.5815410261552, 43.6727817270733], [-79.5814643784901, 43.67284028971], [-79.5813927545946, 43.6728898486291], [-79.5813211113489, 43.6729349062149], [-79.5812502687479, 43.6729844639374], [-79.5811797969514, 43.6730340208163], [-79.5811097288177, 43.6730880783079], [-79.5810404352326, 43.673137635321], [-79.5809719106596, 43.6731871910351], [-79.5809033927734, 43.673241247838], [-79.5808360203996, 43.6732908024694], [-79.5807690640706, 43.6733448578721], [-79.5807024742192, 43.6733944122367], [-79.5806366713277, 43.673448466578], [-79.5805712392416, 43.6735025200837], [-79.5805066021688, 43.6735565744217], [-79.5804423359252, 43.6736106270259], [-79.5803788510782, 43.673664679395], [-79.5803161476299, 43.6737187315304], [-79.5802538341451, 43.6737772841199], [-79.580192296548, 43.6738313353622], [-79.5801311365066, 43.673889886906], [-79.5800707511257, 43.6739439370896], [-79.5800107569354, 43.6740024877456], [-79.5799515374183, 43.6740565370438], [-79.5798931048159, 43.6741150863307], [-79.5798350566472, 43.6741736358621], [-79.5797777775043, 43.6742321841151], [-79.5797212673682, 43.6742907319909], [-79.5796651486074, 43.6743447791535], [-79.5796098098077, 43.6744078272697], [-79.5795548611673, 43.6744663737587], [-79.5795010784928, 43.6745249203063], [-79.5794472833328, 43.6745834657723], [-79.5793806913312, 43.6746800610676], [-79.579289010634, 43.6747681031844], [-79.579250711837, 43.6748041351715], [-79.5792123894312, 43.674840166852], [-79.5791748527153, 43.6748806985284], [-79.5791380862942, 43.6749212307649], [-79.5791020947118, 43.6749572607717], [-79.5790668709736, 43.6749932904093], [-79.5790316675121, 43.6750338204334], [-79.5789976152051, 43.675074350353], [-79.5789643332426, 43.6751148790358], [-79.5789314345489, 43.6751554079723], [-79.5788997155811, 43.6751959353611], [-79.5788679899053, 43.675231962512], [-79.5788374232998, 43.675272489806], [-79.5788076371796, 43.6753130069883], [-79.578778229597, 43.6753580344176], [-79.5787495981313, 43.6753985596401], [-79.5787221492924, 43.6754435853012], [-79.5786946825989, 43.6754841105882], [-79.5786687665811, 43.6755246335437], [-79.578643637663, 43.6755696484193], [-79.5786049224289, 43.6756191826433], [-79.5785673914302, 43.6756642152304], [-79.5785302693715, 43.6757182486791], [-79.5784938975791, 43.6757677714934], [-79.5784583070322, 43.675817304013], [-79.5784234967688, 43.6758668345216], [-79.5783894497917, 43.6759208656545], [-79.5783561789093, 43.6759703963816], [-79.5783233093091, 43.6760244178289], [-79.5782915878003, 43.6760739462002], [-79.5782606655406, 43.6761279756457], [-79.5782300976276, 43.6761775039435], [-79.5782007067282, 43.6762360237544], [-79.5781720988066, 43.6762855503077], [-79.5781438795273, 43.6763395773311], [-79.5781164293417, 43.6763936040112], [-79.5780901340547, 43.6764476306467], [-79.5780646250823, 43.6764971462053], [-79.5780380277853, 43.6765777170405], [-79.5780085714086, 43.676614201663], [-79.5779880802818, 43.676650220678], [-79.5779687605999, 43.6766907400029], [-79.577725945019, 43.6771442922311], [-79.5776128619574, 43.6773555225355], [-79.5775975063419, 43.677334568455], [-79.5775571174143, 43.6772805880752], [-79.5775159730444, 43.6772266081823], [-79.5774740459498, 43.677172628436], [-79.5774311893694, 43.677118874807], [-79.5774238855129, 43.6771097160766], [-79.5773882644347, 43.6770691720609], [-79.5773440189189, 43.67701519402], [-79.577299376514, 43.6769612155229], [-79.5772539591331, 43.6769117392095], [-79.5772195172686, 43.6768714907413], [-79.5772077798005, 43.6768577622518], [-79.5771608171414, 43.6768127875162], [-79.5771130872437, 43.6767588119245], [-79.577064966971, 43.6767093369986], [-79.5770160763668, 43.6766598632655], [-79.5769664055539, 43.6766103888004], [-79.5769159532304, 43.6765609162872], [-79.5768647320765, 43.6765114341778], [-79.576813125997, 43.6764619706619], [-79.5767607523094, 43.6764124984636], [-79.5757906809884, 43.6754815002252], [-79.5754683598107, 43.6752140679756], [-79.5740482362218, 43.6738848889425], [-79.574012171417, 43.6738534079434], [-79.5739776261918, 43.6738174250383], [-79.5739434779753, 43.6737814416741], [-79.5739104958777, 43.6737454575437], [-79.5738778983851, 43.6737094728006], [-79.5738456854755, 43.6736734883451], [-79.5738146374403, 43.6736375031101], [-79.5737839752258, 43.6736015181792], [-79.5737544779036, 43.6735655315701], [-79.5737253836999, 43.6735250444355], [-79.573723222677, 43.6735219588439], [-79.5736970352934, 43.6734845476926], [-79.5736694842069, 43.6734485691428], [-79.5736423193621, 43.6734125728969], [-79.5736312107282, 43.6733952971447], [-79.5736162893506, 43.6733720834585], [-79.5735906674992, 43.6733315937057]]]]}"
145,Princess-Rosethorn,10,12308,24,15,35,27,21,26,23,25,27,209.6436,131.9261,308.9962,234.2327,178.1322,216.6486,190.0984,205.5921,219.3695,21,19,24,19,21,28,20,23,61,183.4382,167.1064,211.8831,164.8304,178.1322,233.3139,165.3029,189.1447,189.1447,3,4,3,3,6,5,2,5,1,26.20545,35.1803,26.48539,26.02585,50.8949,41.6632,16.53029,41.11842,41.11842,34,29,33,29,22,33,12,12,13,296.9951,255.0572,291.3393,251.5832,186.6146,274.9771,99.18175,98.68421,105.6224,,,1,,1,,,,,,,9,,8.482484,,,,,22,4,37,7,3,15,9,2,2,192.1733,326.6531,60.72699,25.44745,124.9896,74.38631,16.44737,16.24959,35.1803,,,1,3,1,,1,1,1,,,8.828463,26.02585,8.482484,,8.265146,8.223684,8.124797,91,74,53,30,37,33,37,34,91,794.8987,650.8355,467.9085,260.2585,313.8519,274.9771,305.8104,279.6053,739.3565,4,4,3,3,6,4,4,2,2,34.9406,35.1803,26.48539,26.02585,50.8949,33.33055,33.06059,16.44737,16.24959,"{'type': 'MultiPolygon', 'coordinates': [[[[-79.5301308910945, 43.6599872415206], [-79.5298284289238, 43.6592863137581], [-79.529792538441, 43.6592165174866], [-79.5292388323445, 43.6578738931961], [-79.5287665456883, 43.6568230422501], [-79.5279257066526, 43.6548897233851], [-79.527229553084, 43.653277343985], [-79.5267402590817, 43.6521227107557], [-79.5267110841393, 43.6520578630264], [-79.526707324536, 43.6520495372614], [-79.5264015052642, 43.6513700865089], [-79.5266256337618, 43.6511350898758], [-79.5267975647646, 43.6509414664753], [-79.5268820544341, 43.650955425718], [-79.5272202556756, 43.6509733487889], [-79.5275863502753, 43.6509642682076], [-79.5279137096431, 43.6509641983794], [-79.5282616292835, 43.651031622833], [-79.528637840017, 43.6511035486485], [-79.529002042438, 43.6511799781981], [-79.5293510740111, 43.6511573852656], [-79.5296617535397, 43.6510943042698], [-79.5299882895509, 43.6510087157914], [-79.5303407676752, 43.6509650472712], [-79.5307405537431, 43.6509029479526], [-79.5308453243951, 43.6508437353228], [-79.5308996399834, 43.6507817194147], [-79.5309616987508, 43.6506887007684], [-79.530981048508, 43.6505900495263], [-79.5310003377329, 43.6503730211648], [-79.5309769384999, 43.6501672833626], [-79.5310273678231, 43.6500939985492], [-79.531108852729, 43.6500516973684], [-79.5312718668115, 43.6500291135051], [-79.5315008790121, 43.6500290507636], [-79.5319883423383, 43.6500451084199], [-79.5322034508458, 43.6501935798381], [-79.5322895772216, 43.6503915944351], [-79.5322796464104, 43.6506211316945], [-79.5322282366858, 43.6508281775008], [-79.532250070342, 43.6510667079078], [-79.5323257561695, 43.6513277346543], [-79.5323522960389, 43.651624771694], [-79.5324070645358, 43.6518767950533], [-79.532582691087, 43.6520837848148], [-79.532884926391, 43.6521512262907], [-79.5332251011704, 43.6521331529592], [-79.5336001268681, 43.6521240596875], [-79.5339546185648, 43.6521284732814], [-79.534307980478, 43.652150889027], [-79.5346481622529, 43.6521688164148], [-79.5349755899237, 43.6522542383447], [-79.53522637087, 43.6524297066475], [-79.5355096398146, 43.6525106488853], [-79.5359354368011, 43.6525060332798], [-79.5362721843826, 43.6526229621405], [-79.5364283097791, 43.6526184120992], [-79.5366026302476, 43.6525868606693], [-79.5367781266856, 43.6525733111554], [-79.5369641142752, 43.6525867624607], [-79.5371590131774, 43.6526362153388], [-79.5374376845547, 43.652793657866], [-79.5375225925852, 43.6529151483833], [-79.5375416605779, 43.6530366598406], [-79.5375227622547, 43.6531671864085], [-79.5374852700373, 43.6533022182986], [-79.5374462364294, 43.653428250842], [-79.5373947942898, 43.6535587868022], [-79.5373487508985, 43.6536578168939], [-79.5372984657266, 43.6537748509327], [-79.5372404348235, 43.6538963796102], [-79.5371692108444, 43.6539954177865], [-79.5371712969797, 43.6542204505406], [-79.5372298529209, 43.6543059448517], [-79.5373263780389, 43.6544049276185], [-79.53743723839, 43.6544903951941], [-79.5375353082895, 43.6545803765282], [-79.5376159708696, 43.6546883580686], [-79.5376919672185, 43.654787347964], [-79.5377838632979, 43.6548953245472], [-79.5378679904462, 43.6549898110443], [-79.5379978422525, 43.6550887738914], [-79.5381687499925, 43.6551607277556], [-79.5383384730038, 43.6552011768227], [-79.5385403291509, 43.6552191116721], [-79.5387139071389, 43.6552190531449], [-79.5389006636415, 43.6552189989595], [-79.539065333872, 43.655227944284], [-79.5392299704055, 43.6552053932475], [-79.5394035433042, 43.6551783290668], [-79.5395840466969, 43.6551332688186], [-79.5397610760156, 43.6550657063334], [-79.5399090081411, 43.6549801421848], [-79.5400461085799, 43.6548990909007], [-79.5401599503967, 43.6548180476004], [-79.5402191598109, 43.6547055103085], [-79.540218691304, 43.6545975032583], [-79.5401752190345, 43.6544939936228], [-79.5401104439456, 43.6543860088307], [-79.5400301707562, 43.6542915227818], [-79.5399456204666, 43.6541790354298], [-79.5398397905743, 43.6540755573863], [-79.539750600889, 43.6539765642097], [-79.5396765366442, 43.6538775751438], [-79.539652458116, 43.6537785683487], [-79.5396574224344, 43.6536750507218], [-79.5397615838115, 43.6535985031171], [-79.5398983186318, 43.653571460915], [-79.5400215222044, 43.6535714177185], [-79.540133116282, 43.6535803794798], [-79.5402299694892, 43.6535893473401], [-79.5403411751788, 43.6535938172857], [-79.5404635847232, 43.6535757718442], [-79.5404799825513, 43.6535703826148], [-79.5408251039269, 43.6543686089008], [-79.5417807911866, 43.6565841264655], [-79.5422361012762, 43.6576611599971], [-79.5423282000886, 43.6578645481225], [-79.5427742252504, 43.6588486791973], [-79.5429222476408, 43.6591424101556], [-79.5432291305829, 43.6598667681725], [-79.5443131131367, 43.6595886344148], [-79.5453481359277, 43.6593593689004], [-79.54555081443, 43.6593285483683], [-79.5464180418927, 43.6591308906072], [-79.5465537364537, 43.6590930837799], [-79.5475550119685, 43.6588377799385], [-79.5485998787057, 43.6586085712856], [-79.5491230900684, 43.6584938778032], [-79.5495573701397, 43.6583972226616], [-79.5521619990163, 43.6577691106327], [-79.5523127023197, 43.6577327665353], [-79.5536891955292, 43.6574386027656], [-79.5538491737278, 43.657403899271], [-79.5552495074276, 43.6570440052228], [-79.5556811698948, 43.6580277246612], [-79.5556968612504, 43.658063488415], [-79.5557271829179, 43.6581261498597], [-79.5559302827223, 43.658545837815], [-79.5563439800767, 43.6594006373345], [-79.5566347946306, 43.6600835069316], [-79.5584321455863, 43.6640162349681], [-79.5586053121819, 43.6644090372549], [-79.5594890317322, 43.6663284403325], [-79.5596944523803, 43.6667835572917], [-79.5604832314936, 43.6685321652673], [-79.5607675066713, 43.6691949091945], [-79.5619998702224, 43.6718779303927], [-79.5620168305904, 43.6719102003558], [-79.5622504697005, 43.6724308537816], [-79.5630987203585, 43.6743050140439], [-79.5631800164155, 43.6744863372356], [-79.5613190678448, 43.6748000742083], [-79.5613054771611, 43.6748023954007], [-79.5612622801701, 43.6748119953934], [-79.5612204835634, 43.6748212897597], [-79.5601062256805, 43.6750690484481], [-79.557673899586, 43.6756314262017], [-79.5508945206956, 43.6771873192732], [-79.5498666538929, 43.6774173055538], [-79.5492046257525, 43.6775652324598], [-79.5482455037279, 43.6777796744016], [-79.5480439051851, 43.6778247574064], [-79.5448930924421, 43.6785447487637], [-79.5420144120163, 43.6791911472796], [-79.5390179245411, 43.6798437699282], [-79.5389536735936, 43.6797011383718], [-79.5371299684259, 43.6756523848257], [-79.5355931757875, 43.6722463401103], [-79.5349441793512, 43.6707919977312], [-79.533860874675, 43.6683895530947], [-79.5330889149418, 43.666662179603], [-79.5329659511145, 43.6664011674927], [-79.5320367984627, 43.6642899239436], [-79.53163499711, 43.6634412004285], [-79.5312687764197, 43.6626371751262], [-79.5311923851589, 43.6624195883164], [-79.5308828860626, 43.661728405419], [-79.5305153737887, 43.6608290266589], [-79.5302094178528, 43.660174367557], [-79.5301308910945, 43.6599872415206]]]]}"
146,Edenbridge-Humber Valley,9,16942,25,24,29,28,23,35,33,35,31,161.4987,154.5197,185.6475,176.0342,141.6867,211.9542,197.9129,208.9927,182.9772,26,23,28,18,18,23,37,29,74,167.9587,148.0814,179.2459,113.1648,110.8852,139.2842,221.9024,173.1653,173.1653,3,11,5,11,3,1,4,6,2,19.37984,70.82153,32.00819,69.1563,18.48087,6.055835,23.98944,35.82731,35.82731,43,40,46,42,45,53,23,16,30,277.7778,257.5328,294.4754,264.0513,277.2131,320.9593,137.9393,95.5395,177.0747,,,,,,,,,,,,,,,,,,,7,7,4,5,6,3,9,,6,45.21964,25.60656,31.43468,36.96175,18.16751,53.97625,,35.41494,45.06824,,,2,,,3,1,2,2,,,12.80328,,,18.16751,5.997361,11.94244,11.80498,87,83,47,37,23,33,27,24,87,562.0155,534.3806,300.877,232.6166,141.6867,199.8425,161.9288,143.3092,513.5167,3,4,2,4,5,10,1,2,9,19.37984,25.75328,12.80328,25.14774,30.80145,60.55835,5.997361,11.94244,53.12242,"{'type': 'MultiPolygon', 'coordinates': [[[[-79.5105796276697, 43.6619763482251], [-79.5102506667497, 43.6619448823991], [-79.5097864977625, 43.662007941303], [-79.5092932617416, 43.6621295181896], [-79.5088449934237, 43.6623231102862], [-79.5083773511237, 43.6624896881722], [-79.5079445802374, 43.6626247573621], [-79.507502500092, 43.662795830573], [-79.5070910255515, 43.6629218844065], [-79.5066043836336, 43.6630254469565], [-79.5061688753934, 43.6630209798628], [-79.5057705424458, 43.6629174941958], [-79.5055252657065, 43.6628139999063], [-79.5055913003937, 43.6627797824048], [-79.5063196457257, 43.6623989695916], [-79.5071966344855, 43.6619334132196], [-79.5075613170414, 43.6617752451068], [-79.5082531871736, 43.6614948412437], [-79.5086196021558, 43.6613602537504], [-79.5094839699824, 43.6610214375784], [-79.5104607133494, 43.6606385701876], [-79.5120463084104, 43.6600410482116], [-79.5141367487951, 43.6592356560865], [-79.5145569773965, 43.659072787124], [-79.5146313601336, 43.6590457733442], [-79.514675445103, 43.6590296737645], [-79.5147053597994, 43.6590187509358], [-79.5147793448736, 43.6589872371423], [-79.5148525630934, 43.6589602143872], [-79.5149257791092, 43.6589287004089], [-79.5149417720582, 43.6589217762291], [-79.5149985994468, 43.6588971857441], [-79.5150710466225, 43.6588656625827], [-79.515142725831, 43.6588341483057], [-79.5152143925674, 43.6588026338214], [-79.5152852898373, 43.6587666100447], [-79.515355790648, 43.6587350956313], [-79.5154259193181, 43.6587035817425], [-79.515495650354, 43.6586675669959], [-79.51556499779, 43.658636043774], [-79.5156339349408, 43.6586000294356], [-79.5157021167626, 43.6585640142495], [-79.5157141287487, 43.6585586931767], [-79.5159641345049, 43.6584460244002], [-79.5163071315173, 43.6583127917797], [-79.5169274477357, 43.6580836171295], [-79.5174867046129, 43.6578769788941], [-79.5184675999236, 43.6575362501584], [-79.5200455585824, 43.6570168399386], [-79.5203298797657, 43.6569064778259], [-79.52150634188, 43.6564570591101], [-79.5216395107184, 43.656397688438], [-79.5217977524586, 43.6563196076379], [-79.521891746178, 43.6562688851517], [-79.5219811363739, 43.6562072443385], [-79.5220931823779, 43.6561250226616], [-79.5221809392542, 43.6560398081416], [-79.5222833666666, 43.6559346162803], [-79.52271318737, 43.6554519421463], [-79.5243413606209, 43.6536340980102], [-79.5246935277946, 43.6532408965846], [-79.5249071089741, 43.6530082109255], [-79.5254682382704, 43.6523912058558], [-79.5262499905198, 43.6515359082521], [-79.5264015052642, 43.6513700865089], [-79.526707324536, 43.6520495372614], [-79.5267110841393, 43.6520578630264], [-79.5267402590817, 43.6521227107557], [-79.527229553084, 43.653277343985], [-79.5279257066526, 43.6548897233851], [-79.5287665456883, 43.6568230422501], [-79.5292388323445, 43.6578738931961], [-79.529792538441, 43.6592165174866], [-79.5298284289238, 43.6592863137581], [-79.5301308910945, 43.6599872415206], [-79.5302094178528, 43.660174367557], [-79.5305153737887, 43.6608290266589], [-79.5308828860626, 43.661728405419], [-79.5311923851589, 43.6624195883164], [-79.5312687764197, 43.6626371751262], [-79.53163499711, 43.6634412004285], [-79.5320367984627, 43.6642899239436], [-79.5329659511145, 43.6664011674927], [-79.5330889149418, 43.666662179603], [-79.533860874675, 43.6683895530947], [-79.5349441793512, 43.6707919977312], [-79.5355931757875, 43.6722463401103], [-79.5371299684259, 43.6756523848257], [-79.5389536735936, 43.6797011383718], [-79.5390179245411, 43.6798437699282], [-79.5359199026577, 43.6804713851638], [-79.5328298512345, 43.6810983108512], [-79.5307037043727, 43.6815172550516], [-79.529624862229, 43.6817535723521], [-79.5289851130535, 43.6818277367807], [-79.5286459432202, 43.6818601992069], [-79.5283688899392, 43.6818989654763], [-79.5280746256333, 43.6819476360617], [-79.5276767013633, 43.6820353609643], [-79.5270532294389, 43.6822125394784], [-79.526611117013, 43.682343188844], [-79.5237540166329, 43.6829694276309], [-79.5228878013803, 43.6831406383061], [-79.5221420998759, 43.6832353076129], [-79.5212134542754, 43.6833480095528], [-79.5207177313596, 43.683388614964], [-79.5200233731392, 43.6837432374144], [-79.5198436044313, 43.6838373596167], [-79.519755392684, 43.6838786550386], [-79.5196498879185, 43.6839142016194], [-79.5179958637138, 43.6842907014356], [-79.5124884421882, 43.6855213025565], [-79.5122040584786, 43.6850257483545], [-79.511800784879, 43.6844320824335], [-79.5118000041954, 43.6844309395811], [-79.5114607780312, 43.6839706739476], [-79.5112946458566, 43.6837717880866], [-79.5107132368939, 43.6830841175514], [-79.5096756638671, 43.6818420553268], [-79.5094321935783, 43.6815315483107], [-79.5089590015419, 43.6809101898343], [-79.5088564604666, 43.6807755208413], [-79.507742276951, 43.679309871648], [-79.507536112357, 43.6790386578911], [-79.5074437118763, 43.6789171018088], [-79.5074630671394, 43.6788810950883], [-79.5076881423725, 43.6784625008517], [-79.5078969305785, 43.6780439068886], [-79.5080793837903, 43.6776073301352], [-79.5082788992157, 43.6771707605712], [-79.5085233850379, 43.6767611921913], [-79.5088376351815, 43.6763966147262], [-79.5092476501426, 43.6760455398569], [-79.5097010424992, 43.6757754625926], [-79.5098634185039, 43.6756944452755], [-79.5102195665445, 43.6755188884137], [-79.510730690989, 43.6752353001431], [-79.5112239924232, 43.6749742139878], [-79.5116595140892, 43.6746591332899], [-79.5120508533472, 43.6743305443084], [-79.5123042108367, 43.6739434604491], [-79.5124207738368, 43.6735923956199], [-79.5124428465336, 43.67352488369], [-79.5124349630635, 43.6730658252712], [-79.5123581015917, 43.6725887723888], [-79.5122525854831, 43.6721252249909], [-79.5120935899197, 43.67168418423], [-79.5119690826551, 43.6712341309864], [-79.511872467594, 43.6707930853968], [-79.5118460688566, 43.6706175620431], [-79.5118072516616, 43.6703520262848], [-79.5117416142484, 43.669901957729], [-79.51163570689, 43.6694834068075], [-79.5115135203832, 43.6691323673883], [-79.5114898589793, 43.6690648595939], [-79.5113471303804, 43.6686643146575], [-79.5112772702738, 43.668286265051], [-79.5114612043266, 43.6679036815409], [-79.5117901098603, 43.6676020847576], [-79.5121670610506, 43.6673634923555], [-79.512532409809, 43.667151903426], [-79.5128008591421, 43.6668683223466], [-79.5129898521524, 43.6665532448567], [-79.5130788635562, 43.6661751698014], [-79.5130841691367, 43.6657655994913], [-79.5130518524801, 43.6653515419417], [-79.5129587432053, 43.6649465004151], [-79.5128722036796, 43.6645279483921], [-79.5128065845729, 43.6641138940389], [-79.5126972134884, 43.6637178470943], [-79.5125870633521, 43.663330801883], [-79.5124075647659, 43.6629302619583], [-79.5122149107975, 43.6626422396637], [-79.5121288722376, 43.6625792484029], [-79.512016484252, 43.6624982474712], [-79.5119866476163, 43.6624757472316], [-79.511962230547, 43.6624622485145], [-79.5118432609945, 43.6623947504022], [-79.5118407197894, 43.6623933919389], [-79.5117623245962, 43.6623517770385], [-79.5116983387397, 43.6623172908349], [-79.5116917297944, 43.6623137625799], [-79.5115382768114, 43.6622327666345], [-79.5114968091781, 43.6622102759557], [-79.5113061603353, 43.6621292832579], [-79.5110872214519, 43.6620753052468], [-79.5109845421114, 43.6620573130076], [-79.5105796276697, 43.6619763482251]]]]}"
147,Humber Heights-Westmount,8,11277,24,34,31,38,39,36,23,31,32,233.3269,330.2253,300.1549,361.3541,362.622,328.3773,207.5438,278.0518,283.7634,27,26,17,26,15,19,23,20,29,262.4927,252.5253,164.6011,247.2423,139.47,173.3102,207.5438,179.3883,179.3883,3,3,1,1,3,1,1,3,4,29.16586,29.13753,9.682417,9.509319,27.894,9.121591,9.023642,26.90824,26.90824,19,20,23,31,29,23,9,16,10,184.7171,194.2502,222.6956,294.7889,269.642,209.7966,81.21278,143.5106,88.67606,1,,1,1,2,,,2,1,9.721952168,,10,10,18.596,,,17.93883,8.867606,11,6,11,5,5,5,2,1,9,106.9415,106.5066,47.5466,46.49001,45.60796,18.04728,8.969415,79.80846,58.27506,1,4,7,3,3,7,,5,1,9.721952,38.85004,67.77692,28.52796,27.894,63.85114,,44.84707,8.867606,68,36,28,23,35,13,36,33,68,661.0928,349.6504,271.1077,218.7143,325.43,118.5807,324.8511,295.9907,602.9973,1,2,4,6,3,5,1,5,1,9.721952,19.42502,38.72967,57.05592,27.894,45.60796,9.023642,44.84707,8.867606,"{'type': 'MultiPolygon', 'coordinates': [[[[-79.5167847175712, 43.6968217653288], [-79.516342435735, 43.696809273208], [-79.5158808138725, 43.696893256562], [-79.5156993836441, 43.6969265960367], [-79.5154807228205, 43.6969667807369], [-79.5150526024839, 43.6970276769663], [-79.5146597552708, 43.6970522565297], [-79.5146585758134, 43.6970523285374], [-79.5145782617701, 43.6970632759784], [-79.5144593268432, 43.6970785212911], [-79.5143021204405, 43.6970991898761], [-79.5139063884123, 43.6972062099904], [-79.5135389161056, 43.6972567604209], [-79.5131071522194, 43.6972414276101], [-79.5126572520821, 43.697117107762], [-79.512248896159, 43.6969583245255], [-79.5119679445705, 43.6967026633852], [-79.5119255391076, 43.6965063675704], [-79.5119030993059, 43.6963965273561], [-79.5120317889884, 43.6960941691312], [-79.5122391425135, 43.6957905334595], [-79.5124498571734, 43.6954931078806], [-79.5126486698406, 43.695179994453], [-79.5127453595506, 43.6948274843097], [-79.5127692264385, 43.6945235079597], [-79.5128194351742, 43.6942477926276], [-79.5129309162344, 43.6939804864235], [-79.5132923831753, 43.6933925710708], [-79.5133026071181, 43.6923928675253], [-79.513316523595, 43.6919913901997], [-79.5132770971366, 43.6915819077805], [-79.5132051689343, 43.6911707455465], [-79.5131161432017, 43.6907925120946], [-79.5130129511452, 43.6905251315971], [-79.5129645821886, 43.6903998033142], [-79.5128764030435, 43.6900214068722], [-79.5127461182513, 43.6896222595369], [-79.5127392289751, 43.6896011341665], [-79.5126393928501, 43.6892299491488], [-79.5125555671888, 43.6888303815511], [-79.5123867697877, 43.6884831034227], [-79.5121535954054, 43.6881336975736], [-79.5118586606435, 43.6878318431717], [-79.5116232608145, 43.6874870541241], [-79.5114448135699, 43.6871593168994], [-79.5114163727371, 43.6871032863769], [-79.5112679768052, 43.6868109923199], [-79.5111152064872, 43.6864646196923], [-79.5109779373871, 43.6860843907986], [-79.5108826065866, 43.6857094856329], [-79.5108684457091, 43.6856635173677], [-79.5107681522914, 43.6853378417761], [-79.5106507378222, 43.684983542969], [-79.5104775146697, 43.6846667047461], [-79.510367693454, 43.6844538337592], [-79.51028814463, 43.6842760644728], [-79.5102363227927, 43.6841328586546], [-79.5101964277321, 43.6840291128655], [-79.5101203620624, 43.6838313156374], [-79.510014471639, 43.6835252721926], [-79.5097810672755, 43.6832282490643], [-79.5095406673226, 43.6829222248862], [-79.5092525949615, 43.6826387245946], [-79.5088951692286, 43.6824497435093], [-79.5084505672755, 43.6823732929164], [-79.5084234288891, 43.6823732952769], [-79.507947859447, 43.682404870338], [-79.5074517265717, 43.682440953215], [-79.5069207188583, 43.68240952741], [-79.5064086854139, 43.6823510942078], [-79.5059726052582, 43.6822341270962], [-79.5057055038503, 43.68196862062], [-79.5056360663532, 43.6816536046233], [-79.5055457153656, 43.6813025850379], [-79.5054697011643, 43.6809290703005], [-79.5055316708217, 43.6805735336074], [-79.5057657171212, 43.6802449552615], [-79.5061191584044, 43.6800198771925], [-79.5065601893784, 43.6798442997449], [-79.5069399927843, 43.6796057336569], [-79.5071709611153, 43.6793581830222], [-79.5072457387439, 43.6792771759091], [-79.5074437118763, 43.6789171018088], [-79.507536112357, 43.6790386578911], [-79.507742276951, 43.679309871648], [-79.5088564604666, 43.6807755208413], [-79.5089590015419, 43.6809101898343], [-79.5094321935783, 43.6815315483107], [-79.5096756638671, 43.6818420553268], [-79.5107132368939, 43.6830841175514], [-79.5112946458566, 43.6837717880866], [-79.5114607780312, 43.6839706739476], [-79.5118000041954, 43.6844309395811], [-79.511800784879, 43.6844320824335], [-79.5122040584786, 43.6850257483545], [-79.5124884421882, 43.6855213025565], [-79.5179958637138, 43.6842907014356], [-79.5196498879185, 43.6839142016194], [-79.519755392684, 43.6838786550386], [-79.5198436044313, 43.6838373596167], [-79.5200233731392, 43.6837432374144], [-79.5207177313596, 43.683388614964], [-79.5212134542754, 43.6833480095528], [-79.5221420998759, 43.6832353076129], [-79.5228878013803, 43.6831406383061], [-79.5237540166329, 43.6829694276309], [-79.526611117013, 43.682343188844], [-79.5274165246941, 43.6841629288682], [-79.5281710371286, 43.6858755230485], [-79.5289380235143, 43.6875901073715], [-79.5292636077933, 43.6883277976177], [-79.5292783112406, 43.6883610994464], [-79.5301807742111, 43.6904065363115], [-79.5303555735764, 43.6907561991581], [-79.5308611624198, 43.6918777511947], [-79.5314105529278, 43.6931490801107], [-79.531631055899, 43.6936626599243], [-79.5319139279324, 43.6942998818874], [-79.5323714992538, 43.6953217061962], [-79.5327422255608, 43.6961699456678], [-79.5337630262915, 43.6986028770068], [-79.5342753815264, 43.6998302658609], [-79.5343387513828, 43.7001272979681], [-79.5343946903962, 43.7003388107339], [-79.5342548321333, 43.7005413998588], [-79.5330682904507, 43.7018560623451], [-79.5324051623701, 43.7024504449211], [-79.5318987933209, 43.7031932561456], [-79.531877489042, 43.7032157657832], [-79.5318685877025, 43.703251773045], [-79.5318314222839, 43.7033597990874], [-79.5317915251948, 43.7034408217143], [-79.5317551279293, 43.7035218433709], [-79.5317237719203, 43.7036118642963], [-79.531687747837, 43.7037198896421], [-79.5316657042152, 43.703823410804], [-79.5316556814171, 43.7039224278227], [-79.5316623249629, 43.7040259403031], [-79.5316825536484, 43.7041294580556], [-79.5316923037015, 43.7042419719666], [-79.5317167720179, 43.7043139749157], [-79.5319415954287, 43.7049395192764], [-79.5317135863204, 43.7049080784805], [-79.5311605971194, 43.7047912137222], [-79.5307444150733, 43.7045932897122], [-79.5303859737467, 43.7043098364275], [-79.5300996781594, 43.704035363915], [-79.52971842926, 43.7038329351508], [-79.5294093717218, 43.7035579717644], [-79.5291741184543, 43.7032621150148], [-79.5290351688709, 43.7029045920337], [-79.5287829032025, 43.7025696738011], [-79.5285732127027, 43.7024237977278], [-79.5282587422306, 43.702329326352], [-79.5277390109319, 43.7022390717969], [-79.5272170443822, 43.702087147564], [-79.5271802275424, 43.7020752021915], [-79.5266524580893, 43.7018970831447], [-79.5260952722595, 43.7016592001276], [-79.5255805278449, 43.701428902066], [-79.5249746149683, 43.7012464626457], [-79.5244458862774, 43.7010561009992], [-79.5238589741188, 43.7008697457123], [-79.5233317597842, 43.7006936542528], [-79.5228238352443, 43.7004692105449], [-79.5223561522107, 43.7002872698263], [-79.5221398543838, 43.7001940770244], [-79.5221020056958, 43.7001712301219], [-79.5218092861139, 43.7000519204462], [-79.5214368955181, 43.6998777524864], [-79.5211828639928, 43.699725524867], [-79.5210458280916, 43.6995384857024], [-79.5209441196319, 43.6992927519233], [-79.5209428772932, 43.6992888182713], [-79.5207999871072, 43.6989913879098], [-79.5206942908482, 43.6987604343092], [-79.5203184392543, 43.6982581573122], [-79.5200440280614, 43.6979794545303], [-79.5197569870039, 43.6977299706487], [-79.5194895377986, 43.6974792497137], [-79.5191492849892, 43.697286976875], [-79.5188190944298, 43.6971304085407], [-79.5180069094614, 43.6969582996606], [-79.5176097686481, 43.696932375225], [-79.517197849218, 43.6968513810012], [-79.5167847175712, 43.6968217653288]]]]}"
148,Willowridge-Martingrove-Richview,7,23811,83,71,98,99,78,96,95,57,97,366.9968,312.9546,429.5608,428.8313,333.3333,405.7996,400.3709,240.9842,407.3748,45,35,49,43,53,43,69,57,104,198.9742,154.2734,214.7804,186.2601,226.4957,181.7644,290.7957,240.9842,240.9842,2,11,2,3,3,2,1,6,5,8.843297,48.48592,8.766547,12.99489,12.82051,8.454157,4.21443,25.36676,25.36676,43,36,35,39,66,42,21,21,27,190.1309,158.6812,153.4146,168.9335,282.0513,177.5373,88.50304,88.78366,113.393,,1,,,2,1,,2,,,4,,,8.547009,4.227078,,8.455587,,20,15,53,20,17,38,16,6,15,88.43297,232.3135,86.63259,72.64957,160.629,67.43089,25.36676,62.99609,66.11716,2,2,3,3,5,5,7,3,4,8.843297,8.815621,13.14982,12.99489,21.36752,21.13539,29.50101,12.68338,16.79896,118,59,51,41,69,37,43,53,118,521.7545,260.0608,223.547,177.5968,294.8718,156.4019,181.2205,224.0731,495.5693,4,3,4,4,4,3,4,3,5,17.68659,13.22343,17.53309,17.32652,17.09402,12.68124,16.85772,12.68338,20.9987,"{'type': 'MultiPolygon', 'coordinates': [[[[-79.5281710371286, 43.6858755230485], [-79.5274165246941, 43.6841629288682], [-79.526611117013, 43.682343188844], [-79.5270532294389, 43.6822125394784], [-79.5276767013633, 43.6820353609643], [-79.5280746256333, 43.6819476360617], [-79.5283688899392, 43.6818989654763], [-79.5286459432202, 43.6818601992069], [-79.5289851130535, 43.6818277367807], [-79.529624862229, 43.6817535723521], [-79.5307037043727, 43.6815172550516], [-79.5328298512345, 43.6810983108512], [-79.5359199026577, 43.6804713851638], [-79.5390179245411, 43.6798437699282], [-79.5420144120163, 43.6791911472796], [-79.5448930924421, 43.6785447487637], [-79.5480439051851, 43.6778247574064], [-79.5482455037279, 43.6777796744016], [-79.5492046257525, 43.6775652324598], [-79.5498666538929, 43.6774173055538], [-79.5508945206956, 43.6771873192732], [-79.557673899586, 43.6756314262017], [-79.5601062256805, 43.6750690484481], [-79.5612204835634, 43.6748212897597], [-79.5612622801701, 43.6748119953934], [-79.5613054771611, 43.6748023954007], [-79.5613190678448, 43.6748000742083], [-79.5631800164155, 43.6744863372356], [-79.5635112959694, 43.674448942341], [-79.5635404118438, 43.6744463424158], [-79.5636635719278, 43.6744353551116], [-79.5638158728401, 43.6744217589888], [-79.5639681541811, 43.6744126733662], [-79.5641204590869, 43.6744035860359], [-79.5642731195768, 43.6743899893189], [-79.564425796515, 43.6743809026533], [-79.5645784870753, 43.6743718150544], [-79.5647311641679, 43.6743627180782], [-79.5648838422453, 43.6743536299141], [-79.5650369035896, 43.6743445418562], [-79.5651895983691, 43.6743399545383], [-79.5653980295751, 43.6743286735703], [-79.5668621718339, 43.6742269220233], [-79.5670047462625, 43.6742219145456], [-79.5671407672973, 43.6742128333031], [-79.5672771784285, 43.6742082614357], [-79.5674132118011, 43.6741991800233], [-79.56754923174, 43.6741991084749], [-79.567685653983, 43.674194536259], [-79.5677679785342, 43.6741864497242], [-79.567782548736, 43.6741850188171], [-79.5678239896589, 43.674180916437], [-79.5679611717625, 43.674167342319], [-79.5680983416426, 43.6741537579788], [-79.5682351382065, 43.6741402201191], [-79.5683719358046, 43.6741266361886], [-79.5685091118067, 43.6741085602901], [-79.5686455244975, 43.6740949856169], [-79.5687617583594, 43.6740795679931], [-79.5687819078908, 43.6740769003642], [-79.5689183271486, 43.674058816298], [-79.5690543256048, 43.6740407403059], [-79.5691903487858, 43.6740226644613], [-79.5693259738944, 43.6740045798698], [-79.5694615952492, 43.6739820030282], [-79.5697921217124, 43.6739323216818], [-79.5698792145941, 43.6739192520162], [-79.5701230572583, 43.6738826291894], [-79.5704539920467, 43.6738329456321], [-79.5707844997413, 43.6737787601302], [-79.5711150442819, 43.6737245651277], [-79.5713891921144, 43.673686516803], [-79.5714451774295, 43.6736703784314], [-79.5717753114601, 43.673616181787], [-79.5719535547516, 43.6735845832802], [-79.572130620841, 43.67355297609], [-79.5723080824768, 43.6735213681639], [-79.5724855451732, 43.673489759975], [-79.5726637879581, 43.6734581513481], [-79.573376749791, 43.6733452242827], [-79.573555767091, 43.6733181141724], [-79.5735802789353, 43.6733143989665], [-79.5735906674992, 43.6733315937057], [-79.5736162893506, 43.6733720834585], [-79.5736312107282, 43.6733952971447], [-79.5736423193621, 43.6734125728969], [-79.5736694842069, 43.6734485691428], [-79.5736970352934, 43.6734845476926], [-79.573723222677, 43.6735219588439], [-79.5737253836999, 43.6735250444355], [-79.5737544779036, 43.6735655315701], [-79.5737839752258, 43.6736015181792], [-79.5738146374403, 43.6736375031101], [-79.5738456854755, 43.6736734883451], [-79.5738778983851, 43.6737094728006], [-79.5739104958777, 43.6737454575437], [-79.5739434779753, 43.6737814416741], [-79.5739776261918, 43.6738174250383], [-79.574012171417, 43.6738534079434], [-79.5740482362218, 43.6738848889425], [-79.5754683598107, 43.6752140679756], [-79.5757906809884, 43.6754815002252], [-79.5767607523094, 43.6764124984636], [-79.576813125997, 43.6764619706619], [-79.5768647320765, 43.6765114341778], [-79.5769159532304, 43.6765609162872], [-79.5769664055539, 43.6766103888004], [-79.5770160763668, 43.6766598632655], [-79.577064966971, 43.6767093369986], [-79.5771130872437, 43.6767588119245], [-79.5771608171414, 43.6768127875162], [-79.5772077798005, 43.6768577622518], [-79.5772195172686, 43.6768714907413], [-79.5772539591331, 43.6769117392095], [-79.577299376514, 43.6769612155229], [-79.5773440189189, 43.67701519402], [-79.5773882644347, 43.6770691720609], [-79.5774238855129, 43.6771097160766], [-79.5774311893694, 43.677118874807], [-79.5774740459498, 43.677172628436], [-79.5775159730444, 43.6772266081823], [-79.5775571174143, 43.6772805880752], [-79.5775975063419, 43.677334568455], [-79.5776128619574, 43.6773555225355], [-79.5767298760264, 43.6790048628191], [-79.576517117979, 43.6794190929684], [-79.5761101002454, 43.680211426569], [-79.5752814137074, 43.6817877363046], [-79.5751386069608, 43.6820572312101], [-79.5744170622283, 43.6835151858074], [-79.5743966471294, 43.6835564435369], [-79.5737263762948, 43.684727083554], [-79.5729438665196, 43.686046268477], [-79.5721550789199, 43.6873294915443], [-79.5718306104738, 43.6878902340096], [-79.5708498890954, 43.6895851702358], [-79.5707996177033, 43.6896842153099], [-79.5707489490692, 43.6897832607945], [-79.5706975245929, 43.6898823067061], [-79.5706453181998, 43.689981353618], [-79.5705923299074, 43.6900804006289], [-79.5705385472859, 43.6901794484827], [-79.5704840028183, 43.6902739956503], [-79.5704286811927, 43.6903730440069], [-79.5703870995142, 43.690446484336], [-79.5703725912977, 43.6904720926285], [-79.5703419150027, 43.6905259031668], [-79.5703161031098, 43.6905711326367], [-79.5702584570275, 43.6906656814064], [-79.5702000414117, 43.6907602313223], [-79.5701412334863, 43.6908592728299], [-79.5700812540219, 43.6909538229243], [-79.5700208958563, 43.6910528656787], [-79.5699597632342, 43.6911474165836], [-79.5698974505692, 43.6912419589903], [-79.5698347664586, 43.6913365111192], [-79.5697712929088, 43.6914355552658], [-79.5697074432106, 43.691530108041], [-79.5696424258585, 43.6916246524674], [-79.5695766265543, 43.6917191969723], [-79.5695104433856, 43.6918137510388], [-79.5694561610624, 43.6918801233693], [-79.5690108596099, 43.6919701362355], [-79.5688095380493, 43.6920145253952], [-79.5677315303305, 43.6922332165544], [-79.5675311333334, 43.6922738235163], [-79.5672113957142, 43.6923459862983], [-79.5668912614995, 43.6924181486126], [-79.5665707359464, 43.6924858184939], [-79.5662475029255, 43.6925512655686], [-79.5661634527688, 43.6925690462721], [-79.564007161778, 43.6930366494013], [-79.5629279326476, 43.6933070087925], [-79.5625200141488, 43.6934101528197], [-79.5617350889412, 43.6935812350571], [-79.5586524237739, 43.6942582257849], [-79.5580508859035, 43.6930455275154], [-79.5576172113871, 43.6920779093523], [-79.5572545718506, 43.6912430774971], [-79.5568702789431, 43.6904033582817], [-79.5567184036238, 43.6901226914867], [-79.5559154216281, 43.6883213509733], [-79.5547064064173, 43.6856339845172], [-79.5539255200082, 43.6858650860982], [-79.5536380336788, 43.6859602214838], [-79.5529224818175, 43.6862303239395], [-79.5525852940842, 43.6863595039439], [-79.551888808464, 43.6866432553327], [-79.5508432464701, 43.6870516642017], [-79.5501981491287, 43.6872937692615], [-79.5500958128296, 43.6873205576597], [-79.5497788758029, 43.6873971713622], [-79.54915930654, 43.6875567354686], [-79.5480721128391, 43.6878186223436], [-79.5472244768294, 43.6879890640547], [-79.547045888345, 43.6880151252827], [-79.5468558353237, 43.6880222061687], [-79.5467027204244, 43.68802692205], [-79.5462916776906, 43.688042112362], [-79.5461223946326, 43.6880552781218], [-79.5452985314305, 43.6880968510797], [-79.5449475708268, 43.6881404035645], [-79.5447284717492, 43.6881720563093], [-79.5437034273836, 43.6884438426483], [-79.5428768431378, 43.6886288175482], [-79.5415673324203, 43.6889339407564], [-79.5412692944692, 43.6890314430553], [-79.5408461839443, 43.6892064547979], [-79.5398002992018, 43.689606507907], [-79.5393085233042, 43.6898050847632], [-79.5387937760308, 43.6900129296909], [-79.5377822349501, 43.6903899374739], [-79.5367800146238, 43.6907956284515], [-79.5365780254958, 43.6909169136474], [-79.5363489819683, 43.6910827101308], [-79.5362250012056, 43.69117433739], [-79.536108256471, 43.6912559260573], [-79.536052152142, 43.6913441835366], [-79.5360033586993, 43.6914187749417], [-79.5359340967827, 43.6915148043124], [-79.5356100476671, 43.6921349513347], [-79.5350062347554, 43.6933208244519], [-79.5348927577074, 43.6935479524581], [-79.5348416555353, 43.6937129889929], [-79.5348182771626, 43.6938082210892], [-79.5347974387464, 43.6939208334737], [-79.5347901350896, 43.6940112177862], [-79.5347772719743, 43.6941424245328], [-79.5348445547995, 43.6944137476698], [-79.5348818788899, 43.6945120035439], [-79.5348952334995, 43.6946504667669], [-79.5349036994185, 43.69474686793], [-79.5348627284324, 43.6949048168307], [-79.5348440348479, 43.6949726021968], [-79.5347898993464, 43.6950424146295], [-79.5346928371708, 43.6951926933318], [-79.5346253493642, 43.6952775149813], [-79.534527998223, 43.69538108684], [-79.5344307741389, 43.6954679157757], [-79.5344254414334, 43.6954726698529], [-79.5343087460497, 43.6955694593497], [-79.534032154278, 43.6957410438488], [-79.5340155238281, 43.6957513551241], [-79.5337877547678, 43.695866495273], [-79.5336336942435, 43.6959265614721], [-79.5334549996075, 43.6959946101967], [-79.533266902083, 43.6960408143658], [-79.5330642413134, 43.6960915141949], [-79.5329624380792, 43.6961157666375], [-79.5327422255608, 43.6961699456678], [-79.5323714992538, 43.6953217061962], [-79.5319139279324, 43.6942998818874], [-79.531631055899, 43.6936626599243], [-79.531543229817, 43.6934581208347], [-79.5314105529278, 43.6931490801107], [-79.5308611624198, 43.6918777511947], [-79.5303555735764, 43.6907561991581], [-79.5301807742111, 43.6904065363115], [-79.5292783112406, 43.6883610994464], [-79.5292636077933, 43.6883277976177], [-79.5289380235143, 43.6875901073715], [-79.5281710371286, 43.6858755230485]]]]}"
149,Kingsview Village-The Westway,6,22765,92,121,128,107,97,97,100,99,129,406.2707,535.2561,565.6459,469.9372,423.0266,421.2446,435.5211,434.9736,566.6594,57,50,42,36,55,40,60,82,116,251.7112,221.1802,185.6025,158.1097,239.8604,173.7091,261.3127,360.2812,360.2812,,6,2,4,5,5,5,3,5,,26.54163,8.838217,17.56775,21.80549,21.71364,21.77605,13.18102,13.18102,38,33,34,39,39,27,14,17,14,167.8075,145.9789,150.2497,171.2855,170.0829,117.2537,60.97295,74.69244,61.49791,2,1,2,2,2,,,1,,8.831971738,4,9,9,8.722198,,,4.393673,,18,32,26,13,18,14,6,9,10,79.48775,114.8968,57.09517,78.49978,60.79819,26.13127,39.54306,43.92708,141.5553,3,7,16,10,3,3,2,7,1,13.24796,30.96523,70.70573,43.91936,13.0833,13.02818,8.710422,30.75571,4.392708,110,54,54,47,53,41,66,94,110,485.7585,238.8746,238.6319,206.421,231.1382,178.0518,287.4439,413.0053,483.1979,5,4,5,6,3,2,7,8,6,22.07993,17.69442,22.09554,26.35162,13.0833,8.685456,30.48648,35.14938,26.35625,"{'type': 'MultiPolygon', 'coordinates': [[[[-79.5376491514838, 43.7083252675384], [-79.5374158123556, 43.7082696621487], [-79.5371829329438, 43.7082730417924], [-79.5367622641351, 43.7083406693753], [-79.5362973458701, 43.7083453005784], [-79.5359087308976, 43.7082103765011], [-79.5358400355926, 43.7081248774538], [-79.5356621527882, 43.707902601268], [-79.5355595696226, 43.7075610894292], [-79.5354709734554, 43.7071609022469], [-79.5354511176093, 43.7068602752793], [-79.5354460373094, 43.7067882659107], [-79.5355000587065, 43.7063831831445], [-79.535508924752, 43.7062886673227], [-79.5355444705616, 43.7060951198254], [-79.5356035587143, 43.7056990363999], [-79.535727048135, 43.7053316287787], [-79.5359534309438, 43.7050007244103], [-79.5360240997568, 43.7047849414956], [-79.5359644937979, 43.7045979496732], [-79.5357859957793, 43.7045137539909], [-79.5354404145692, 43.7044891985717], [-79.5350184166016, 43.7045550830378], [-79.5345831827271, 43.70469119725], [-79.5341327145982, 43.7048353529058], [-79.5336608831656, 43.7049435171375], [-79.5331739300782, 43.7050156698537], [-79.5327097737068, 43.705006802214], [-79.5321940397483, 43.7049754539439], [-79.5319415954287, 43.7049395192764], [-79.5317167720179, 43.7043139749157], [-79.5316923037015, 43.7042419719666], [-79.5316825536484, 43.7041294580556], [-79.5316623249629, 43.7040259403031], [-79.5316556814171, 43.7039224278227], [-79.5316657042152, 43.703823410804], [-79.531687747837, 43.7037198896421], [-79.5317237719203, 43.7036118642963], [-79.5317551279293, 43.7035218433709], [-79.5317915251948, 43.7034408217143], [-79.5318314222839, 43.7033597990874], [-79.5318685877025, 43.703251773045], [-79.531877489042, 43.7032157657832], [-79.5318987933209, 43.7031932561456], [-79.5324051623701, 43.7024504449211], [-79.5330682904507, 43.7018560623451], [-79.5342548321333, 43.7005413998588], [-79.5343946903962, 43.7003388107339], [-79.5343387513828, 43.7001272979681], [-79.5342753815264, 43.6998302658609], [-79.5337630262915, 43.6986028770068], [-79.5327422255608, 43.6961699456678], [-79.5329624380792, 43.6961157666375], [-79.5330642413134, 43.6960915141949], [-79.533266902083, 43.6960408143658], [-79.5334549996075, 43.6959946101967], [-79.5336336942435, 43.6959265614721], [-79.5337877547678, 43.695866495273], [-79.5340155238281, 43.6957513551241], [-79.534032154278, 43.6957410438488], [-79.5343087460497, 43.6955694593497], [-79.5344254414334, 43.6954726698529], [-79.5344307741389, 43.6954679157757], [-79.534527998223, 43.69538108684], [-79.5346253493642, 43.6952775149813], [-79.5346928371708, 43.6951926933318], [-79.5347898993464, 43.6950424146295], [-79.5348440348479, 43.6949726021968], [-79.5348627284324, 43.6949048168307], [-79.5349036994185, 43.69474686793], [-79.5348952334995, 43.6946504667669], [-79.5348818788899, 43.6945120035439], [-79.5348445547995, 43.6944137476698], [-79.5347772719743, 43.6941424245328], [-79.5347901350896, 43.6940112177862], [-79.5347974387464, 43.6939208334737], [-79.5348182771626, 43.6938082210892], [-79.5348416555353, 43.6937129889929], [-79.5348927577074, 43.6935479524581], [-79.5350062347554, 43.6933208244519], [-79.5356100476671, 43.6921349513347], [-79.5359340967827, 43.6915148043124], [-79.5360033586993, 43.6914187749417], [-79.536052152142, 43.6913441835366], [-79.536108256471, 43.6912559260573], [-79.5362250012056, 43.69117433739], [-79.5363489819683, 43.6910827101308], [-79.5365780254958, 43.6909169136474], [-79.5367800146238, 43.6907956284515], [-79.5377822349501, 43.6903899374739], [-79.5387937760308, 43.6900129296909], [-79.5393085233042, 43.6898050847632], [-79.5398002992018, 43.689606507907], [-79.5408461839443, 43.6892064547979], [-79.5412692944692, 43.6890314430553], [-79.5415673324203, 43.6889339407564], [-79.5428768431378, 43.6886288175482], [-79.5437034273836, 43.6884438426483], [-79.5447284717492, 43.6881720563093], [-79.5449475708268, 43.6881404035645], [-79.5452985314305, 43.6880968510797], [-79.5461223946326, 43.6880552781218], [-79.5462916776906, 43.688042112362], [-79.5467027204244, 43.68802692205], [-79.5468558353237, 43.6880222061687], [-79.547045888345, 43.6880151252827], [-79.5472244768294, 43.6879890640547], [-79.5480721128391, 43.6878186223436], [-79.54915930654, 43.6875567354686], [-79.5497788758029, 43.6873971713622], [-79.5500958128296, 43.6873205576597], [-79.5501981491287, 43.6872937692615], [-79.5508432464701, 43.6870516642017], [-79.551888808464, 43.6866432553327], [-79.5525852940842, 43.6863595039439], [-79.5529224818175, 43.6862303239395], [-79.5536380336788, 43.6859602214838], [-79.5539255200082, 43.6858650860982], [-79.5547064064173, 43.6856339845172], [-79.5559154216281, 43.6883213509733], [-79.5567184036238, 43.6901226914867], [-79.5568702789431, 43.6904033582817], [-79.5572545718506, 43.6912430774971], [-79.5576172113871, 43.6920779093523], [-79.5580508859035, 43.6930455275154], [-79.5586524237739, 43.6942582257849], [-79.5617350889412, 43.6935812350571], [-79.5625200141488, 43.6934101528197], [-79.5629279326476, 43.6933070087925], [-79.564007161778, 43.6930366494013], [-79.5661634527688, 43.6925690462721], [-79.5662475029255, 43.6925512655686], [-79.5665707359464, 43.6924858184939], [-79.5668912614995, 43.6924181486126], [-79.5672113957142, 43.6923459862983], [-79.5675311333334, 43.6922738235163], [-79.5677315303305, 43.6922332165544], [-79.5688095380493, 43.6920145253952], [-79.5690108596099, 43.6919701362355], [-79.5694561610624, 43.6918801233693], [-79.5694431062172, 43.6919082960225], [-79.5693967731802, 43.6919729265378], [-79.5693753717255, 43.6920028422937], [-79.5693068630163, 43.6920928877027], [-79.5692375770004, 43.6921874342742], [-79.5691679073416, 43.6922819805008], [-79.5690970650989, 43.6923720280769], [-79.5690254467844, 43.6924665759261], [-79.5689534376859, 43.6925566232057], [-79.5688806661229, 43.6926511718265], [-79.5688071132364, 43.6927367193556], [-79.5687327901074, 43.692831268257], [-79.5686580763992, 43.6929213084837], [-79.5685825804895, 43.6930113577709], [-79.5685062914243, 43.693101406976], [-79.5684292575589, 43.6931914576034], [-79.5683522110769, 43.693281507119], [-79.5678007319637, 43.6939112785374], [-79.5670292043589, 43.6947988375473], [-79.5665047740524, 43.6953908076221], [-79.5657846617585, 43.6962036540767], [-79.5644854824575, 43.6976625309264], [-79.5632009647953, 43.6991079099531], [-79.5617610804228, 43.7007154447534], [-79.5615771341667, 43.7009315928025], [-79.5606081607785, 43.7020257569763], [-79.5595992451253, 43.7031782899298], [-79.5590205791764, 43.7038400312676], [-79.5585453107254, 43.7043532489123], [-79.5577861327919, 43.7051771710939], [-79.557303472741, 43.7056904513209], [-79.5570478283328, 43.7059741006181], [-79.5567914119258, 43.7062577512827], [-79.5565965848486, 43.7064873530651], [-79.5560759574788, 43.7070636462149], [-79.5560317927685, 43.7071131657569], [-79.5559868594743, 43.7071626944779], [-79.5559415403022, 43.7072122147033], [-79.5558954401133, 43.7072617448495], [-79.5558485741696, 43.7073157663197], [-79.5558009187227, 43.7073607955618], [-79.5557524863283, 43.7074103168851], [-79.5557036924326, 43.7074598480247], [-79.5556540758725, 43.7075048695268], [-79.5556037067327, 43.7075544014229], [-79.5555525806145, 43.7076039237286], [-79.55550105339, 43.7076489552279], [-79.5554487319244, 43.7076939784648], [-79.5553956654595, 43.7077390102677], [-79.5553421928984, 43.7077885433337], [-79.5552879485841, 43.7078335664989], [-79.5552329171619, 43.7078740993765], [-79.5551771369522, 43.7079236329028], [-79.5551213358275, 43.707964165899], [-79.5550562376695, 43.7080137040088], [-79.5549907657876, 43.7080632427578], [-79.5549248854593, 43.7081127808059], [-79.554858235453, 43.7081623198872], [-79.5547911843655, 43.7082073681443], [-79.5547229778407, 43.7082524071515], [-79.5546547772469, 43.7083019463112], [-79.5545861869679, 43.7083469857846], [-79.5545168179519, 43.7083965343932], [-79.5544466724157, 43.7084370738002], [-79.5543765427237, 43.7084821134827], [-79.5543052347954, 43.708527162527], [-79.5542339257146, 43.7085722034082], [-79.5541618356114, 43.708617252371], [-79.5540893697291, 43.7086577928135], [-79.5540161126648, 43.7087028422253], [-79.5539424785895, 43.7087433830993], [-79.5538684778136, 43.7087884329092], [-79.5537940503812, 43.7088289744521], [-79.5537188530976, 43.708869524211], [-79.553644052911, 43.7089100735433], [-79.553557241442, 43.7089506202655], [-79.5534696511137, 43.7089956769891], [-79.5533816724533, 43.709036232213], [-79.553292900497, 43.7090767890312], [-79.5532037470941, 43.7091218455708], [-79.5531146137001, 43.7091624021757], [-79.5530246868336, 43.7092029675721], [-79.5529343752938, 43.7092435235246], [-79.5528432893951, 43.7092795802862], [-79.5527525926117, 43.7093201456219], [-79.5526607133518, 43.7093562020944], [-79.5525688508089, 43.7093967678258], [-79.5524762009316, 43.7094328071858], [-79.5523835519905, 43.7094688545856], [-79.5523603053334, 43.7094778664799], [-79.5522901333753, 43.7095049020639], [-79.5521920566264, 43.7095364515611], [-79.5520932116686, 43.7095679921412], [-79.5519943539836, 43.709599541478], [-79.5518947131765, 43.7096310826064], [-79.5517950857209, 43.7096626319203], [-79.5516954538114, 43.7096896719694], [-79.5515946438766, 43.7097167123075], [-79.5514942341298, 43.7097482622479], [-79.5513934364405, 43.7097753016628], [-79.5512922526051, 43.7098023423961], [-79.5511906727396, 43.7098293825208], [-79.5510887171384, 43.7098519221758], [-79.5509867510656, 43.7098789626245], [-79.5508847861441, 43.7099060029965], [-79.5507820483265, 43.7099285423627], [-79.5506793136414, 43.7099555835939], [-79.5505761772211, 43.7099781231218], [-79.55047305114, 43.7099961625706], [-79.5503695342493, 43.710023202605], [-79.550266014048, 43.7100457423864], [-79.550161707339, 43.710063781883], [-79.550054712527, 43.7100863314146], [-79.5426310924907, 43.7118717273272], [-79.5422767454807, 43.7119573894144], [-79.5397651591646, 43.7125479720964], [-79.5385298932335, 43.712838470257], [-79.5379060408196, 43.7129851653967], [-79.5378451689026, 43.712998687369], [-79.5378547502634, 43.7128231506578], [-79.5378605047887, 43.7127196343292], [-79.5378856358175, 43.7126251032216], [-79.5379452234012, 43.7124045442453], [-79.5381234009596, 43.7120984325606], [-79.5381784394868, 43.7120444068204], [-79.5384059238718, 43.7118282910947], [-79.53848677635, 43.7117809169387], [-79.5387671678662, 43.7116166395595], [-79.5388225782213, 43.7115819026631], [-79.5391307560131, 43.7113869740595], [-79.5393984931904, 43.7110808301468], [-79.5396014295889, 43.7107207006863], [-79.539575574567, 43.7103516390196], [-79.5394629012845, 43.7100096209836], [-79.539329258034, 43.7096676283195], [-79.539132552303, 43.7093225144758], [-79.5389051708495, 43.7090085647281], [-79.5385304593385, 43.7087436768928], [-79.5381312188973, 43.7084965996732], [-79.5376491514838, 43.7083252675384]]]]}"
150,Elms-Old Rexdale,5,9852,45,53,69,62,56,71,49,69,64,458.3418,543.1441,709.7305,632.976,567.0886,715.3652,494.0014,701.1483,649.6143,7,19,16,12,33,28,42,51,59,71.29762,194.712,164.5752,122.5115,334.1772,282.1159,423.4298,518.24,518.24,1,4,2,3,2,1,2,,2,10.18537,40.99201,20.5719,30.62787,20.25316,10.07557,20.16332,,,8,17,10,12,7,10,13,10,9,81.48299,174.216,102.8595,122.5115,70.88608,100.7557,131.0616,101.6157,91.35201,,,,2,,,,,1,,,,20,,,,,10.15022,14,8,21,22,13,16,7,7,15,142.5952,216.0049,224.6044,131.6456,161.2091,70.57163,71.13098,152.2534,81.98402,2,4,4,6,3,9,,7,6,20.37075,40.99201,41.1438,61.25574,30.37975,90.6801,,71.13098,60.90134,31,24,24,20,19,25,35,18,31,315.7466,245.952,246.8628,204.1858,192.4051,251.8892,352.8582,182.9082,314.6569,1,1,,2,1,4,2,3,,10.18537,10.248,,20.41858,10.12658,40.30227,20.16332,30.48471,,"{'type': 'MultiPolygon', 'coordinates': [[[[-79.5467724152506, 43.7315665167937], [-79.5463275719755, 43.731451824745], [-79.5458601066084, 43.7314595739466], [-79.5455921521623, 43.7314909609987], [-79.5455030865886, 43.7315391709658], [-79.5453372342303, 43.7318538749083], [-79.5451280604423, 43.7321552200634], [-79.5449851998058, 43.7322783856748], [-79.54480219644, 43.7323724483649], [-79.544596448099, 43.7324124855015], [-79.5444137426673, 43.732390360007], [-79.544079977017, 43.7322823034062], [-79.5438869926138, 43.7320528461293], [-79.5438456882729, 43.7317918173263], [-79.5440095689856, 43.731553212183], [-79.5442732119621, 43.7313640759211], [-79.5445733238903, 43.7311929267161], [-79.5448582933172, 43.7310262829857], [-79.5448317415003, 43.7308102641754], [-79.5445608166328, 43.7305808293187], [-79.5442448909238, 43.7303784154253], [-79.5439096147611, 43.7302075213206], [-79.5436007237487, 43.7300456169527], [-79.5432224284787, 43.7299287446251], [-79.5427929819165, 43.7298478948991], [-79.5423810022396, 43.7298030510736], [-79.5419942086386, 43.7297221832434], [-79.5415577749055, 43.7296548336732], [-79.5411527918094, 43.7296009817688], [-79.5408215323637, 43.7295876073186], [-79.5404709606826, 43.7296687521022], [-79.5401491255623, 43.7297903910655], [-79.539957637466, 43.7299659913415], [-79.5397875356269, 43.730200101164], [-79.5395991899511, 43.7304387081759], [-79.539439536749, 43.7306728042241], [-79.5392860821607, 43.7308934060384], [-79.5392435854201, 43.7311319624021], [-79.5393132084176, 43.7313929829875], [-79.5394173742891, 43.7316674942297], [-79.5394943894723, 43.7319555251262], [-79.5392435018904, 43.7320861382976], [-79.5389254026011, 43.7320772456811], [-79.5386351402635, 43.7319423254089], [-79.5384658927831, 43.7317803515955], [-79.5384258353598, 43.7316273346939], [-79.538464476813, 43.7314112829743], [-79.5384752064784, 43.7313402595535], [-79.5385073314778, 43.7311277205862], [-79.5385354564815, 43.7308306522706], [-79.5385371899868, 43.7305155998685], [-79.5385660209851, 43.7301600230242], [-79.538622052939, 43.7298494528685], [-79.538744420544, 43.7295433603505], [-79.5388671919392, 43.7292687627546], [-79.5388018127158, 43.7289582328272], [-79.538668147916, 43.7286252151248], [-79.5385379520258, 43.7282967047992], [-79.5384399802175, 43.7279681742629], [-79.5383179428453, 43.7276216496366], [-79.5382327528844, 43.7272661196888], [-79.5382821665791, 43.7269150368949], [-79.538483259946, 43.7266449141411], [-79.5388166926211, 43.726455766258], [-79.5392001978728, 43.7263296178591], [-79.5396112429428, 43.7262394544871], [-79.5400433382729, 43.7262618072564], [-79.5404734676971, 43.7262391529517], [-79.5408690229017, 43.7261354885885], [-79.5411481462062, 43.7259328514101], [-79.5413069661661, 43.7256357442695], [-79.5413423865757, 43.7252891651997], [-79.5412758011897, 43.7249336317335], [-79.5411304899551, 43.7245826260686], [-79.5409696699999, 43.7242361176849], [-79.5407677530007, 43.723921137867], [-79.5407263885376, 43.7236530055352], [-79.5407135863578, 43.7235700997117], [-79.5407483104431, 43.7233090417508], [-79.5407560279162, 43.7232505308696], [-79.5407420225093, 43.7231875270171], [-79.5407337089398, 43.7229714913815], [-79.5407229957918, 43.7226204462051], [-79.5407910114764, 43.7222738646788], [-79.5409668488734, 43.7219542485828], [-79.5412303943571, 43.7216886168344], [-79.5415575663718, 43.7214544661941], [-79.5417025442846, 43.7213508987413], [-79.5419188538797, 43.721202299266], [-79.5422689011687, 43.7209771388149], [-79.5424328400267, 43.7208195561798], [-79.5425568555106, 43.7206844914183], [-79.5428067750935, 43.7203693637676], [-79.542950815303, 43.7200362627944], [-79.5430390493271, 43.7197661917933], [-79.5430774073735, 43.7197256720218], [-79.5431762180825, 43.7195996176849], [-79.5432343031777, 43.7194825791651], [-79.5433117580293, 43.7193250191181], [-79.5434132308652, 43.7191404367498], [-79.5434577828912, 43.7190684094893], [-79.54348256206, 43.7190098826382], [-79.5437068303126, 43.71862722596], [-79.5438528369127, 43.7183481132081], [-79.5439794957957, 43.7181410265312], [-79.5440387583683, 43.7180419814055], [-79.544081185198, 43.7177133826901], [-79.5439320366546, 43.7174253733569], [-79.5438590732888, 43.7173533909146], [-79.5438559670673, 43.7173488917416], [-79.5436541501769, 43.717159924668], [-79.5432661727647, 43.7169440327499], [-79.5431761906402, 43.7169170627357], [-79.5425629631197, 43.7167957847438], [-79.5424431177166, 43.7167778269836], [-79.5424198491413, 43.7167778354363], [-79.5420382652446, 43.7167869778322], [-79.5416880924479, 43.7168321218119], [-79.5414895285442, 43.7168502056373], [-79.5413014631805, 43.716868276362], [-79.5409189996276, 43.7167513880741], [-79.5406912057356, 43.7165444221914], [-79.5406250361759, 43.7161978798789], [-79.5406633084639, 43.7160133220128], [-79.5407000930483, 43.7159232879947], [-79.540775130381, 43.7156397027776], [-79.5407408169218, 43.7153651593642], [-79.5404785115018, 43.7151492130997], [-79.54026052418, 43.7150637782498], [-79.5398497967854, 43.714991902819], [-79.53944257156, 43.7149425370185], [-79.539033003345, 43.7148571569225], [-79.5385997477639, 43.7147357776796], [-79.5382099234348, 43.7145873790265], [-79.5380135194627, 43.7143218891243], [-79.5379381115525, 43.7140158531332], [-79.5378499031947, 43.7137188318057], [-79.5378293742576, 43.7135165988825], [-79.53782826446, 43.7132327444012], [-79.5378413296711, 43.7130707075941], [-79.5378451689026, 43.712998687369], [-79.5379060408196, 43.7129851653967], [-79.5385298932335, 43.712838470257], [-79.5397651591646, 43.7125479720964], [-79.5422767454807, 43.7119573894144], [-79.5426310924907, 43.7118717273272], [-79.550054712527, 43.7100863314146], [-79.550161707339, 43.710063781883], [-79.550266014048, 43.7100457423864], [-79.5503695342493, 43.710023202605], [-79.55047305114, 43.7099961625706], [-79.5505761772211, 43.7099781231218], [-79.5506793136414, 43.7099555835939], [-79.5507820483265, 43.7099285423627], [-79.5508847861441, 43.7099060029965], [-79.5509867510656, 43.7098789626245], [-79.5510887171384, 43.7098519221758], [-79.5511906727396, 43.7098293825208], [-79.5512922526051, 43.7098023423961], [-79.5513934364405, 43.7097753016628], [-79.5514942341298, 43.7097482622479], [-79.5515946438766, 43.7097167123075], [-79.5516954538114, 43.7096896719694], [-79.5517950857209, 43.7096626319203], [-79.5518947131765, 43.7096310826064], [-79.5519943539836, 43.709599541478], [-79.5520932116686, 43.7095679921412], [-79.5521920566264, 43.7095364515611], [-79.5522901333753, 43.7095049020639], [-79.5523603053334, 43.7094778664799], [-79.5524116014833, 43.7095903763193], [-79.5524325747389, 43.7096353820472], [-79.5524702682911, 43.7097163943096], [-79.5524842557079, 43.7097479012278], [-79.5525293205672, 43.7098423937397], [-79.5525549546115, 43.709896381278], [-79.5525895392472, 43.7099683664923], [-79.5526291567961, 43.71004934094], [-79.5526501263779, 43.7100898194497], [-79.5527118961002, 43.7102157820644], [-79.5527748080404, 43.7103417438015], [-79.5533608809029, 43.7114194806273], [-79.5534346970799, 43.7115383895499], [-79.5535058498581, 43.7117318560703], [-79.5540665227579, 43.7129061406906], [-79.5551195471041, 43.7151110455669], [-79.5556911965544, 43.7163036787608], [-79.5559869794585, 43.716956242237], [-79.5566803133954, 43.7184277137605], [-79.5574528713446, 43.7200385254568], [-79.5575473396898, 43.7202680007869], [-79.5575683120764, 43.7203174884938], [-79.5576360238139, 43.7204571091251], [-79.5581399715608, 43.7214962913958], [-79.5582597034598, 43.721766258077], [-79.558459507329, 43.7222207199202], [-79.5585127588269, 43.7223422093756], [-79.558702793585, 43.7227021704078], [-79.5589254676444, 43.7231206317261], [-79.5597604625886, 43.724889132535], [-79.560207594624, 43.725910602365], [-79.5607584516042, 43.7270355375224], [-79.5613077232215, 43.7282284673674], [-79.5616908476449, 43.7290604880507], [-79.5620180573879, 43.7298033098475], [-79.5621352744138, 43.7300693850627], [-79.5617814455226, 43.7299265206439], [-79.5613400672433, 43.7297334570262], [-79.5608597292223, 43.7295544899453], [-79.560417738406, 43.7293624576859], [-79.5599989759523, 43.7291858851297], [-79.5595646902348, 43.7289989680792], [-79.5591705859316, 43.7287726024896], [-79.5589716170304, 43.7286396212971], [-79.5588094884905, 43.7285312579848], [-79.5584124288515, 43.7283243520497], [-79.5580671230639, 43.7281057715431], [-79.5577634131264, 43.7278998863022], [-79.557388311331, 43.7277878479431], [-79.5569919311148, 43.7277373427239], [-79.5565678126789, 43.7277678514094], [-79.5562037095729, 43.7278533359158], [-79.5559105039112, 43.7279758600797], [-79.5556678638391, 43.7281501615214], [-79.5555181261571, 43.7283733848714], [-79.5554247559881, 43.7286141585875], [-79.5553734531327, 43.7288408616349], [-79.5552316828439, 43.7290793098958], [-79.5549810134443, 43.7292899881551], [-79.5546758074701, 43.7294403475038], [-79.5543536620228, 43.7295423231754], [-79.5542702361557, 43.7295703473812], [-79.554029424595, 43.7296512115999], [-79.5537490499336, 43.7297162339361], [-79.5537082484423, 43.7297294843834], [-79.5534270418022, 43.7297935517991], [-79.5531224432097, 43.7298386916798], [-79.5531168832127, 43.7298395126612], [-79.5528088571589, 43.7298966157856], [-79.5524896250575, 43.7299298871217], [-79.5521511633873, 43.7299747962595], [-79.5517526394849, 43.7300256546744], [-79.5513899795968, 43.7300811665993], [-79.551027358894, 43.7301679300783], [-79.5508794526773, 43.7302059450806], [-79.550621057668, 43.73027237202], [-79.5503064899571, 43.7303951888302], [-79.5499956594553, 43.7305194522811], [-79.5497136498603, 43.730673577114], [-79.5496211256854, 43.7309016370243], [-79.5496626606182, 43.7311427620238], [-79.5497680203247, 43.7313934180664], [-79.5498727756587, 43.7316184217005], [-79.5498874111392, 43.7316936027965], [-79.5498761395057, 43.7317676249933], [-79.549809750638, 43.7318099503656], [-79.5497190456448, 43.7318381813853], [-79.5496299535277, 43.7318664120941], [-79.5494506117293, 43.7319495710916], [-79.5492673195546, 43.7321517909613], [-79.5492066850122, 43.7323698451093], [-79.5492692761414, 43.7325691510364], [-79.5492952752112, 43.7326666501169], [-79.5492823851247, 43.7327359742216], [-79.5492386595013, 43.7327759398372], [-79.5491544347134, 43.7328065270289], [-79.5489503533437, 43.7328794525438], [-79.5488693068494, 43.7328360110095], [-79.548564223585, 43.7327185670994], [-79.5482195127861, 43.7325793735806], [-79.54780947532, 43.7323991253082], [-79.5477036294724, 43.7321531838245], [-79.547559110152, 43.7319616171797], [-79.5471858136648, 43.7317699368978], [-79.5467724152506, 43.7315665167937]]]]}"
151,Rexdale-Kipling,4,10722,50,59,70,86,76,58,49,48,58,467.0278,552.2793,655.8606,802.5383,702.7277,534.316,452.6141,447.0522,540.9438,13,9,22,23,57,52,40,40,55,121.4272,84.24599,206.1276,214.6323,527.0458,479.0419,369.4809,372.5435,372.5435,,1,2,2,1,1,1,2,1,,9.360666,18.73887,18.66368,9.246417,9.212344,9.237022,18.62718,18.62718,17,17,16,13,18,14,18,29,21,158.7895,159.1313,149.911,121.3139,166.4355,128.9728,166.2664,270.0941,195.859,,,,1,,2,,,2,,,,9,,18.42469,,,18.65324,14,11,15,30,22,22,14,10,13,130.7678,140.5415,279.9552,203.4212,202.6716,129.3183,93.13589,121.246,102.9673,,1,3,3,3,5,1,1,1,,9.360666,28.10831,27.99552,27.73925,46.06172,9.237022,9.313588,9.326618,58,20,13,19,35,46,42,55,58,541.7523,187.2133,121.8027,177.305,323.6246,423.7679,387.9549,512.2474,540.9438,2,1,,1,3,3,1,2,9,18.68111,9.360666,,9.331841,27.73925,27.63703,9.237022,18.62718,83.93956,"{'type': 'MultiPolygon', 'coordinates': [[[[-79.5641894719168, 43.7122939032632], [-79.566705644219, 43.7117119895347], [-79.5675467397465, 43.7134587303724], [-79.5676034353229, 43.7135764881424], [-79.5678843017599, 43.7141597199633], [-79.5685355394051, 43.7155770661096], [-79.5687092603604, 43.7158965063534], [-79.5692546682703, 43.717016843119], [-79.5700699510605, 43.7187221023809], [-79.5704016051022, 43.7194150128754], [-79.5715143921397, 43.721709695573], [-79.5719183714373, 43.7225240638613], [-79.572369792553, 43.7234464064542], [-79.5726809331544, 43.7241393138001], [-79.5734780849228, 43.7257590642799], [-79.5746636255109, 43.7281482971005], [-79.5753826886829, 43.7296149994017], [-79.5758454636155, 43.7305283011681], [-79.5763981499239, 43.7316755640141], [-79.5774402269653, 43.7336932356416], [-79.5775180947203, 43.7338440165456], [-79.5772586779041, 43.7339162021142], [-79.5767801504712, 43.7340515519373], [-79.5763768997561, 43.7341868588257], [-79.5760229551586, 43.7343626277189], [-79.575659343943, 43.7345519121861], [-79.5753585926797, 43.7347411462952], [-79.5750562771803, 43.7349303889119], [-79.5747826946101, 43.7351376140114], [-79.5745203001928, 43.7353178099327], [-79.574207525902, 43.7355475539752], [-79.5738710502422, 43.7357367975954], [-79.5734809097087, 43.7358270704313], [-79.5730372476123, 43.7359353790269], [-79.5726854901843, 43.7360166141003], [-79.5722673493045, 43.736052892914], [-79.5717905742308, 43.7360577029422], [-79.5714026669209, 43.7360669470666], [-79.5709763540514, 43.7360807238401], [-79.5705694163966, 43.7360809844706], [-79.5705383696089, 43.7360720028925], [-79.5702038808212, 43.7359866968392], [-79.569814622406, 43.7358384151817], [-79.5694295774975, 43.7356496327237], [-79.5690766728036, 43.7354158146302], [-79.5687447088702, 43.7351774820965], [-79.5684573427799, 43.7349211108211], [-79.5681947702824, 43.7346332282234], [-79.5679523512343, 43.7343363326495], [-79.5677898763366, 43.7340483897543], [-79.5676673184319, 43.7337424198084], [-79.5675754048354, 43.7334319231606], [-79.5674625345019, 43.7331169463392], [-79.567318259588, 43.7327929779482], [-79.567313210527, 43.7327839801733], [-79.5671363427022, 43.7324735417099], [-79.566911002696, 43.7321631307778], [-79.5665844927825, 43.7319157790269], [-79.5661967338003, 43.7317224685532], [-79.5657737222571, 43.7315606814484], [-79.565331676775, 43.7313809010157], [-79.564869091563, 43.7311921299375], [-79.5644289289694, 43.7309808500256], [-79.5639927374961, 43.730801070414], [-79.5635123072929, 43.7306438170185], [-79.5630985964917, 43.7304595112391], [-79.5626771168236, 43.7302751998864], [-79.5622249990111, 43.7301089151976], [-79.5621352744138, 43.7300693850627], [-79.5620180573879, 43.7298033098475], [-79.5616908476449, 43.7290604880507], [-79.5613077232215, 43.7282284673674], [-79.5607584516042, 43.7270355375224], [-79.560207594624, 43.725910602365], [-79.5597604625886, 43.724889132535], [-79.5589254676444, 43.7231206317261], [-79.558702793585, 43.7227021704078], [-79.5585127588269, 43.7223422093756], [-79.558459507329, 43.7222207199202], [-79.5582597034598, 43.721766258077], [-79.5581399715608, 43.7214962913958], [-79.5575683120764, 43.7203174884938], [-79.5575473396898, 43.7202680007869], [-79.5574528713446, 43.7200385254568], [-79.5566803133954, 43.7184277137605], [-79.5559869794585, 43.716956242237], [-79.5556911965544, 43.7163036787608], [-79.5551195471041, 43.7151110455669], [-79.5550436703071, 43.7148365075644], [-79.5550323987558, 43.7148050092114], [-79.5550214986303, 43.7147735002469], [-79.5550114051386, 43.7147420014806], [-79.5550020689008, 43.7147105014836], [-79.554984194905, 43.7146789961742], [-79.5549771959652, 43.7146519961301], [-79.5549771676018, 43.7146204823682], [-79.5549771265905, 43.7145889783504], [-79.5549736100413, 43.7145574664011], [-79.5549704669143, 43.7145259636752], [-79.5549669468086, 43.7144899515663], [-79.5556093634329, 43.7143299848816], [-79.5568686665565, 43.7140164459196], [-79.5596931154337, 43.7133266519496], [-79.5622109703341, 43.7127629284318], [-79.5623590804071, 43.7127313614019], [-79.5626149716658, 43.712668230047], [-79.5631996419723, 43.7125284254642], [-79.563252383952, 43.7125194040279], [-79.5641894719168, 43.7122939032632]]]]}"
152,Thistletown-Beaumond Heights,3,10533,63,58,48,56,53,75,56,61,52,605.5945,557.5315,460.2551,533.9944,500.8978,704.9535,527.5554,578.8026,493.6865,10,14,15,23,44,52,43,44,55,96.12611,134.5766,143.8297,219.3192,415.8397,488.7677,405.0871,417.4969,417.4969,2,5,3,,,,,1,,19.22522,48.06306,28.76594,,,,,9.488566,9.488566,22,23,23,17,16,14,11,8,17,211.4775,221.0901,220.5389,162.1055,151.2144,131.5913,103.6269,75.90853,161.3975,,1,,,2,,,,,,10,,,18.90181,,,,,20,24,16,24,11,10,9,6,16,192.2522,153.4184,228.8548,103.9599,93.9938,84.78568,56.9314,151.9035,230.7027,,2,3,2,1,2,1,1,5,,19.22522,28.76594,19.07123,9.450903,18.79876,9.420631,9.488566,47.46986,27,55,36,20,35,39,55,40,27,259.5405,528.6937,345.1913,190.7123,330.7816,366.5758,518.1347,379.5427,256.3372,1,3,1,4,2,4,5,2,2,9.612612,28.83784,9.588647,38.14246,18.90181,37.59752,47.10316,18.97713,18.98794,"{'type': 'MultiPolygon', 'coordinates': [[[[-79.562262930434, 43.7437402248115], [-79.5623387980004, 43.7436273624164], [-79.56239894533, 43.743537002558], [-79.562451989659, 43.7434576009615], [-79.562462599473, 43.7431527419016], [-79.5622961635388, 43.742862326969], [-79.5619012903567, 43.7427104300625], [-79.5614623383382, 43.742663248325], [-79.5610018074697, 43.7426389311127], [-79.5609826739935, 43.7426386442572], [-79.5610013727079, 43.7425895326516], [-79.5611500086351, 43.7423061398658], [-79.5613775140762, 43.742188192211], [-79.5614772163614, 43.7421696858027], [-79.5616657336417, 43.7421346686903], [-79.5617480576458, 43.7421193854613], [-79.561912958347, 43.742117837619], [-79.5620675417272, 43.7421163767078], [-79.5627176658755, 43.742033957412], [-79.5630400169561, 43.7418537198712], [-79.5632990924579, 43.7416554328543], [-79.5633710818792, 43.7413193953187], [-79.5633508729013, 43.7408980150084], [-79.5631806715413, 43.7406496754632], [-79.5629417312799, 43.7404384222517], [-79.5625299877374, 43.7401788460517], [-79.5621839743049, 43.7400773034206], [-79.5617406945147, 43.7399563236357], [-79.5614047082523, 43.7398843778598], [-79.5610512676141, 43.7398136114045], [-79.5606116272822, 43.7397878764747], [-79.5602551135624, 43.739795391946], [-79.5598951012719, 43.7398183001194], [-79.5592757363859, 43.7398872307631], [-79.5589014913446, 43.7400700501011], [-79.5586760259354, 43.7402650604483], [-79.5586410427888, 43.7404708366644], [-79.5587051161908, 43.7406858702166], [-79.5593075497434, 43.7410508470391], [-79.5595902046981, 43.7412733535384], [-79.559732592599, 43.7414198913383], [-79.5600561054501, 43.7419608930718], [-79.5600783124144, 43.7419934028566], [-79.5602452595366, 43.7422379585817], [-79.5603797116329, 43.7424892744123], [-79.5603812419519, 43.7425792676555], [-79.5603591708727, 43.7426075523277], [-79.5600278129647, 43.742547192878], [-79.5597673428176, 43.7425052130549], [-79.5595654633412, 43.7425280376425], [-79.55942980933, 43.7426265362284], [-79.5593948631137, 43.7427936354879], [-79.5592839603078, 43.7429748963068], [-79.5591518655897, 43.743007998994], [-79.5587617966619, 43.7429254701863], [-79.5583921268032, 43.7427401445258], [-79.558073430431, 43.7425071933472], [-79.5578942390338, 43.7422270401378], [-79.5578523655457, 43.7421402536059], [-79.5578697093676, 43.7420620152618], [-79.5579636131721, 43.7419912996016], [-79.5581144789542, 43.7419590707956], [-79.5583394378619, 43.7418472412457], [-79.5583962466741, 43.741766381772], [-79.5583795575635, 43.7414697997781], [-79.5581759009978, 43.7411796772607], [-79.5578373859291, 43.7409731004305], [-79.5576423588955, 43.7409642607409], [-79.55746410676, 43.7410219940138], [-79.5571796143359, 43.7412067968562], [-79.5569673733041, 43.7413229913018], [-79.5568247216996, 43.7413886903799], [-79.5567969048907, 43.7414215045432], [-79.5567969717038, 43.7414921734344], [-79.5569306349498, 43.7419369919188], [-79.5569838400464, 43.7422696595952], [-79.556899352265, 43.7425845554498], [-79.5567399592909, 43.7428714587459], [-79.5564629301471, 43.7431101363168], [-79.5560367765996, 43.7432185412931], [-79.5556332575423, 43.743235660446], [-79.5552009012643, 43.7432172375889], [-79.5547558994736, 43.7432188108471], [-79.554375457267, 43.7432308826628], [-79.5539822961314, 43.7433224586763], [-79.5536496096694, 43.7434392980622], [-79.5533408392924, 43.7435052329068], [-79.5529544935295, 43.7435974048685], [-79.5525622264211, 43.7437359528524], [-79.5525266193271, 43.7437523236131], [-79.552256125765, 43.7438767094204], [-79.5519417485608, 43.7440683631286], [-79.5515632511732, 43.7441986915216], [-79.5512128775593, 43.7442468348159], [-79.5507990255507, 43.7442110058805], [-79.5503739354466, 43.7440841594859], [-79.5500116103556, 43.7438690100656], [-79.5498420683195, 43.7435953657535], [-79.549832784068, 43.7432832703553], [-79.5499397056571, 43.7429524207464], [-79.550231449617, 43.7427310700051], [-79.5504099828486, 43.7425493370515], [-79.550427150901, 43.7424138974633], [-79.5503957938124, 43.7423457723075], [-79.5502216969169, 43.7422928408911], [-79.549988459797, 43.7422929429368], [-79.5498381373975, 43.7423734885241], [-79.549492733327, 43.74253425588], [-79.5493411734317, 43.7425456090047], [-79.5492328345003, 43.7424679031504], [-79.5492052549235, 43.7423412325798], [-79.5493134735505, 43.7422109737537], [-79.5493517904223, 43.7419585725775], [-79.549131770715, 43.7417686509427], [-79.5487848206853, 43.7417052067255], [-79.5484136374049, 43.7417656005679], [-79.548202768076, 43.7417895243986], [-79.5479996209516, 43.741812563646], [-79.5476175438516, 43.7417424866494], [-79.5473288703155, 43.741564571589], [-79.5470291369961, 43.7413885050127], [-79.5467071518282, 43.7411723110972], [-79.5464070191374, 43.7409554767498], [-79.5463962455907, 43.7409430684452], [-79.546180216064, 43.7406942629642], [-79.5461724308205, 43.7406609084239], [-79.5461415025225, 43.740528404145], [-79.5461045701869, 43.7403702860186], [-79.5461860370681, 43.7400633118142], [-79.5464299243908, 43.7397982886026], [-79.5467794121562, 43.7396132072954], [-79.546948750682, 43.7395320908467], [-79.5471281555558, 43.7394500333763], [-79.5474835850927, 43.7392491319476], [-79.5475778010121, 43.7392012155657], [-79.5478395124327, 43.7390681224047], [-79.5482204756031, 43.7389932702847], [-79.5483611009452, 43.7387800074433], [-79.5483678394366, 43.7385000669834], [-79.5485831660559, 43.738245223325], [-79.5488779651527, 43.7380327671808], [-79.5492776148994, 43.7379244818139], [-79.5494980544965, 43.7379312633302], [-79.5496681022065, 43.7379672758735], [-79.5497635054414, 43.7379943014163], [-79.5498837683812, 43.7379822408381], [-79.5499417690928, 43.7379220787653], [-79.5499956806244, 43.7378111779168], [-79.5500930050982, 43.7375074515627], [-79.5500564882203, 43.7372012733868], [-79.5502521515169, 43.7369184858494], [-79.5504546947226, 43.7367005036158], [-79.5505170779439, 43.7365688157462], [-79.550562556977, 43.736412452821], [-79.5505333656047, 43.7362140161481], [-79.5504626830753, 43.7360125906379], [-79.550288402089, 43.7358803497092], [-79.5500146817924, 43.7358654376474], [-79.5498405534429, 43.7359015905874], [-79.54957932185, 43.7359468003498], [-79.5494300285304, 43.7359468466122], [-79.5491645839378, 43.7359418850133], [-79.5491106757395, 43.735904876574], [-79.5490857023162, 43.7358026608296], [-79.5491225644188, 43.7357164222769], [-79.5493723826956, 43.7354860991633], [-79.5496401139024, 43.7352865878395], [-79.5500430315361, 43.7350565837329], [-79.5503353499562, 43.734899077514], [-79.5504824076196, 43.7348128353536], [-79.5505611132836, 43.7347255964205], [-79.5505610090131, 43.7346173478245], [-79.5504820443069, 43.7344249362757], [-79.5504404226838, 43.7342505467612], [-79.5504483324152, 43.7341195121521], [-79.5504485895364, 43.7341152368078], [-79.5505023689263, 43.7339558377015], [-79.5504939951259, 43.733874649566], [-79.550460700041, 43.7337393584166], [-79.5503634354305, 43.7335425530779], [-79.5500179927758, 43.7333111657937], [-79.5496123783467, 43.733238100145], [-79.5491921941875, 43.7331077639883], [-79.5490411687232, 43.7329839719888], [-79.5489503533437, 43.7328794525438], [-79.5491544347134, 43.7328065270289], [-79.5492386595013, 43.7327759398372], [-79.5492823851247, 43.7327359742216], [-79.5492952752112, 43.7326666501169], [-79.5492692761414, 43.7325691510364], [-79.5492066850122, 43.7323698451093], [-79.5492673195546, 43.7321517909613], [-79.5494506117293, 43.7319495710916], [-79.5496299535277, 43.7318664120941], [-79.5497190456448, 43.7318381813853], [-79.549809750638, 43.7318099503656], [-79.5498761395057, 43.7317676249933], [-79.5498874111392, 43.7316936027965], [-79.5498727756587, 43.7316184217005], [-79.5497680203247, 43.7313934180664], [-79.5496626606182, 43.7311427620238], [-79.5496211256854, 43.7309016370243], [-79.5497136498603, 43.730673577114], [-79.5499956594553, 43.7305194522811], [-79.5503064899571, 43.7303951888302], [-79.550621057668, 43.73027237202], [-79.5508794526773, 43.7302059450806], [-79.551027358894, 43.7301679300783], [-79.5513899795968, 43.7300811665993], [-79.5517526394849, 43.7300256546744], [-79.5521511633873, 43.7299747962595], [-79.5524896250575, 43.7299298871217], [-79.5528088571589, 43.7298966157856], [-79.5531168832127, 43.7298395126612], [-79.5531224432097, 43.7298386916798], [-79.5534270418022, 43.7297935517991], [-79.5537082484423, 43.7297294843834], [-79.5537490499336, 43.7297162339361], [-79.554029424595, 43.7296512115999], [-79.5542702361557, 43.7295703473812], [-79.5543536620228, 43.7295423231754], [-79.5546758074701, 43.7294403475038], [-79.5549810134443, 43.7292899881551], [-79.5552316828439, 43.7290793098958], [-79.5553734531327, 43.7288408616349], [-79.5554247559881, 43.7286141585875], [-79.5555181261571, 43.7283733848714], [-79.5556678638391, 43.7281501615214], [-79.5559105039112, 43.7279758600797], [-79.5562037095729, 43.7278533359158], [-79.5565678126789, 43.7277678514094], [-79.5569919311148, 43.7277373427239], [-79.557388311331, 43.7277878479431], [-79.5577634131264, 43.7278998863022], [-79.5580671230639, 43.7281057715431], [-79.5584124288515, 43.7283243520497], [-79.5588094884905, 43.7285312579848], [-79.5589716170304, 43.7286396212971], [-79.5591705859316, 43.7287726024896], [-79.5595646902348, 43.7289989680792], [-79.5599989759523, 43.7291858851297], [-79.560417738406, 43.7293624576859], [-79.5608597292223, 43.7295544899453], [-79.5613400672433, 43.7297334570262], [-79.5617814455226, 43.7299265206439], [-79.5621352744138, 43.7300693850627], [-79.5622249990111, 43.7301089151976], [-79.5626771168236, 43.7302751998864], [-79.5630985964917, 43.7304595112391], [-79.5635123072929, 43.7306438170185], [-79.5639927374961, 43.730801070414], [-79.5644289289694, 43.7309808500256], [-79.564869091563, 43.7311921299375], [-79.565331676775, 43.7313809010157], [-79.5657737222571, 43.7315606814484], [-79.5661967338003, 43.7317224685532], [-79.5665844927825, 43.7319157790269], [-79.566911002696, 43.7321631307778], [-79.5671363427022, 43.7324735417099], [-79.567313210527, 43.7327839801733], [-79.567318259588, 43.7327929779482], [-79.5674625345019, 43.7331169463392], [-79.5675754048354, 43.7334319231606], [-79.5676673184319, 43.7337424198084], [-79.5677898763366, 43.7340483897543], [-79.5679523512343, 43.7343363326495], [-79.5681947702824, 43.7346332282234], [-79.5684573427799, 43.7349211108211], [-79.5687447088702, 43.7351774820965], [-79.5690766728036, 43.7354158146302], [-79.5694295774975, 43.7356496327237], [-79.569814622406, 43.7358384151817], [-79.5702038808212, 43.7359866968392], [-79.5705383696089, 43.7360720028925], [-79.5705694163966, 43.7360809844706], [-79.5709763540514, 43.7360807238401], [-79.5714026669209, 43.7360669470666], [-79.5717905742308, 43.7360577029422], [-79.5722673493045, 43.736052892914], [-79.5726854901843, 43.7360166141003], [-79.5730372476123, 43.7359353790269], [-79.5734809097087, 43.7358270704313], [-79.5738710502422, 43.7357367975954], [-79.574207525902, 43.7355475539752], [-79.5745203001928, 43.7353178099327], [-79.5747826946101, 43.7351376140114], [-79.5750562771803, 43.7349303889119], [-79.5753585926797, 43.7347411462952], [-79.575659343943, 43.7345519121861], [-79.5760229551586, 43.7343626277189], [-79.5763768997561, 43.7341868588257], [-79.5767801504712, 43.7340515519373], [-79.5772586779041, 43.7339162021142], [-79.5775180947203, 43.7338440165456], [-79.5780586491666, 43.734950664802], [-79.578313136344, 43.7355130761884], [-79.5786714289656, 43.7362599595379], [-79.5790924209555, 43.737146352753], [-79.5795471748871, 43.7380372210752], [-79.5796693156598, 43.7382666766811], [-79.5798816859391, 43.7386626091222], [-79.5804057422227, 43.739733432256], [-79.5806929698085, 43.7403858360285], [-79.5810018578357, 43.7409842078926], [-79.5816229206909, 43.7422844505435], [-79.5821193518538, 43.743272194629], [-79.5825255454191, 43.7441414824537], [-79.5825674606017, 43.744222228834], [-79.580021035641, 43.7448567539383], [-79.5794551647805, 43.7436663782045], [-79.5784048380286, 43.7438939423972], [-79.5734699404684, 43.7450796028659], [-79.5708861666179, 43.7457218331628], [-79.5686243829079, 43.7462562915925], [-79.5676411397122, 43.7460738928099], [-79.5672716797019, 43.7460169799306], [-79.5668758776854, 43.7459535733154], [-79.5665173414939, 43.7458938345467], [-79.5664496532096, 43.7458870870596], [-79.5661216919012, 43.7458543872038], [-79.5656827828029, 43.7457791376095], [-79.5652242390451, 43.7456877769409], [-79.5647999251575, 43.745558436886], [-79.5643940989155, 43.7454164565984], [-79.5639849008135, 43.7452649434065], [-79.5636820662702, 43.7450496142734], [-79.5634076363279, 43.7448049433295], [-79.5630485359125, 43.7446587007102], [-79.5627255139875, 43.7444972801608], [-79.5623559325688, 43.7443216169207], [-79.5621693103144, 43.7440826548497], [-79.5622427369195, 43.7437703540308], [-79.562262930434, 43.7437402248115]]]]}"
153,Mount Olive-Silverstone-Jamestown,2,35073,240,236,275,278,256,275,207,212,262,706.1523,695.9599,811.88,812.248,738.6888,786.1186,590.1639,607.2063,747.0134,63,58,43,50,77,86,87,77,117,185.365,171.041,126.9485,146.0878,222.1837,245.8407,248.0399,220.5419,220.5419,7,5,13,9,3,5,10,6,8,20.59611,14.74491,38.37978,26.2958,8.656509,14.29307,28.51034,17.18508,17.18508,25,37,34,34,27,35,18,16,26,73.55753,109.1124,100.3779,99.33968,77.90858,100.0515,51.3186,45.82689,74.1311,2,2,3,,4,3,3,,1,5.884602936,6,9,,11.54201,8.575839,8.553101,,2.851196,76,106,106,69,62,59,31,50,56,223.6149,312.9428,201.6011,178.9012,168.6582,88.38204,143.209,159.667,312.5922,6,11,7,9,17,15,18,10,6,17.65381,32.43881,20.66604,26.2958,49.05355,42.8792,51.3186,28.64181,17.10718,110,62,98,69,79,110,96,83,110,323.6532,182.8369,289.3245,201.6011,227.9548,314.4474,273.6992,237.727,313.6316,5,5,4,1,3,8,8,3,18,14.71151,14.74491,11.80916,2.921755,8.656509,22.8689,22.80827,8.592542,51.32153,"{'type': 'MultiPolygon', 'coordinates': [[[[-79.5793856468974, 43.7622269103169], [-79.5792524703748, 43.7622172547834], [-79.5790737427621, 43.7622286570397], [-79.5789074737758, 43.7622420750289], [-79.5787252556084, 43.7622722917133], [-79.5786596493898, 43.7622774587181], [-79.578572993687, 43.7623029644662], [-79.5784430943336, 43.7623394192078], [-79.5783216656205, 43.7623763708487], [-79.5781597972132, 43.7624116225985], [-79.5780525197586, 43.7624237573833], [-79.577941858206, 43.7624318531841], [-79.5777937853966, 43.7624183442422], [-79.5775852934876, 43.762271262251], [-79.5775372890964, 43.7621349086699], [-79.5776794756564, 43.7620150151537], [-79.5778566052166, 43.7619396450604], [-79.5780378496443, 43.7618774047613], [-79.5782101462456, 43.761801856929], [-79.5783883591571, 43.7617008315558], [-79.5785802124715, 43.7615935946051], [-79.5787636175516, 43.7614657326788], [-79.5789305992067, 43.7613255678609], [-79.5790624185986, 43.7611748867597], [-79.5791881094161, 43.7609915986998], [-79.5793319870901, 43.7608500178458], [-79.5795322972422, 43.7607357435256], [-79.5797461772704, 43.7606571762692], [-79.5799480545221, 43.7606120290961], [-79.5801956528248, 43.7605706486781], [-79.5804051894018, 43.7604952423634], [-79.5806260740849, 43.7603724817492], [-79.5807419708731, 43.7602065168958], [-79.5807850279681, 43.7600028615261], [-79.5807821176258, 43.7597969254368], [-79.5807038459013, 43.7595886028606], [-79.5806447617193, 43.7594260289916], [-79.5805779393991, 43.759244612226], [-79.5806219370867, 43.7590854399806], [-79.5807698946422, 43.758935727113], [-79.5809895573181, 43.7588232364854], [-79.5812171998833, 43.7587343236357], [-79.581508942446, 43.7586595676187], [-79.5818034281172, 43.7585926583689], [-79.5820822963719, 43.7585493344328], [-79.5824144609284, 43.7585200208641], [-79.582715014151, 43.7585323159575], [-79.5829850336041, 43.7586375872236], [-79.5832630708175, 43.7587113027015], [-79.5835498804873, 43.7587531016331], [-79.583822283303, 43.7587043135569], [-79.584005388262, 43.7585715737736], [-79.5840900793934, 43.7583989764654], [-79.5840704407438, 43.7582097953222], [-79.5839891906747, 43.7580184803647], [-79.583902242664, 43.7578293393748], [-79.5838222243065, 43.757621398782], [-79.5838648217201, 43.7574441247061], [-79.5840276537325, 43.7573014176526], [-79.5842616537944, 43.757237147869], [-79.5845111904347, 43.7572001389928], [-79.5847878240138, 43.757162409009], [-79.5849962489378, 43.7571126483952], [-79.5851213353159, 43.7569600841459], [-79.5852022233029, 43.7567366774043], [-79.5852150344587, 43.7565056245354], [-79.5851246011366, 43.7563024269038], [-79.5849883380188, 43.7561123420469], [-79.5847961226044, 43.7559514539369], [-79.5845970043096, 43.7558261250414], [-79.5844282410808, 43.7556503662283], [-79.5842799626606, 43.7554703797663], [-79.5841660065447, 43.7552438222561], [-79.5842055417851, 43.7550198164647], [-79.5842899426262, 43.7548210890498], [-79.5842472076022, 43.7546324824518], [-79.5841378527265, 43.7544097742792], [-79.5839428385299, 43.7542042399118], [-79.5836519244634, 43.7540537821402], [-79.5833394219807, 43.7539154911126], [-79.5831284089113, 43.7537307240992], [-79.5831195219277, 43.7535901585963], [-79.5831140637299, 43.7535042642187], [-79.5831302124836, 43.7532483484037], [-79.5831544405895, 43.7529976658016], [-79.5831059163948, 43.7527580795874], [-79.5828582796642, 43.7525574515785], [-79.582655931203, 43.7524558401605], [-79.582557565386, 43.7524064399769], [-79.5822350407308, 43.7522869565365], [-79.581858384764, 43.7521727411269], [-79.5814886778721, 43.7520546121565], [-79.5811137635912, 43.7519315714983], [-79.5807945566139, 43.7518276089798], [-79.5806996688055, 43.7518694325583], [-79.580761350189, 43.7518167855082], [-79.580754491985, 43.7518145493298], [-79.5803753809142, 43.7517079634537], [-79.5800062740075, 43.7515784158427], [-79.5797225535207, 43.7514048823931], [-79.5794665930153, 43.7511878701218], [-79.5792037924399, 43.7509711413833], [-79.5789126312953, 43.7508008420975], [-79.578573460188, 43.7506640863338], [-79.5782735956056, 43.7504917305379], [-79.5778989341761, 43.7503691380523], [-79.577498855374, 43.7502846092604], [-79.5774266427128, 43.7502690863922], [-79.5771098556909, 43.750200972436], [-79.5767132135736, 43.7501708332061], [-79.57630999088, 43.75013023736], [-79.5759324457878, 43.7500798029161], [-79.5755250018688, 43.7500388653756], [-79.5751439532853, 43.7500551566915], [-79.5748162389915, 43.7501131511387], [-79.5744134980427, 43.7501693200362], [-79.5740142870987, 43.7502502478385], [-79.5736232749436, 43.7503446264848], [-79.5732722851264, 43.7503693622315], [-79.5729739633002, 43.7502064333509], [-79.5727835811466, 43.7499792736971], [-79.5726980974873, 43.749718923267], [-79.5727649633177, 43.7494628688305], [-79.5728953877545, 43.7491941717571], [-79.5730181068815, 43.7489303763032], [-79.5731302670249, 43.7486541109803], [-79.5732232692562, 43.7483485601372], [-79.5733457707597, 43.74801180932], [-79.5733822734215, 43.747694411657], [-79.5733079558222, 43.7474263766943], [-79.5731179610684, 43.7471743835988], [-79.5728515404451, 43.7469704604566], [-79.572469737371, 43.7468489971608], [-79.5720651846638, 43.7468079375414], [-79.5716627925067, 43.7468181008159], [-79.5712753998285, 43.7468076946791], [-79.5709320165734, 43.7467383468877], [-79.5705789229737, 43.7466474466941], [-79.5701616460601, 43.7465741541929], [-79.5697469376101, 43.7464662223397], [-79.569398949606, 43.7463952348447], [-79.5691307317544, 43.7463744427183], [-79.5686243829079, 43.7462562915925], [-79.5708861666179, 43.7457218331628], [-79.5734699404684, 43.7450796028659], [-79.5784048380286, 43.7438939423972], [-79.5794551647805, 43.7436663782045], [-79.580021035641, 43.7448567539383], [-79.5825674606017, 43.744222228834], [-79.5825255454191, 43.7441414824537], [-79.5821193518538, 43.743272194629], [-79.5816229206909, 43.7422844505435], [-79.5810018578357, 43.7409842078926], [-79.5806929698085, 43.7403858360285], [-79.5804057422227, 43.739733432256], [-79.5798816859391, 43.7386626091222], [-79.5796693156598, 43.7382666766811], [-79.5795471748871, 43.7380372210752], [-79.5790924209555, 43.737146352753], [-79.5786714289656, 43.7362599595379], [-79.578313136344, 43.7355130761884], [-79.5780586491666, 43.734950664802], [-79.5775180947203, 43.7338440165456], [-79.577637151016, 43.7338124220658], [-79.5780412386972, 43.7337131426524], [-79.5784154758691, 43.7336273752474], [-79.5786505384451, 43.7335676884505], [-79.5788509921325, 43.7335280706467], [-79.5792752663577, 43.7334242721798], [-79.5794923772902, 43.7333366296445], [-79.5798173311223, 43.733225859111], [-79.5800257271958, 43.7330731781028], [-79.5800878579494, 43.7330276606268], [-79.5802931393393, 43.7327934838815], [-79.5804378973942, 43.7325368566769], [-79.5805260176064, 43.7322847596939], [-79.5805310062884, 43.7321995231836], [-79.5805382869894, 43.7321767367425], [-79.5805382995014, 43.7320753918335], [-79.58053828678, 43.7320192151147], [-79.5805382559851, 43.7318661941069], [-79.5803861008346, 43.731528763632], [-79.580287673425, 43.7313596639612], [-79.5802437628719, 43.7312633269122], [-79.5800959962631, 43.731011396698], [-79.5797788458383, 43.7304087068068], [-79.5797147971708, 43.7302420750231], [-79.5796128013968, 43.7299721183191], [-79.5795077394838, 43.7297291672492], [-79.5793549926148, 43.7295177533956], [-79.5792670127457, 43.7292747893455], [-79.5792065529658, 43.7290227971032], [-79.5792359942675, 43.7289553752298], [-79.5793009401531, 43.7288066923431], [-79.5795117486267, 43.7286400141944], [-79.5809057651923, 43.7283342449924], [-79.5812401715864, 43.7283241782747], [-79.5816569972656, 43.7284224454893], [-79.5820706765907, 43.7285436651836], [-79.5825517972738, 43.7286288402807], [-79.5829429205252, 43.7287095768142], [-79.5833500194983, 43.7288352977217], [-79.5837973811331, 43.7289024889393], [-79.5841411409014, 43.7289652543472], [-79.5845198300611, 43.7290189910611], [-79.5849430868883, 43.7290591829167], [-79.5853438084469, 43.7290678951288], [-79.5857468574067, 43.7290721031185], [-79.586120681424, 43.7289863097454], [-79.5864537141735, 43.7288735519882], [-79.5867390044742, 43.7287248160564], [-79.5870187658288, 43.7285130734804], [-79.5873597936276, 43.7283012934229], [-79.5876536546004, 43.7280833020399], [-79.5879538465867, 43.7287579390175], [-79.588351510834, 43.729651581468], [-79.5885616241817, 43.7301237678949], [-79.5887535326738, 43.7305470094627], [-79.5894265688998, 43.7320312749271], [-79.5903745030255, 43.7340198910469], [-79.5917065958546, 43.7367815686039], [-79.5921291609431, 43.7376992278271], [-79.5922649811514, 43.7379696771025], [-79.592826096731, 43.7390871022399], [-79.5934473177906, 43.7403606653049], [-79.5935535157353, 43.7406233868366], [-79.5936804191648, 43.7408750741057], [-79.5942140083858, 43.741933421442], [-79.5942338476629, 43.7419730102819], [-79.5945849711261, 43.7427155187222], [-79.5953714983148, 43.7442953254747], [-79.5963103350118, 43.7462281425269], [-79.5964943626114, 43.7465870996765], [-79.5965273823551, 43.7466515113478], [-79.5965478732417, 43.7466925762792], [-79.596606891655, 43.7468107843242], [-79.597619968277, 43.7488397859676], [-79.5986013931379, 43.750910435743], [-79.5993057418417, 43.7523087834314], [-79.6000562684521, 43.754035873661], [-79.6002434938482, 43.7543041972861], [-79.600478375231, 43.7546648671501], [-79.6006079299231, 43.7548406993389], [-79.6007777751235, 43.7550721773533], [-79.6009675956095, 43.7552692261135], [-79.6016658895775, 43.7560071284042], [-79.6018209439722, 43.7561751777168], [-79.6033843786302, 43.7578696527095], [-79.6020556506207, 43.7581618193342], [-79.5996670253781, 43.7587026306293], [-79.5970219600523, 43.7593009111898], [-79.5960759736878, 43.7595071537787], [-79.5929160462932, 43.7602228675122], [-79.590418625179, 43.7607884174479], [-79.5806471875541, 43.7630265116836], [-79.5804814872165, 43.7628907826954], [-79.5804279593598, 43.7628547797857], [-79.5803550289497, 43.7628159364237], [-79.5802710711063, 43.762778379506], [-79.5801825808185, 43.762741843062], [-79.5801034392699, 43.7626923825624], [-79.5800059217161, 43.7626194333428], [-79.579917172253, 43.7625553257509], [-79.5798237005678, 43.7624802585467], [-79.5797833990561, 43.762424100916], [-79.5796285849539, 43.7623379870584], [-79.5795858964688, 43.7623079529189], [-79.5795306779641, 43.7622795475563], [-79.5794831860589, 43.7622614070657], [-79.5793856468974, 43.7622269103169]]]]}"
154,West Humber-Clairville,1,35983,288,306,294,302,318,257,250,241,269,836.3098,894.9985,865.2403,876.4802,907.4307,723.5972,699.9664,675.2402,747.5753,308,266,323,329,506,488,407,491,764,894.3868,778.0052,950.5871,954.8409,1443.899,1373.99,1139.545,1375.697,1375.697,4,18,18,10,9,7,5,12,6,11.61541,52.64697,52.9739,29.02252,25.682,19.70887,13.99933,33.62192,33.62192,148,119,131,125,170,135,111,98,136,429.7703,348.055,385.5322,362.7815,485.1044,380.0997,310.7851,274.579,377.9563,,3,2,,,2,2,1,1,,9,6,,,5.631106,5.599731,2.801827,2.77909,82,76,91,123,91,72,76,53,73,238.116,267.8125,356.977,259.6736,202.7198,212.7898,148.4968,202.8736,222.2872,4,5,10,7,14,14,5,5,5,11.61541,14.62416,29.42994,20.31577,39.94978,39.41774,13.99933,14.00913,13.89545,371,267,226,223,394,355,374,378,371,1077.33,780.9301,665.1167,647.2022,1124.301,999.5214,1047.15,1059.091,1031.042,41,59,41,58,51,65,56,55,61,119.058,172.5651,120.6628,168.3306,145.5313,183.011,156.7925,154.1005,169.5245,"{'type': 'MultiPolygon', 'coordinates': [[[[-79.5903745030255, 43.7340198910469], [-79.5894265688998, 43.7320312749271], [-79.5887535326738, 43.7305470094627], [-79.5885616241817, 43.7301237678949], [-79.588351510834, 43.729651581468], [-79.5879538465867, 43.7287579390175], [-79.5876536546004, 43.7280833020399], [-79.5873597936276, 43.7283012934229], [-79.5870187658288, 43.7285130734804], [-79.5867390044742, 43.7287248160564], [-79.5864537141735, 43.7288735519882], [-79.586120681424, 43.7289863097454], [-79.5857468574067, 43.7290721031185], [-79.5853438084469, 43.7290678951288], [-79.5849430868883, 43.7290591829167], [-79.5845198300611, 43.7290189910611], [-79.5841411409014, 43.7289652543472], [-79.5837973811331, 43.7289024889393], [-79.5833500194983, 43.7288352977217], [-79.5829429205252, 43.7287095768142], [-79.5825517972738, 43.7286288402807], [-79.5820706765907, 43.7285436651836], [-79.5816569972656, 43.7284224454893], [-79.5812401715864, 43.7283241782747], [-79.5809057651923, 43.7283342449924], [-79.5795117486267, 43.7286400141944], [-79.5793009401531, 43.7288066923431], [-79.5792359942675, 43.7289553752298], [-79.5792065529658, 43.7290227971032], [-79.5792670127457, 43.7292747893455], [-79.5793549926148, 43.7295177533956], [-79.5795077394838, 43.7297291672492], [-79.5796128013968, 43.7299721183191], [-79.5797147971708, 43.7302420750231], [-79.5797788458383, 43.7304087068068], [-79.5800959962631, 43.731011396698], [-79.5802437628719, 43.7312633269122], [-79.580287673425, 43.7313596639612], [-79.5803861008346, 43.731528763632], [-79.5805382559851, 43.7318661941069], [-79.58053828678, 43.7320192151147], [-79.5805382995014, 43.7320753918335], [-79.5805382869894, 43.7321767367425], [-79.5805310062884, 43.7321995231836], [-79.5805260176064, 43.7322847596939], [-79.5804378973942, 43.7325368566769], [-79.5802931393393, 43.7327934838815], [-79.5800878579494, 43.7330276606268], [-79.5800257271958, 43.7330731781028], [-79.5798173311223, 43.733225859111], [-79.5794923772902, 43.7333366296445], [-79.5792752663577, 43.7334242721798], [-79.5788509921325, 43.7335280706467], [-79.5786505384451, 43.7335676884505], [-79.5784154758691, 43.7336273752474], [-79.5780412386972, 43.7337131426524], [-79.577637151016, 43.7338124220658], [-79.5775180947203, 43.7338440165456], [-79.5774402269653, 43.7336932356416], [-79.5763981499239, 43.7316755640141], [-79.5758454636155, 43.7305283011681], [-79.5753826886829, 43.7296149994017], [-79.5746636255109, 43.7281482971005], [-79.5734780849228, 43.7257590642799], [-79.5726809331544, 43.7241393138001], [-79.572369792553, 43.7234464064542], [-79.5719183714373, 43.7225240638613], [-79.5715143921397, 43.721709695573], [-79.5704016051022, 43.7194150128754], [-79.5700699510605, 43.7187221023809], [-79.5692546682703, 43.717016843119], [-79.5687092603604, 43.7158965063534], [-79.5685355394051, 43.7155770661096], [-79.5678843017599, 43.7141597199633], [-79.566705644219, 43.7117119895347], [-79.5641894719168, 43.7122939032632], [-79.563252383952, 43.7125194040279], [-79.5631996419723, 43.7125284254642], [-79.5626149716658, 43.712668230047], [-79.5623590804071, 43.7127313614019], [-79.5622109703341, 43.7127629284318], [-79.5596931154337, 43.7133266519496], [-79.5568686665565, 43.7140164459196], [-79.5556093634329, 43.7143299848816], [-79.5549669468086, 43.7144899515663], [-79.5549704669143, 43.7145259636752], [-79.5549736100413, 43.7145574664011], [-79.5549771265905, 43.7145889783504], [-79.5549771676018, 43.7146204823682], [-79.5549771959652, 43.7146519961301], [-79.554984194905, 43.7146789961742], [-79.5550020689008, 43.7147105014836], [-79.5550114051386, 43.7147420014806], [-79.5550214986303, 43.7147735002469], [-79.5550323987558, 43.7148050092114], [-79.5550436703071, 43.7148365075644], [-79.5551195471041, 43.7151110455669], [-79.5540665227579, 43.7129061406906], [-79.5535058498581, 43.7117318560703], [-79.5534346970799, 43.7115383895499], [-79.5533608809029, 43.7114194806273], [-79.5527748080404, 43.7103417438015], [-79.5527118961002, 43.7102157820644], [-79.5526501263779, 43.7100898194497], [-79.5526291567961, 43.71004934094], [-79.5525895392472, 43.7099683664923], [-79.5525549546115, 43.709896381278], [-79.5525293205672, 43.7098423937397], [-79.5524842557079, 43.7097479012278], [-79.5524702682911, 43.7097163943096], [-79.5524325747389, 43.7096353820472], [-79.5524116014833, 43.7095903763193], [-79.5523603053334, 43.7094778664799], [-79.5523835519905, 43.7094688545856], [-79.5524762009316, 43.7094328071858], [-79.5525688508089, 43.7093967678258], [-79.5526607133518, 43.7093562020944], [-79.5527525926117, 43.7093201456219], [-79.5528432893951, 43.7092795802862], [-79.5529343752938, 43.7092435235246], [-79.5530246868336, 43.7092029675721], [-79.5531146137001, 43.7091624021757], [-79.5532037470941, 43.7091218455708], [-79.553292900497, 43.7090767890312], [-79.5533816724533, 43.709036232213], [-79.5534696511137, 43.7089956769891], [-79.553557241442, 43.7089506202655], [-79.553644052911, 43.7089100735433], [-79.5537188530976, 43.708869524211], [-79.5537940503812, 43.7088289744521], [-79.5538684778136, 43.7087884329092], [-79.5539424785895, 43.7087433830993], [-79.5540161126648, 43.7087028422253], [-79.5540893697291, 43.7086577928135], [-79.5541618356114, 43.708617252371], [-79.5542339257146, 43.7085722034082], [-79.5543052347954, 43.708527162527], [-79.5543765427237, 43.7084821134827], [-79.5544466724157, 43.7084370738002], [-79.5545168179519, 43.7083965343932], [-79.5545861869679, 43.7083469857846], [-79.5546547772469, 43.7083019463112], [-79.5547229778407, 43.7082524071515], [-79.5547911843655, 43.7082073681443], [-79.554858235453, 43.7081623198872], [-79.5549248854593, 43.7081127808059], [-79.5549907657876, 43.7080632427578], [-79.5550562376695, 43.7080137040088], [-79.5551213358275, 43.707964165899], [-79.5551771369522, 43.7079236329028], [-79.5552329171619, 43.7078740993765], [-79.5552879485841, 43.7078335664989], [-79.5553421928984, 43.7077885433337], [-79.5553956654595, 43.7077390102677], [-79.5554487319244, 43.7076939784648], [-79.55550105339, 43.7076489552279], [-79.5555525806145, 43.7076039237286], [-79.5556037067327, 43.7075544014229], [-79.5556540758725, 43.7075048695268], [-79.5557036924326, 43.7074598480247], [-79.5557524863283, 43.7074103168851], [-79.5558009187227, 43.7073607955618], [-79.5558485741696, 43.7073157663197], [-79.5558954401133, 43.7072617448495], [-79.5559415403022, 43.7072122147033], [-79.5559868594743, 43.7071626944779], [-79.5560317927685, 43.7071131657569], [-79.5560759574788, 43.7070636462149], [-79.5565965848486, 43.7064873530651], [-79.5567914119258, 43.7062577512827], [-79.5570478283328, 43.7059741006181], [-79.557303472741, 43.7056904513209], [-79.5577861327919, 43.7051771710939], [-79.5585453107254, 43.7043532489123], [-79.5590205791764, 43.7038400312676], [-79.5595992451253, 43.7031782899298], [-79.5606081607785, 43.7020257569763], [-79.5615771341667, 43.7009315928025], [-79.5617610804228, 43.7007154447534], [-79.5632009647953, 43.6991079099531], [-79.5644854824575, 43.6976625309264], [-79.5657846617585, 43.6962036540767], [-79.5665047740524, 43.6953908076221], [-79.5670292043589, 43.6947988375473], [-79.5678007319637, 43.6939112785374], [-79.5683522110769, 43.693281507119], [-79.5684292575589, 43.6931914576034], [-79.5685062914243, 43.693101406976], [-79.5685825804895, 43.6930113577709], [-79.5686580763992, 43.6929213084837], [-79.5687327901074, 43.692831268257], [-79.5688071132364, 43.6927367193556], [-79.5688806661229, 43.6926511718265], [-79.5689534376859, 43.6925566232057], [-79.5690254467844, 43.6924665759261], [-79.5690970650989, 43.6923720280769], [-79.5691679073416, 43.6922819805008], [-79.5692375770004, 43.6921874342742], [-79.5693068630163, 43.6920928877027], [-79.5693753717255, 43.6920028422937], [-79.5693967731802, 43.6919729265378], [-79.5694431062172, 43.6919082960225], [-79.5694561610624, 43.6918801233693], [-79.5695104433856, 43.6918137510388], [-79.5695766265543, 43.6917191969723], [-79.5696424258585, 43.6916246524674], [-79.5697074432106, 43.691530108041], [-79.5697712929088, 43.6914355552658], [-79.5698347664586, 43.6913365111192], [-79.5698974505692, 43.6912419589903], [-79.5699597632342, 43.6911474165836], [-79.5700208958563, 43.6910528656787], [-79.5700812540219, 43.6909538229243], [-79.5701412334863, 43.6908592728299], [-79.5702000414117, 43.6907602313223], [-79.5702584570275, 43.6906656814064], [-79.5703161031098, 43.6905711326367], [-79.5703419150027, 43.6905259031668], [-79.5703725912977, 43.6904720926285], [-79.5703870995142, 43.690446484336], [-79.5704286811927, 43.6903730440069], [-79.5704840028183, 43.6902739956503], [-79.5705385472859, 43.6901794484827], [-79.5705923299074, 43.6900804006289], [-79.5706453181998, 43.689981353618], [-79.5706975245929, 43.6898823067061], [-79.5707489490692, 43.6897832607945], [-79.5707996177033, 43.6896842153099], [-79.5708498890954, 43.6895851702358], [-79.5718306104738, 43.6878902340096], [-79.5721550789199, 43.6873294915443], [-79.5729438665196, 43.686046268477], [-79.5737263762948, 43.684727083554], [-79.5743966471294, 43.6835564435369], [-79.5744170622283, 43.6835151858074], [-79.5751386069608, 43.6820572312101], [-79.5752814137074, 43.6817877363046], [-79.5761101002454, 43.680211426569], [-79.576517117979, 43.6794190929684], [-79.5767298760264, 43.6790048628191], [-79.5776128619574, 43.6773555225355], [-79.577725945019, 43.6771442922311], [-79.5779687605999, 43.6766907400029], [-79.5779880802818, 43.676650220678], [-79.5780085714086, 43.676614201663], [-79.5780380277853, 43.6765777170405], [-79.5780646250823, 43.6764971462053], [-79.5780901340547, 43.6764476306467], [-79.5781164293417, 43.6763936040112], [-79.5781438795273, 43.6763395773311], [-79.5781720988066, 43.6762855503077], [-79.5782007067282, 43.6762360237544], [-79.5782300976276, 43.6761775039435], [-79.5782606655406, 43.6761279756457], [-79.5782915878003, 43.6760739462002], [-79.5783233093091, 43.6760244178289], [-79.5783561789093, 43.6759703963816], [-79.5783894497917, 43.6759208656545], [-79.5784234967688, 43.6758668345216], [-79.5784583070322, 43.675817304013], [-79.5784938975791, 43.6757677714934], [-79.5785302693715, 43.6757182486791], [-79.5785673914302, 43.6756642152304], [-79.5786049224289, 43.6756191826433], [-79.578643637663, 43.6755696484193], [-79.5786687665811, 43.6755246335437], [-79.5786946825989, 43.6754841105882], [-79.5787221492924, 43.6754435853012], [-79.5787495981313, 43.6753985596401], [-79.578778229597, 43.6753580344176], [-79.5788076371796, 43.6753130069883], [-79.5788374232998, 43.675272489806], [-79.5788679899053, 43.675231962512], [-79.5788997155811, 43.6751959353611], [-79.5789314345489, 43.6751554079723], [-79.5789643332426, 43.6751148790358], [-79.5789976152051, 43.675074350353], [-79.5790316675121, 43.6750338204334], [-79.5790668709736, 43.6749932904093], [-79.5791020947118, 43.6749572607717], [-79.5791380862942, 43.6749212307649], [-79.5791748527153, 43.6748806985284], [-79.5792123894312, 43.674840166852], [-79.579250711837, 43.6748041351715], [-79.579289010634, 43.6747681031844], [-79.5793806913312, 43.6746800610676], [-79.5794472833328, 43.6745834657723], [-79.5795010784928, 43.6745249203063], [-79.5795548611673, 43.6744663737587], [-79.5796098098077, 43.6744078272697], [-79.5796651486074, 43.6743447791535], [-79.5797212673682, 43.6742907319909], [-79.5797777775043, 43.6742321841151], [-79.5798350566472, 43.6741736358621], [-79.5798931048159, 43.6741150863307], [-79.5799515374183, 43.6740565370438], [-79.5800107569354, 43.6740024877456], [-79.5800707511257, 43.6739439370896], [-79.5801311365066, 43.673889886906], [-79.580192296548, 43.6738313353622], [-79.5802538341451, 43.6737772841199], [-79.5803161476299, 43.6737187315304], [-79.5803788510782, 43.673664679395], [-79.5804423359252, 43.6736106270259], [-79.5805066021688, 43.6735565744217], [-79.5805712392416, 43.6735025200837], [-79.5806366713277, 43.673448466578], [-79.5807024742192, 43.6733944122367], [-79.5807690640706, 43.6733448578721], [-79.5808360203996, 43.6732908024694], [-79.5809033927734, 43.673241247838], [-79.5809719106596, 43.6731871910351], [-79.5810404352326, 43.673137635321], [-79.5811097288177, 43.6730880783079], [-79.5811797969514, 43.6730340208163], [-79.5812502687479, 43.6729844639374], [-79.5813211113489, 43.6729349062149], [-79.5813927545946, 43.6728898486291], [-79.5814643784901, 43.67284028971], [-79.5815410261552, 43.6727817270733], [-79.581618069501, 43.6727321641877], [-79.5816955027792, 43.6726781014391], [-79.5817737119244, 43.6726285376083], [-79.5818522985865, 43.6725744737581], [-79.581931672264, 43.6725249098617], [-79.5820114373393, 43.6724708353114], [-79.5820915798454, 43.6724212709374], [-79.5821725037368, 43.6723717053956], [-79.5821782651191, 43.6723681996211], [-79.5822538244542, 43.6723221393162], [-79.5823355047723, 43.672272573137], [-79.5824183745692, 43.6722230063459], [-79.5824858424646, 43.6721824603537], [-79.5825008361116, 43.6721734398329], [-79.5825844816771, 43.6721283727857], [-79.5826681201845, 43.6720788045407], [-79.582752917901, 43.6720337363507], [-79.5828377291324, 43.6719886682648], [-79.5828538135961, 43.6719801510354], [-79.5829229111306, 43.6719436002108], [-79.5830088811948, 43.6718940300101], [-79.5830952347022, 43.6718534620933], [-79.5831817408399, 43.6718064023916], [-79.5832695055245, 43.6717633127371], [-79.5833574022815, 43.6717182419934], [-79.5834453059212, 43.6716776714152], [-79.5835339975508, 43.6716326004824], [-79.583625509787, 43.6715925408908], [-79.5837129165297, 43.6715514579283], [-79.5838027798468, 43.6715108762429], [-79.5838933858317, 43.6714703045889], [-79.5839844010706, 43.6714297316304], [-79.5840754037871, 43.6713891584439], [-79.584167201506, 43.6713485851288], [-79.5842589854614, 43.6713080115691], [-79.5843519287685, 43.6712719371378], [-79.5843939567653, 43.6712555510925], [-79.5844445000271, 43.6712358544209], [-79.5845378341888, 43.6711952800279], [-79.5846315769033, 43.6711637055133], [-79.5847256910909, 43.6711231298213], [-79.5848201914946, 43.6710915555301], [-79.5849150928086, 43.6710554796726], [-79.5852315078599, 43.6709382179952], [-79.5855487265427, 43.6708209635827], [-79.5858663228097, 43.6706991984017], [-79.5861839419371, 43.67058644282], [-79.5865023105798, 43.6704691846671], [-79.5868210627351, 43.6703519168594], [-79.587091928627, 43.6702562156713], [-79.5871402288317, 43.6702391579276], [-79.5873353732167, 43.6701675382922], [-79.5874597712104, 43.6701218872944], [-79.5877793207099, 43.670009125906], [-79.5880996358464, 43.6698963532702], [-79.5884203479621, 43.6697835801337], [-79.5887414297739, 43.6696708061564], [-79.5887766389778, 43.6696569796384], [-79.5889366242865, 43.6695941341044], [-79.5891318255396, 43.6695219709551], [-79.5893278080012, 43.669449798205], [-79.5895237699162, 43.6693731337168], [-79.5897201357433, 43.6693009695239], [-79.5899172691541, 43.6692287946538], [-79.5901147876451, 43.6691566286944], [-79.5903123170613, 43.6690844526225], [-79.5905106211385, 43.6690167859123], [-79.5907089186662, 43.6689446096207], [-79.5909079845872, 43.6688724406564], [-79.591107069, 43.6688047627191], [-79.5911965288263, 43.6687744112546], [-79.591293411027, 43.668936438584], [-79.5913790911965, 43.6690797166933], [-79.5914353454404, 43.6691737985058], [-79.5915843936191, 43.6694149149989], [-79.5918957937955, 43.6699186586413], [-79.5933048432084, 43.6721978424183], [-79.5938787092494, 43.6731261021714], [-79.5945549666217, 43.6742199257209], [-79.5946586776176, 43.674447069193], [-79.5947060045299, 43.67459097966], [-79.5947551005331, 43.6747548257731], [-79.5947506785694, 43.6750262460641], [-79.5982241154917, 43.680836474032], [-79.5999573329077, 43.6837337090785], [-79.6000753485787, 43.6845676042391], [-79.6001529894689, 43.6851160218915], [-79.6001687901337, 43.6851301039129], [-79.6002188717912, 43.6851795669814], [-79.6002681648372, 43.6852245310338], [-79.6003163042823, 43.6852694863387], [-79.6003640672016, 43.685318951558], [-79.6004114249162, 43.6853639161569], [-79.6004580340804, 43.6854133825137], [-79.6005022788654, 43.6854583503716], [-79.6005799601866, 43.6855527861875], [-79.6006564834786, 43.6856517331209], [-79.6007326140937, 43.6857461804567], [-79.600807964742, 43.6858406181917], [-79.6008825461228, 43.6859350662667], [-79.6009563584627, 43.6860295147819], [-79.6010122972031, 43.6861014760615], [-79.6010297741897, 43.6861239547918], [-79.601102019512, 43.686222904877], [-79.6011738981561, 43.6863173556903], [-79.6012288396881, 43.6863938083963], [-79.6012450024192, 43.686416307023], [-79.6013192185755, 43.6864919871507], [-79.6013976915052, 43.6866055410193], [-79.6014649602607, 43.6866947652026], [-79.6015142848265, 43.6867720512207], [-79.6015322319754, 43.68680020987], [-79.601621960884, 43.6869462207374], [-79.6016746585682, 43.6870224782951], [-79.6017228672503, 43.6870922224233], [-79.6018013813494, 43.6872220141039], [-79.6019022460592, 43.6873436758317], [-79.6020031938714, 43.6875058973556], [-79.602092937115, 43.6876519179182], [-79.6021938472515, 43.687806029013], [-79.6022723771584, 43.687943930343], [-79.6023621105229, 43.6880899505644], [-79.6024447021152, 43.688237956972], [-79.6025275307952, 43.6883864038043], [-79.602609578355, 43.6885348428233], [-79.6026908391477, 43.688687792107], [-79.6027705681854, 43.6888362422739], [-79.6028499203656, 43.6889891834103], [-79.602927702078, 43.6891376348658], [-79.6029970545768, 43.6892746806636], [-79.6043957018251, 43.692025603375], [-79.6048497013597, 43.6928570788425], [-79.604933568884, 43.6930106903291], [-79.6053954897907, 43.6938227938388], [-79.6058878854763, 43.6946884340806], [-79.6072113285253, 43.6968642704108], [-79.6072530494948, 43.6969328480775], [-79.60728808083, 43.6969865616607], [-79.6073809344423, 43.6971289836176], [-79.6074806803003, 43.6972819384609], [-79.6079562028934, 43.6980112154453], [-79.6086872259851, 43.6991322807869], [-79.6097479030106, 43.700778511582], [-79.6101003852032, 43.701334767038], [-79.6101805429694, 43.7014612565669], [-79.6109850015754, 43.7027307387053], [-79.612031300177, 43.7043836849725], [-79.612058429708, 43.7044265585705], [-79.6126541667054, 43.705371511973], [-79.6132267382581, 43.7062796524157], [-79.6138814216513, 43.7073660131204], [-79.6145309968301, 43.7084482355375], [-79.6155676089736, 43.7101753367042], [-79.6173797046118, 43.7132548304927], [-79.6178779650445, 43.7141002739947], [-79.6184456948909, 43.7150635329492], [-79.6191509984783, 43.7162602101191], [-79.6203433022804, 43.7183878846981], [-79.6226835576249, 43.7225153233828], [-79.6229652446608, 43.7230121061768], [-79.6236178232871, 43.7241675847516], [-79.62365564182, 43.7242339914618], [-79.6244126930344, 43.7255631935476], [-79.625434236221, 43.7273565470298], [-79.6259434381051, 43.7281958113873], [-79.6261290015293, 43.7285543064882], [-79.6263257389384, 43.7290428562172], [-79.6266429500381, 43.7300692127646], [-79.6269488051377, 43.7314325968877], [-79.6275881385903, 43.7327191516509], [-79.6276017947091, 43.7327551499349], [-79.6276193444341, 43.7328001366646], [-79.6276380813604, 43.7328496314523], [-79.6276571944983, 43.7328946162414], [-79.6276770753428, 43.7329441004486], [-79.62769812421, 43.7329890922684], [-79.6277199534103, 43.7330385746531], [-79.6277421571699, 43.7330835650257], [-79.627764362409, 43.7331285464077], [-79.6277663085123, 43.7331330446719], [-79.6277729402901, 43.7331465390879], [-79.6277822892976, 43.7331645311226], [-79.6277928018973, 43.7331870318326], [-79.627804086801, 43.7332050218998], [-79.6278161540265, 43.7332230105548], [-79.6278289911401, 43.7332409985485], [-79.6278426183009, 43.7332634862292], [-79.6278570096085, 43.7332769810692], [-79.6278721688252, 43.7332949663261], [-79.6278881202778, 43.7333129511888], [-79.6279048304497, 43.7333309352546], [-79.6279790806204, 43.733402870412], [-79.6279899614534, 43.733411859898], [-79.6280016348461, 43.7334253482], [-79.6280140768658, 43.7334388367248], [-79.6280272798166, 43.733447822572], [-79.6280408766828, 43.7334613096517], [-79.6280552580651, 43.7334702943366], [-79.6280704093154, 43.7334792792582], [-79.6280859455432, 43.7334882624966], [-79.6281018667076, 43.7334972458521], [-79.6281527243667, 43.7335196924249], [-79.6281849885537, 43.7335378928759], [-79.628251938104, 43.7335620668207], [-79.6283063240626, 43.73358019693], [-79.628356551192, 43.7335983410243], [-79.6284000252175, 43.7336049259824], [-79.6284206017968, 43.7336139048426], [-79.6284411805659, 43.7336183818183], [-79.6284625167898, 43.733622858877], [-79.6284838654513, 43.7336273351808], [-79.628505599049, 43.7336318115982], [-79.6285273326499, 43.7336362880116], [-79.6285494512077, 43.7336407636384], [-79.6285719671361, 43.7336452386273], [-79.6286879792197, 43.733654109355], [-79.6287143557899, 43.7336585802207], [-79.6287407469188, 43.7336585502481], [-79.6287667295078, 43.7336585207698], [-79.6287935034332, 43.7336629918831], [-79.6288198821505, 43.7336629617433], [-79.6289738170463, 43.7338158088898], [-79.629201635396, 43.7344051321894], [-79.6292113687172, 43.734423124212], [-79.6292199587792, 43.7344456170324], [-79.6292281308168, 43.7344591100285], [-79.6292355536198, 43.7344816041529], [-79.6292417988073, 43.7344996002525], [-79.6292472617072, 43.7345175959723], [-79.6292523512025, 43.7345400936213], [-79.6292562631195, 43.7345580914457], [-79.6292590292498, 43.7345805918392], [-79.6292617875542, 43.7345985911326], [-79.6292630027175, 43.7346210927311], [-79.6292638226109, 43.7346390939845], [-79.6292636922833, 43.7346475280936], [-79.6302003355988, 43.7353584262795], [-79.6303239974766, 43.7354522947887], [-79.6303580313326, 43.7354781339573], [-79.6313500872361, 43.7370383147945], [-79.6314913872419, 43.7375432019647], [-79.633229711586, 43.740524527424], [-79.6341339344674, 43.7420834073482], [-79.6356659155568, 43.7446291230268], [-79.6360332510251, 43.7452962253545], [-79.6366428850783, 43.7464927404994], [-79.6367430609857, 43.7466023727971], [-79.6368217059373, 43.7466999685057], [-79.6368747742631, 43.7467876214159], [-79.6369046016598, 43.746843294721], [-79.6369180060435, 43.7469228851947], [-79.6369232905226, 43.7470186063552], [-79.6369118956824, 43.7471454833845], [-79.6376152760645, 43.7483095477274], [-79.6378515267975, 43.748492267003], [-79.6383608505807, 43.7489776087579], [-79.6392682558886, 43.749879336048], [-79.6382913088827, 43.7503766059919], [-79.6377087967154, 43.7506213139381], [-79.6373702732838, 43.7507707358225], [-79.6370482709631, 43.7508806758401], [-79.6367432074238, 43.7509916930861], [-79.636458145714, 43.7510636385302], [-79.6361241765946, 43.751121176953], [-79.635936510252, 43.7511419138058], [-79.6355468838813, 43.7512044576617], [-79.6352561195061, 43.7512429675703], [-79.6349044479412, 43.7512541393893], [-79.6346939099661, 43.7512591495814], [-79.6345303946435, 43.7512630321473], [-79.6341720495757, 43.7512660995947], [-79.6338620203398, 43.7512861043107], [-79.6335836870612, 43.7512872037651], [-79.6331464591872, 43.7513147082428], [-79.6327861140849, 43.7513513756702], [-79.6326558964282, 43.751364641504], [-79.6326552892539, 43.7513647413841], [-79.6325596082364, 43.7513796322501], [-79.6324096089488, 43.7514029839372], [-79.6322445004446, 43.751422365795], [-79.6319853662118, 43.7514695078194], [-79.6317251785761, 43.7515180538387], [-79.6312086408347, 43.7516322792517], [-79.6309106979419, 43.7517010483784], [-79.6301538184719, 43.7518617832331], [-79.6296074506752, 43.7519777993195], [-79.6251317252761, 43.7530093556084], [-79.6249148541147, 43.7530593337143], [-79.6198411002066, 43.7541881158534], [-79.6170925688948, 43.7548046842371], [-79.6142487482176, 43.7554419757944], [-79.6140935977719, 43.7554626892585], [-79.6138646818577, 43.755516429517], [-79.6112308878268, 43.7561207443957], [-79.6085649282073, 43.7567119402629], [-79.6081209233902, 43.7568114379217], [-79.6048870072819, 43.7575360587261], [-79.6033843786302, 43.7578696527095], [-79.6018209439722, 43.7561751777168], [-79.6016658895775, 43.7560071284042], [-79.6009675956095, 43.7552692261135], [-79.6007777751235, 43.7550721773533], [-79.6006079299231, 43.7548406993389], [-79.600478375231, 43.7546648671501], [-79.6002434938482, 43.7543041972861], [-79.6000562684521, 43.754035873661], [-79.5993057418417, 43.7523087834314], [-79.5986013931379, 43.750910435743], [-79.597619968277, 43.7488397859676], [-79.5965478732417, 43.7466925762792], [-79.5965273823551, 43.7466515113478], [-79.5964943626114, 43.7465870996765], [-79.5963103350118, 43.7462281425269], [-79.5953714983148, 43.7442953254747], [-79.5945849711261, 43.7427155187222], [-79.5942338476629, 43.7419730102819], [-79.5942140083858, 43.741933421442], [-79.5936804191648, 43.7408750741057], [-79.5935535157353, 43.7406233868366], [-79.5934473177906, 43.7403606653049], [-79.592826096731, 43.7390871022399], [-79.5922649811514, 43.7379696771025], [-79.5921291609431, 43.7376992278271], [-79.5917065958546, 43.7367815686039], [-79.5903745030255, 43.7340198910469]]]]}"
155,Black Creek,24,22878,212,214,264,229,186,205,260,207,234,943.8162,959.2541,1188.868,1021.136,819.8167,895.5876,1134.776,908.054,1022.817,42,45,50,33,54,72,80,65,68,186.9825,201.7123,225.1644,147.1506,238.0113,314.5479,349.162,285.1378,285.1378,9,10,4,2,10,7,2,7,3,40.06767,44.82496,18.01315,8.91822,44.07616,30.58104,8.729051,30.70714,30.70714,26,27,27,27,30,38,24,27,33,115.751,121.0274,121.5888,120.396,132.2285,166.0114,104.7486,118.4418,144.2434,,,1,,4,,3,,1,,,5,,17.63046,,13.09358,,4.371011,42,38,36,50,26,44,23,12,19,186.9825,162.1183,222.9555,114.598,192.2237,100.3841,52.64082,83.04922,170.3348,11,11,16,12,15,6,18,13,10,48.9716,49.30745,72.0526,53.50932,66.11424,26.21232,78.56145,57.02755,43.71011,40,27,55,47,55,65,87,65,40,178.0785,121.0274,247.6808,209.5782,242.4189,283.9668,379.7137,285.1378,174.8405,9,4,8,18,8,9,16,9,8,40.06767,17.92998,36.0263,80.26398,35.26093,39.31848,69.83241,39.48061,34.96809,"{'type': 'MultiPolygon', 'coordinates': [[[[-79.5191491534323, 43.7739999784479], [-79.5190106501272, 43.7739701809438], [-79.5188259538973, 43.774033688079], [-79.5187356788053, 43.7741394030265], [-79.5186231214116, 43.7740979268005], [-79.5185510430156, 43.7739595809586], [-79.5185916158393, 43.7738451607724], [-79.5186974302829, 43.7737801551806], [-79.5189342434224, 43.7735805426063], [-79.5188974197317, 43.7734061059421], [-79.518830288427, 43.7732376960803], [-79.5187045345966, 43.7730967583729], [-79.518364366486, 43.7728714334337], [-79.5181494570611, 43.7728324021454], [-79.5181951099682, 43.7726333795159], [-79.5180834974492, 43.7724210591868], [-79.5178284379703, 43.7722814102477], [-79.5175879402589, 43.7721906166495], [-79.5173595960079, 43.7720734381168], [-79.5171759836172, 43.7719619780322], [-79.5170307439025, 43.7718510957834], [-79.5170205154613, 43.7716576446793], [-79.517062066309, 43.7714433205], [-79.516991959356, 43.7712685097543], [-79.5168315731154, 43.7711329936197], [-79.5167322888341, 43.7710033016905], [-79.5168508961784, 43.7709402762843], [-79.5167069604174, 43.7705992335317], [-79.5165036981168, 43.7704216612218], [-79.5163278926214, 43.7702608534627], [-79.5162275832945, 43.77014116083], [-79.5161938239797, 43.7700978430541], [-79.5160192893901, 43.7699912223217], [-79.5158799345668, 43.7700345194289], [-79.5157453918109, 43.7699578563081], [-79.5156029254128, 43.7699297922317], [-79.5155408561599, 43.7700225131741], [-79.5153669554934, 43.770009044276], [-79.5152217151845, 43.7698664215078], [-79.5151444220896, 43.7697377783381], [-79.5151708492916, 43.7696183287657], [-79.5149586727924, 43.7694739868123], [-79.5146272162418, 43.7696844053747], [-79.5144869136495, 43.7698643481389], [-79.5143552866686, 43.7699690034962], [-79.5143123042574, 43.7700031855978], [-79.5138858166005, 43.7701421984463], [-79.5136324313214, 43.7701281064309], [-79.5133989000226, 43.7700758369816], [-79.5131592983041, 43.7700364579564], [-79.5129266568847, 43.7700186528319], [-79.5124632112159, 43.7699141108354], [-79.5122565002935, 43.7698074787624], [-79.5121895186996, 43.7696480661129], [-79.5123248482397, 43.7693503825368], [-79.5122101830203, 43.7692018756769], [-79.5119938002749, 43.7691639760036], [-79.5119040074279, 43.7692194510355], [-79.5118444830212, 43.7690781391631], [-79.5117460942985, 43.7689419610377], [-79.5116473300567, 43.768858161702], [-79.5114443669547, 43.7688367586587], [-79.5112374371984, 43.768791603027], [-79.5112694551025, 43.7686418107457], [-79.5113607195806, 43.7684827241105], [-79.5113390769121, 43.7683217217642], [-79.5111803185869, 43.7682219241016], [-79.5109646973866, 43.768175282563], [-79.5109881451577, 43.7680275980921], [-79.5109384368241, 43.7678887870195], [-79.510772970496, 43.7677679883796], [-79.510656436319, 43.7676197680023], [-79.5105179265237, 43.7675086977231], [-79.5103937193777, 43.7675144788252], [-79.5103046764614, 43.767593138927], [-79.5101368589848, 43.7675138807942], [-79.5100562336395, 43.7673500661991], [-79.5101626681359, 43.7672841590458], [-79.5103375376892, 43.7672804531442], [-79.5103557755034, 43.7671622655571], [-79.510011612865, 43.7671627287426], [-79.5098594465127, 43.7670839182765], [-79.5098508570851, 43.7669643562977], [-79.5099161560637, 43.76676129372], [-79.5095019457854, 43.7668627715167], [-79.5093370005097, 43.7667792458771], [-79.5092957401034, 43.7666229887699], [-79.5093334756663, 43.7664809373596], [-79.5092589269117, 43.766311361619], [-79.5091185524068, 43.7661640504363], [-79.5090726995236, 43.7660187575016], [-79.5090236149757, 43.7658600788286], [-79.5088938075292, 43.765763965478], [-79.5087031520797, 43.7657396505914], [-79.5085887324949, 43.7656341829379], [-79.5083916200122, 43.7655272729311], [-79.5081768606399, 43.7654350892236], [-79.5079727914661, 43.7653129667801], [-79.5077888314937, 43.7651922734555], [-79.5076140641293, 43.7650743965119], [-79.5074643847507, 43.7649497223225], [-79.5073864865808, 43.7647576507353], [-79.5072147093784, 43.7646037504256], [-79.5072166454549, 43.7644877975524], [-79.5072179165689, 43.7644120161124], [-79.5071746703867, 43.7642144518644], [-79.5072588611953, 43.7640719401225], [-79.5073079042722, 43.7639378189772], [-79.5073159592925, 43.763790920004], [-79.5073123390835, 43.7636461536683], [-79.5073657270698, 43.7634982072649], [-79.5073832197377, 43.7633398752412], [-79.5074532556722, 43.7632452404523], [-79.5076332074732, 43.7632481183682], [-79.5078350368919, 43.7633036150744], [-79.5080347525882, 43.7633435037392], [-79.5082297237661, 43.763285333313], [-79.5084056955418, 43.7631576739204], [-79.5084573397539, 43.7629995831146], [-79.5084578481715, 43.7629933717614], [-79.508469490078, 43.7628509898607], [-79.5083860189007, 43.7627769168207], [-79.5081978754823, 43.7628007742298], [-79.5081553681713, 43.7627489843529], [-79.5081339036048, 43.7627228291477], [-79.5082814416487, 43.7626633199512], [-79.5085032405477, 43.7626300083685], [-79.5086912651008, 43.7625630074348], [-79.5087645234424, 43.762437156461], [-79.5087023794881, 43.7622925753791], [-79.5087011618869, 43.7622897305103], [-79.508634953976, 43.7622151248238], [-79.5084998141414, 43.7622036045532], [-79.5084710364551, 43.7621913836001], [-79.5084104566901, 43.7622151595969], [-79.508364158324, 43.7622277466459], [-79.5083304006391, 43.7622214571489], [-79.5083062899536, 43.7621865076829], [-79.5082725124159, 43.7621263817829], [-79.5082406727654, 43.762068362838], [-79.5082233023677, 43.7620082449235], [-79.5082246165913, 43.7619926549784], [-79.5082261911885, 43.7619739864485], [-79.5082404560027, 43.7619360723977], [-79.5082484481536, 43.761894018468], [-79.5082597059385, 43.7618377335215], [-79.5082351087071, 43.7617915770205], [-79.5081784734066, 43.7616852497625], [-79.5080158973404, 43.7616521371868], [-79.5077830234522, 43.7615885326902], [-79.507603806196, 43.7614589278025], [-79.5074464345179, 43.7613213191162], [-79.5074276583531, 43.7611391179475], [-79.5074506140788, 43.760969525085], [-79.507399166102, 43.7608184886214], [-79.5072063161911, 43.7607996969874], [-79.5070048816876, 43.7608543472222], [-79.5068487711463, 43.7607539036626], [-79.5067064364957, 43.7606706507023], [-79.5065362995652, 43.7607362074789], [-79.5063479142097, 43.7607658228958], [-79.5062180291516, 43.7608513498299], [-79.5060014317908, 43.7608086063752], [-79.50590666115, 43.7607011635292], [-79.5060594117805, 43.7606320084846], [-79.5059205570692, 43.7605606273698], [-79.505720376539, 43.7606136458505], [-79.5055399416713, 43.7606717572336], [-79.505354142977, 43.7606109990629], [-79.5051633966197, 43.7606248700971], [-79.50497787198, 43.760564651523], [-79.5049405902631, 43.7604229831155], [-79.5049547241891, 43.760278863989], [-79.5049360149079, 43.7602152444926], [-79.5049071325396, 43.7601170165206], [-79.5048858350183, 43.7599725751738], [-79.5052911996783, 43.7598820854736], [-79.5079338029208, 43.7592921567003], [-79.5088780506075, 43.7590758334728], [-79.509557480982, 43.7589201842751], [-79.5134488254874, 43.7580676410447], [-79.5153663925899, 43.757620750942], [-79.5156093609422, 43.7575641368015], [-79.5158270601992, 43.7575168954993], [-79.5160135533652, 43.7574777948979], [-79.5161652272193, 43.7574500412905], [-79.516293219533, 43.7574287625348], [-79.5164490644012, 43.7573952822929], [-79.5167936061507, 43.7573473907649], [-79.5169632739712, 43.7573192375855], [-79.517735104196, 43.7572434199415], [-79.5180814647624, 43.757218188972], [-79.5185676251669, 43.757171449674], [-79.5189704116597, 43.7571386460364], [-79.5193356275725, 43.7570566645349], [-79.519553770609, 43.757013700457], [-79.5207057075528, 43.7567407259411], [-79.5225115347315, 43.7563569332181], [-79.5242903885548, 43.7559371491792], [-79.5269093349313, 43.7553210700282], [-79.528532174589, 43.7549650485286], [-79.5304227093485, 43.7545502893643], [-79.5305672402194, 43.7545185846348], [-79.5307941047288, 43.7554867197057], [-79.5311386784354, 43.7569571691737], [-79.5312564961243, 43.7574652009885], [-79.5313256131022, 43.7577632116592], [-79.5313885562185, 43.7580345890371], [-79.5317026959132, 43.7593890917437], [-79.5322747809128, 43.7617050090037], [-79.5339680485782, 43.7688653633881], [-79.5341947751836, 43.7698130925046], [-79.5348847470029, 43.7726967332211], [-79.5344122706773, 43.7727825674618], [-79.5333173245218, 43.772981485189], [-79.5317788473875, 43.7733221856147], [-79.5297838642235, 43.7737249214051], [-79.5297754178331, 43.7737266251845], [-79.5297623885297, 43.7737292568076], [-79.5268366084337, 43.774311870533], [-79.5234511911639, 43.7749998101314], [-79.5230064362818, 43.775097238799], [-79.5223075785347, 43.7752852853884], [-79.5217387443636, 43.7754793523327], [-79.52135743637, 43.775052274296], [-79.5212120747039, 43.7749924614029], [-79.5210368799865, 43.7748760005721], [-79.5208616841014, 43.774753364695], [-79.5207232554898, 43.7746231164699], [-79.5205591261972, 43.7745287951729], [-79.5203830717079, 43.7744339005529], [-79.52013051555, 43.7743940613852], [-79.5198649169756, 43.7743530443029], [-79.5196368191969, 43.7742683743238], [-79.519430443458, 43.7741325902191], [-79.5192777420812, 43.774065287694], [-79.5191491534323, 43.7739999784479]]]]}"
156,Pelmo Park-Humberlea,23,11899,60,49,62,54,74,78,55,57,83,593.883,466.5778,568.4423,485.5242,650.7211,673.9243,470.4876,485.2716,697.5376,29,31,26,47,67,73,59,67,91,287.0435,295.1819,238.379,422.5859,589.1664,630.7241,504.7049,570.4069,570.4069,3,1,1,,4,1,5,3,5,29.69415,9.521996,9.168424,,35.17411,8.640056,42.7716,25.54061,25.54061,30,15,24,31,24,23,20,12,32,296.9415,142.8299,220.0422,278.7268,211.0447,198.7213,171.0864,102.1624,268.9302,,,1,,1,1,,2,1,,,9,,8.793528,8.640056,,17.02707,8.404068,13,24,12,23,19,8,7,4,8,128.6747,110.0211,206.7973,167.077,69.12045,59.88024,34.05415,67.23254,228.5279,,2,5,1,3,3,4,2,3,,19.04399,45.84212,8.991189,26.38058,25.92017,34.21728,17.02707,25.2122,38,32,36,35,50,30,48,48,38,376.1259,304.7039,330.0633,314.6916,439.6764,259.2017,410.6074,408.6497,319.3546,3,6,4,6,4,7,10,2,9,29.69415,57.13197,36.67369,53.94713,35.17411,60.48039,85.5432,17.02707,75.6366,"{'type': 'MultiPolygon', 'coordinates': [[[[-79.5322544190509, 43.7350563363865], [-79.5293847266378, 43.7236136201185], [-79.5292457947712, 43.7230592601154], [-79.529047994962, 43.7222700628458], [-79.5287022760307, 43.7208909873939], [-79.5286993551651, 43.7208817442878], [-79.5286836314446, 43.7208319623387], [-79.5286657433506, 43.7207728191657], [-79.5286485882028, 43.7207135053498], [-79.52863230082, 43.7206540919565], [-79.5286167589291, 43.7205947052662], [-79.5286019743808, 43.7205350131909], [-79.5285880450181, 43.7204753294231], [-79.5285748613021, 43.7204155643152], [-79.5285624219312, 43.7203556188089], [-79.5285508505679, 43.7202956646687], [-79.5285401619849, 43.7202356561657], [-79.5285302040074, 43.7201755211108], [-79.5285209921058, 43.7201152867151], [-79.5285126477613, 43.7200550616882], [-79.5285079649112, 43.7199944120069], [-79.5285020079665, 43.7199679595223], [-79.528500384155, 43.7199471668083], [-79.5284993854244, 43.7199344117467], [-79.5284974036571, 43.7199174905664], [-79.5284924931943, 43.7198740514494], [-79.5284918822112, 43.7198671115435], [-79.5284873899918, 43.7198166791445], [-79.5284870039855, 43.7198135822633], [-79.5284836555227, 43.71976622769], [-79.5284819608138, 43.7197531494328], [-79.5284802812116, 43.7197158213897], [-79.5284773536323, 43.7196927069091], [-79.5284769435564, 43.7196653885494], [-79.5284732910125, 43.7196322822014], [-79.5284736301686, 43.7196149281094], [-79.528474453288, 43.7195715150984], [-79.5284733079105, 43.7195110451186], [-79.52847303069, 43.7194504575626], [-79.5284720457062, 43.7194126972748], [-79.5284714635513, 43.7193897714613], [-79.5284740572026, 43.7193622720851], [-79.5284733580872, 43.7193294171561], [-79.5284753488115, 43.7193118916482], [-79.5284838641124, 43.7192371246476], [-79.5284963544805, 43.719144301252], [-79.5285097142556, 43.7190516115002], [-79.5285239423105, 43.7189589491325], [-79.5285390394636, 43.7188663312663], [-79.5285548811016, 43.7187737770053], [-79.5285695314945, 43.7186809967132], [-79.5285758757798, 43.7186596177991], [-79.5285854704382, 43.7186095684577], [-79.5285917523633, 43.7185893673393], [-79.5286008238852, 43.7185601830127], [-79.5286154447581, 43.7185108529606], [-79.5286382050683, 43.7184314649096], [-79.5292346507216, 43.7163514475181], [-79.5292820640324, 43.7161861001616], [-79.5296002820396, 43.7151227359542], [-79.529663009475, 43.7149132055947], [-79.5282572336626, 43.7152269054275], [-79.5268466536504, 43.7155441167195], [-79.5267061983214, 43.7155734034519], [-79.5265712394591, 43.7156008709762], [-79.5265653573388, 43.7156020601736], [-79.5264244048816, 43.715630194863], [-79.5262830664199, 43.7156576635198], [-79.5261416038062, 43.715684519941], [-79.5259999057773, 43.7157107455839], [-79.5258579462553, 43.7157363410116], [-79.525715875202, 43.7157613162611], [-79.5255735420238, 43.7157856873968], [-79.525430973288, 43.7158093836303], [-79.5252882669957, 43.7158324584476], [-79.525145312935, 43.7158550022648], [-79.5250021229941, 43.7158768342575], [-79.5248589194914, 43.715898000513], [-79.5247153442286, 43.7159186809854], [-79.523102517418, 43.7161022202739], [-79.5204615899151, 43.7163665684974], [-79.5204301445496, 43.7163699591897], [-79.5202088052282, 43.7163938517466], [-79.5190590932758, 43.7165179692785], [-79.5186115470167, 43.7165662716958], [-79.5183279469179, 43.7165968951055], [-79.5183001980073, 43.716599887448], [-79.5181996423803, 43.7166105434072], [-79.515635319508, 43.7168823559312], [-79.5126550547321, 43.7172158071355], [-79.5085403286897, 43.7176815898583], [-79.5078334425885, 43.7177637588494], [-79.507794947815, 43.7175891278012], [-79.5077503801414, 43.7173868999711], [-79.5074960317152, 43.7164989065334], [-79.5072281817208, 43.7154650398435], [-79.5069689012663, 43.7145046303465], [-79.5068513813161, 43.7140731525504], [-79.5066985473577, 43.7136592298039], [-79.5064378444353, 43.712714382267], [-79.506232605152, 43.7119916009071], [-79.5061481415107, 43.7116836185818], [-79.5061204831307, 43.7115827608388], [-79.506078462976, 43.7114295606866], [-79.5059744986494, 43.7110504694765], [-79.5057915573749, 43.7102097692105], [-79.5062000641852, 43.7101448753739], [-79.5063084011897, 43.710104283191], [-79.5077789418254, 43.7097521081779], [-79.5089297197465, 43.709499249628], [-79.5090182656869, 43.7094817534715], [-79.509296609534, 43.7094268147198], [-79.5114339357818, 43.708901369625], [-79.5114741392758, 43.7089000421063], [-79.5115338098938, 43.7088877853728], [-79.512331918661, 43.7087062097921], [-79.5134717093914, 43.7084386625914], [-79.514608217443, 43.7081790342178], [-79.5157487835761, 43.7079173232145], [-79.5169039776117, 43.7076423046957], [-79.5172037659444, 43.7075636522326], [-79.5173436825154, 43.7075196956918], [-79.5191708496714, 43.7071451307308], [-79.5202918755942, 43.7068960073564], [-79.5205143477431, 43.7072774503281], [-79.5208478142857, 43.7080484838695], [-79.5222383082559, 43.7076945343924], [-79.5223408971303, 43.7078840275405], [-79.5232057131607, 43.7076925148423], [-79.5237238580763, 43.7075593069468], [-79.5231644464414, 43.7065404235189], [-79.5231158218591, 43.7064518519749], [-79.5243636674725, 43.7061472323069], [-79.5254657355694, 43.7058801405408], [-79.5260724712245, 43.7060456453702], [-79.5264103482671, 43.706118693785], [-79.5273438082244, 43.7063993054866], [-79.5274397361028, 43.7064270966168], [-79.5275354158363, 43.7064554454082], [-79.5276308466865, 43.7064842807216], [-79.5277259062952, 43.7065136829162], [-79.5278207309734, 43.7065436609519], [-79.5279151710092, 43.7065740436287], [-79.5280092392657, 43.7066050661134], [-79.5281030593096, 43.7066365481209], [-79.5281965071235, 43.7066685870968], [-79.5282895829663, 43.7067011218192], [-79.5283824122244, 43.7067341512026], [-79.5284747442111, 43.7067677755636], [-79.528527378512, 43.7067913635534], [-79.5285796291766, 43.7068154652003], [-79.5286312588718, 43.7068401422768], [-79.5286826403823, 43.7068652249088], [-79.5287334021435, 43.7068908838879], [-79.5287837915618, 43.7069168486833], [-79.5288336851714, 43.7069434985684], [-79.5288830951066, 43.7069704897534], [-79.5289319976101, 43.7069979308796], [-79.5289804030867, 43.7070259040164], [-79.5290283118811, 43.7070543443413], [-79.529075725631, 43.7070832356692], [-79.5291225189351, 43.7071124782447], [-79.5291688152577, 43.7071422510333], [-79.5292146170567, 43.7071724028027], [-79.5292599218528, 43.7072030856865], [-79.5293046072242, 43.7072341288376], [-79.5293486711293, 43.7072655142228], [-79.5293922398752, 43.7072974568592], [-79.5294352008612, 43.7073296887847], [-79.5294776409095, 43.7073624155043], [-79.5295193619472, 43.7073955651405], [-79.5295605738714, 43.7074290305479], [-79.5296011655911, 43.7074628373093], [-79.5296411370431, 43.7074971402903], [-79.52968048851, 43.7075317756256], [-79.5297192190891, 43.7075667802198], [-79.5297573302189, 43.7076021459887], [-79.5297946971589, 43.7076378983395], [-79.5298315686539, 43.7076739657412], [-79.5298677073454, 43.7077104108688], [-79.5299032128754, 43.7077471179549], [-79.5299379754934, 43.7077843115846], [-79.5299721165998, 43.7078217475155], [-79.5300056386315, 43.7078594275802], [-79.5300384150081, 43.7078975032162], [-79.5300704485667, 43.7079358583113], [-79.530101860672, 43.7079745547528], [-79.5301326658875, 43.7080135044909], [-79.53016258907, 43.7080527418034], [-79.5301918933752, 43.708092367317], [-79.5302204521954, 43.7081321272963], [-79.5302482679717, 43.708172175739], [-79.5302754626502, 43.7082126015511], [-79.5303017889121, 43.7082531638513], [-79.5303274953319, 43.7082939504727], [-79.5303524571636, 43.7083350885665], [-79.5303765621248, 43.7083763984132], [-79.5304000359941, 43.708417986461], [-79.5304216481022, 43.7084598278806], [-79.5304285020679, 43.7084704928222], [-79.5304493401598, 43.7085029188779], [-79.5304761646903, 43.70854641469], [-79.5305022451695, 43.7085900368858], [-79.5305277045432, 43.7086338842882], [-79.5305522966626, 43.708678074384], [-79.5305761429266, 43.70872236293], [-79.5305993820913, 43.7087669128793], [-79.5306217408046, 43.708811634281], [-79.5306432305931, 43.708856563299], [-79.5306640998709, 43.7089017436449], [-79.5306842251646, 43.7089469963562], [-79.5307034813713, 43.708992564729], [-79.5307219938104, 43.7090381964668], [-79.5307397608842, 43.7090840076989], [-79.5307566735521, 43.7091299907211], [-79.5307729516057, 43.709176090735], [-79.5307882383535, 43.7092223265651], [-79.5308029044374, 43.7092687687047], [-79.5308131093114, 43.7093032324142], [-79.5315453360305, 43.7091659972307], [-79.5308679593766, 43.7106877652893], [-79.5323504443589, 43.710451764969], [-79.5325526190967, 43.7099637046122], [-79.5323029324812, 43.7091148563901], [-79.5323017408466, 43.7089754626427], [-79.534023237803, 43.7085574756517], [-79.5358400355926, 43.7081248774538], [-79.5359087308976, 43.7082103765011], [-79.5362973458701, 43.7083453005784], [-79.5367622641351, 43.7083406693753], [-79.5371829329438, 43.7082730417924], [-79.5374158123556, 43.7082696621487], [-79.5376491514838, 43.7083252675384], [-79.5381312188973, 43.7084965996732], [-79.5385304593385, 43.7087436768928], [-79.5389051708495, 43.7090085647281], [-79.539132552303, 43.7093225144758], [-79.539329258034, 43.7096676283195], [-79.5394629012845, 43.7100096209836], [-79.539575574567, 43.7103516390196], [-79.5396014295889, 43.7107207006863], [-79.5393984931904, 43.7110808301468], [-79.5391307560131, 43.7113869740595], [-79.5388225782213, 43.7115819026631], [-79.5387671678662, 43.7116166395595], [-79.53848677635, 43.7117809169387], [-79.5384059238718, 43.7118282910947], [-79.5381784394868, 43.7120444068204], [-79.5381234009596, 43.7120984325606], [-79.5379452234012, 43.7124045442453], [-79.5378856358175, 43.7126251032216], [-79.5378605047887, 43.7127196343292], [-79.5378547502634, 43.7128231506578], [-79.5378451689026, 43.712998687369], [-79.5378413296711, 43.7130707075941], [-79.53782826446, 43.7132327444012], [-79.5378293742576, 43.7135165988825], [-79.5378499031947, 43.7137188318057], [-79.5379381115525, 43.7140158531332], [-79.5380135194627, 43.7143218891243], [-79.5382099234348, 43.7145873790265], [-79.5385997477639, 43.7147357776796], [-79.539033003345, 43.7148571569225], [-79.53944257156, 43.7149425370185], [-79.5398497967854, 43.714991902819], [-79.54026052418, 43.7150637782498], [-79.5404785115018, 43.7151492130997], [-79.5407408169218, 43.7153651593642], [-79.540775130381, 43.7156397027776], [-79.5407000930483, 43.7159232879947], [-79.5406633084639, 43.7160133220128], [-79.5406250361759, 43.7161978798789], [-79.5406912057356, 43.7165444221914], [-79.5409189996276, 43.7167513880741], [-79.5413014631805, 43.716868276362], [-79.5414895285442, 43.7168502056373], [-79.5416880924479, 43.7168321218119], [-79.5420382652446, 43.7167869778322], [-79.5424198491413, 43.7167778354363], [-79.5424431177166, 43.7167778269836], [-79.5425629631197, 43.7167957847438], [-79.5431761906402, 43.7169170627357], [-79.5432661727647, 43.7169440327499], [-79.5436541501769, 43.717159924668], [-79.5438559670673, 43.7173488917416], [-79.5438590732888, 43.7173533909146], [-79.5439320366546, 43.7174253733569], [-79.544081185198, 43.7177133826901], [-79.5440387583683, 43.7180419814055], [-79.5439794957957, 43.7181410265312], [-79.5438528369127, 43.7183481132081], [-79.5437068303126, 43.71862722596], [-79.54348256206, 43.7190098826382], [-79.5434577828912, 43.7190684094893], [-79.5434132308652, 43.7191404367498], [-79.5433117580293, 43.7193250191181], [-79.5432343031777, 43.7194825791651], [-79.5431762180825, 43.7195996176849], [-79.5430774073735, 43.7197256720218], [-79.5430390493271, 43.7197661917933], [-79.542950815303, 43.7200362627944], [-79.5428067750935, 43.7203693637676], [-79.5425568555106, 43.7206844914183], [-79.5424328400267, 43.7208195561798], [-79.5422689011687, 43.7209771388149], [-79.5419188538797, 43.721202299266], [-79.5417025442846, 43.7213508987413], [-79.5415575663718, 43.7214544661941], [-79.5412303943571, 43.7216886168344], [-79.5409668488734, 43.7219542485828], [-79.5407910114764, 43.7222738646788], [-79.5407229957918, 43.7226204462051], [-79.5407337089398, 43.7229714913815], [-79.5407420225093, 43.7231875270171], [-79.5407560279162, 43.7232505308696], [-79.5407483104431, 43.7233090417508], [-79.5407135863578, 43.7235700997117], [-79.5407263885376, 43.7236530055352], [-79.5407677530007, 43.723921137867], [-79.5409696699999, 43.7242361176849], [-79.5411304899551, 43.7245826260686], [-79.5412758011897, 43.7249336317335], [-79.5413423865757, 43.7252891651997], [-79.5413069661661, 43.7256357442695], [-79.5411481462062, 43.7259328514101], [-79.5408690229017, 43.7261354885885], [-79.5404734676971, 43.7262391529517], [-79.5400433382729, 43.7262618072564], [-79.5396112429428, 43.7262394544871], [-79.5392001978728, 43.7263296178591], [-79.5388166926211, 43.726455766258], [-79.538483259946, 43.7266449141411], [-79.5382821665791, 43.7269150368949], [-79.5382327528844, 43.7272661196888], [-79.5383179428453, 43.7276216496366], [-79.5384399802175, 43.7279681742629], [-79.5385379520258, 43.7282967047992], [-79.538668147916, 43.7286252151248], [-79.5388018127158, 43.7289582328272], [-79.5388671919392, 43.7292687627546], [-79.538744420544, 43.7295433603505], [-79.538622052939, 43.7298494528685], [-79.5385660209851, 43.7301600230242], [-79.5385371899868, 43.7305155998685], [-79.5385354564815, 43.7308306522706], [-79.5385073314778, 43.7311277205862], [-79.5384752064784, 43.7313402595535], [-79.538464476813, 43.7314112829743], [-79.5384258353598, 43.7316273346939], [-79.5384658927831, 43.7317803515955], [-79.5386351402635, 43.7319423254089], [-79.5389254026011, 43.7320772456811], [-79.5392435018904, 43.7320861382976], [-79.5394943894723, 43.7319555251262], [-79.5394173742891, 43.7316674942297], [-79.5393132084176, 43.7313929829875], [-79.5392435854201, 43.7311319624021], [-79.5392860821607, 43.7308934060384], [-79.539439536749, 43.7306728042241], [-79.5395991899511, 43.7304387081759], [-79.5397875356269, 43.730200101164], [-79.539957637466, 43.7299659913415], [-79.5401491255623, 43.7297903910655], [-79.5404709606826, 43.7296687521022], [-79.5408215323637, 43.7295876073186], [-79.5411527918094, 43.7296009817688], [-79.5415577749055, 43.7296548336732], [-79.5419942086386, 43.7297221832434], [-79.5423810022396, 43.7298030510736], [-79.5427929819165, 43.7298478948991], [-79.5432224284787, 43.7299287446251], [-79.5436007237487, 43.7300456169527], [-79.5439096147611, 43.7302075213206], [-79.5442448909238, 43.7303784154253], [-79.5445608166328, 43.7305808293187], [-79.5448317415003, 43.7308102641754], [-79.5448582933172, 43.7310262829857], [-79.5445733238903, 43.7311929267161], [-79.5442732119621, 43.7313640759211], [-79.5440095689856, 43.731553212183], [-79.5438456882729, 43.7317918173263], [-79.5438869926138, 43.7320528461293], [-79.544079977017, 43.7322823034062], [-79.5444137426673, 43.732390360007], [-79.5439624506368, 43.7324900246563], [-79.5382321390639, 43.7337553993167], [-79.5357924376778, 43.7342676665785], [-79.5356774628733, 43.7342918073667], [-79.5354546372918, 43.7343385934268], [-79.5339585252531, 43.7346794292328], [-79.5322544190509, 43.7350563363865]]]]}"
157,Humbermede,22,16534,117,135,114,158,120,168,95,134,119,720.3103,837.8848,711.5217,976.4539,732.7797,1017.195,574.261,813.7982,719.7291,36,34,47,58,57,70,76,61,105,221.6339,211.0228,293.3466,358.4451,348.0703,423.8315,459.4088,370.4604,370.4604,2,5,3,3,2,1,4,2,1,12.313,31.03277,18.72425,18.54026,12.21299,6.054735,24.17941,12.14624,12.14624,35,35,24,21,44,62,34,30,35,215.4774,217.2294,149.794,129.7818,268.6859,375.3936,205.525,182.1936,211.685,,,1,1,,,,,,,,6,6,,,,,,34,27,28,35,30,27,14,18,35,209.3209,174.7597,216.3031,183.1949,163.4778,84.62794,109.3162,211.685,167.577,2,8,3,6,5,4,6,4,2,12.313,49.65243,18.72425,37.08053,30.53249,24.21894,36.26912,24.29248,12.09629,37,31,31,23,48,42,59,45,37,227.7904,192.4032,193.484,142.142,293.1119,254.2989,356.6463,273.2904,223.7813,1,9,1,7,10,8,12,13,9,6.156498,55.85899,6.241418,43.26061,61.06497,48.43788,72.53823,78.95056,54.43329,"{'type': 'MultiPolygon', 'coordinates': [[[[-79.5281298918109, 43.7442601126892], [-79.5272088652166, 43.7403903877438], [-79.5262834026956, 43.7364101733493], [-79.5264904521058, 43.7363620412038], [-79.5272647811692, 43.7361732382032], [-79.5289100618318, 43.7358065294679], [-79.5293312004649, 43.735704725689], [-79.5322544190509, 43.7350563363865], [-79.5339585252531, 43.7346794292328], [-79.5354546372918, 43.7343385934268], [-79.5382321390639, 43.7337553993167], [-79.5439624506368, 43.7324900246563], [-79.5444137426673, 43.732390360007], [-79.544596448099, 43.7324124855015], [-79.54480219644, 43.7323724483649], [-79.5449851998058, 43.7322783856748], [-79.5451280604423, 43.7321552200634], [-79.5453372342303, 43.7318538749083], [-79.5455030865886, 43.7315391709658], [-79.5455921521623, 43.7314909609987], [-79.5458601066084, 43.7314595739466], [-79.5463275719755, 43.731451824745], [-79.5467724152506, 43.7315665167937], [-79.5471858136648, 43.7317699368978], [-79.547559110152, 43.7319616171797], [-79.5477036294724, 43.7321531838245], [-79.54780947532, 43.7323991253082], [-79.5482195127861, 43.7325793735806], [-79.548564223585, 43.7327185670994], [-79.5488693068494, 43.7328360110095], [-79.5489503533437, 43.7328794525438], [-79.5490411687232, 43.7329839719888], [-79.5491921941875, 43.7331077639883], [-79.5496123783467, 43.733238100145], [-79.5500179927758, 43.7333111657937], [-79.5503634354305, 43.7335425530779], [-79.550460700041, 43.7337393584166], [-79.5504939951259, 43.733874649566], [-79.5505023689263, 43.7339558377015], [-79.5504485895364, 43.7341152368078], [-79.5504483324152, 43.7341195121521], [-79.5504404226838, 43.7342505467612], [-79.5504820443069, 43.7344249362757], [-79.5505610090131, 43.7346173478245], [-79.5505611132836, 43.7347255964205], [-79.5504824076196, 43.7348128353536], [-79.5503353499562, 43.734899077514], [-79.5500430315361, 43.7350565837329], [-79.5496401139024, 43.7352865878395], [-79.5493723826956, 43.7354860991633], [-79.5491225644188, 43.7357164222769], [-79.5490857023162, 43.7358026608296], [-79.5491106757395, 43.735904876574], [-79.5491645839378, 43.7359418850133], [-79.5494300285304, 43.7359468466122], [-79.54957932185, 43.7359468003498], [-79.5498405534429, 43.7359015905874], [-79.5500146817924, 43.7358654376474], [-79.550288402089, 43.7358803497092], [-79.5504626830753, 43.7360125906379], [-79.5505333656047, 43.7362140161481], [-79.550562556977, 43.736412452821], [-79.5505170779439, 43.7365688157462], [-79.5504546947226, 43.7367005036158], [-79.5502521515169, 43.7369184858494], [-79.5500564882203, 43.7372012733868], [-79.5500930050982, 43.7375074515627], [-79.5499956806244, 43.7378111779168], [-79.5499417690928, 43.7379220787653], [-79.5498837683812, 43.7379822408381], [-79.5497635054414, 43.7379943014163], [-79.5496681022065, 43.7379672758735], [-79.5494980544965, 43.7379312633302], [-79.5492776148994, 43.7379244818139], [-79.5488779651527, 43.7380327671808], [-79.5485831660559, 43.738245223325], [-79.5483678394366, 43.7385000669834], [-79.5483611009452, 43.7387800074433], [-79.5482204756031, 43.7389932702847], [-79.5478395124327, 43.7390681224047], [-79.5475778010121, 43.7392012155657], [-79.5474835850927, 43.7392491319476], [-79.5471281555558, 43.7394500333763], [-79.546948750682, 43.7395320908467], [-79.5467794121562, 43.7396132072954], [-79.5464299243908, 43.7397982886026], [-79.5461860370681, 43.7400633118142], [-79.5461045701869, 43.7403702860186], [-79.5461415025225, 43.740528404145], [-79.5461724308205, 43.7406609084239], [-79.546180216064, 43.7406942629642], [-79.5463962455907, 43.7409430684452], [-79.5464070191374, 43.7409554767498], [-79.5467071518282, 43.7411723110972], [-79.5470291369961, 43.7413885050127], [-79.5473288703155, 43.741564571589], [-79.5476175438516, 43.7417424866494], [-79.5479996209516, 43.741812563646], [-79.548202768076, 43.7417895243986], [-79.5484136374049, 43.7417656005679], [-79.5487848206853, 43.7417052067255], [-79.549131770715, 43.7417686509427], [-79.5493517904223, 43.7419585725775], [-79.5493134735505, 43.7422109737537], [-79.5492052549235, 43.7423412325798], [-79.5492328345003, 43.7424679031504], [-79.5493411734317, 43.7425456090047], [-79.549492733327, 43.74253425588], [-79.5498381373975, 43.7423734885241], [-79.549988459797, 43.7422929429368], [-79.5502216969169, 43.7422928408911], [-79.5503957938124, 43.7423457723075], [-79.550427150901, 43.7424138974633], [-79.5504099828486, 43.7425493370515], [-79.550231449617, 43.7427310700051], [-79.5499397056571, 43.7429524207464], [-79.549832784068, 43.7432832703553], [-79.5498420683195, 43.7435953657535], [-79.5500116103556, 43.7438690100656], [-79.5503739354466, 43.7440841594859], [-79.5507990255507, 43.7442110058805], [-79.5512128775593, 43.7442468348159], [-79.5515632511732, 43.7441986915216], [-79.5519417485608, 43.7440683631286], [-79.552256125765, 43.7438767094204], [-79.5525266193271, 43.7437523236131], [-79.5525622264211, 43.7437359528524], [-79.5529544935295, 43.7435974048685], [-79.5533408392924, 43.7435052329068], [-79.5536496096694, 43.7434392980622], [-79.5539822961314, 43.7433224586763], [-79.554375457267, 43.7432308826628], [-79.5547558994736, 43.7432188108471], [-79.5552009012643, 43.7432172375889], [-79.5556332575423, 43.743235660446], [-79.5560367765996, 43.7432185412931], [-79.5564629301471, 43.7431101363168], [-79.5567399592909, 43.7428714587459], [-79.556899352265, 43.7425845554498], [-79.5569838400464, 43.7422696595952], [-79.5569306349498, 43.7419369919188], [-79.5567969717038, 43.7414921734344], [-79.5567969048907, 43.7414215045432], [-79.5568247216996, 43.7413886903799], [-79.5569673733041, 43.7413229913018], [-79.5571796143359, 43.7412067968562], [-79.55746410676, 43.7410219940138], [-79.5576423588955, 43.7409642607409], [-79.5578373859291, 43.7409731004305], [-79.5581759009978, 43.7411796772607], [-79.5583795575635, 43.7414697997781], [-79.5583962466741, 43.741766381772], [-79.5583394378619, 43.7418472412457], [-79.5581144789542, 43.7419590707956], [-79.5579636131721, 43.7419912996016], [-79.5578697093676, 43.7420620152618], [-79.5578523655457, 43.7421402536059], [-79.5578942390338, 43.7422270401378], [-79.558073430431, 43.7425071933472], [-79.5583921268032, 43.7427401445258], [-79.5587617966619, 43.7429254701863], [-79.5591518655897, 43.743007998994], [-79.5592839603078, 43.7429748963068], [-79.5593948631137, 43.7427936354879], [-79.55942980933, 43.7426265362284], [-79.5595654633412, 43.7425280376425], [-79.5597673428176, 43.7425052130549], [-79.5600278129647, 43.742547192878], [-79.5603591708727, 43.7426075523277], [-79.5603812419519, 43.7425792676555], [-79.5603797116329, 43.7424892744123], [-79.5602452595366, 43.7422379585817], [-79.5600783124144, 43.7419934028566], [-79.5600561054501, 43.7419608930718], [-79.559732592599, 43.7414198913383], [-79.5595902046981, 43.7412733535384], [-79.5593075497434, 43.7410508470391], [-79.5587051161908, 43.7406858702166], [-79.5586410427888, 43.7404708366644], [-79.5586760259354, 43.7402650604483], [-79.5589014913446, 43.7400700501011], [-79.5592757363859, 43.7398872307631], [-79.5598951012719, 43.7398183001194], [-79.5602551135624, 43.739795391946], [-79.5606116272822, 43.7397878764747], [-79.5610512676141, 43.7398136114045], [-79.5614047082523, 43.7398843778598], [-79.5617406945147, 43.7399563236357], [-79.5621839743049, 43.7400773034206], [-79.5625299877374, 43.7401788460517], [-79.5629417312799, 43.7404384222517], [-79.5631806715413, 43.7406496754632], [-79.5633508729013, 43.7408980150084], [-79.5633710818792, 43.7413193953187], [-79.5632990924579, 43.7416554328543], [-79.5630400169561, 43.7418537198712], [-79.5627176658755, 43.742033957412], [-79.5620675417272, 43.7421163767078], [-79.561912958347, 43.742117837619], [-79.5617480576458, 43.7421193854613], [-79.5616657336417, 43.7421346686903], [-79.5614772163614, 43.7421696858027], [-79.5613775140762, 43.742188192211], [-79.5611500086351, 43.7423061398658], [-79.5610013727079, 43.7425895326516], [-79.5609826739935, 43.7426386442572], [-79.5610018074697, 43.7426389311127], [-79.5614623383382, 43.742663248325], [-79.5619012903567, 43.7427104300625], [-79.5622961635388, 43.742862326969], [-79.562462599473, 43.7431527419016], [-79.562451989659, 43.7434576009615], [-79.56239894533, 43.743537002558], [-79.5623387980004, 43.7436273624164], [-79.562262930434, 43.7437402248115], [-79.5622427369195, 43.7437703540308], [-79.5621693103144, 43.7440826548497], [-79.5623559325688, 43.7443216169207], [-79.5627255139875, 43.7444972801608], [-79.5630485359125, 43.7446587007102], [-79.5634076363279, 43.7448049433295], [-79.5636820662702, 43.7450496142734], [-79.5639849008135, 43.7452649434065], [-79.5643940989155, 43.7454164565984], [-79.5647999251575, 43.745558436886], [-79.5652242390451, 43.7456877769409], [-79.5656827828029, 43.7457791376095], [-79.5661216919012, 43.7458543872038], [-79.5664496532096, 43.7458870870596], [-79.5665173414939, 43.7458938345467], [-79.5668758776854, 43.7459535733154], [-79.5672716797019, 43.7460169799306], [-79.5676411397122, 43.7460738928099], [-79.5686243829079, 43.7462562915925], [-79.5682833392172, 43.7463286676136], [-79.5681573565521, 43.7463554051572], [-79.5677152302455, 43.7464388570854], [-79.5673427145915, 43.7465499266625], [-79.5669047814471, 43.7466432565479], [-79.56654838694, 43.7467495258957], [-79.5661284055729, 43.7468772356352], [-79.5660367341053, 43.746898747874], [-79.565787264282, 43.7469572732872], [-79.5655495700586, 43.747020139031], [-79.5650802001951, 43.7471445157042], [-79.5647180905341, 43.7472412508882], [-79.5644189731808, 43.7473190733003], [-79.562362992933, 43.7477736585026], [-79.5587882119827, 43.7485659672781], [-79.5576364591302, 43.7488035011132], [-79.552319796801, 43.7499532802139], [-79.5490790667181, 43.7506572173523], [-79.5475229040236, 43.7509901541807], [-79.5459281261449, 43.7513312949724], [-79.5457019171982, 43.7513781379072], [-79.5455696677507, 43.7514055270539], [-79.5450432062712, 43.7515509701253], [-79.5445678712734, 43.7516573435965], [-79.5440877870927, 43.7517563993388], [-79.543521745525, 43.7518710667224], [-79.5430470608534, 43.7519556953309], [-79.5423838683036, 43.7520985850274], [-79.5417316505139, 43.7521707359296], [-79.540604667736, 43.7523663689042], [-79.5399728263727, 43.7525009077039], [-79.5382139001938, 43.7528772827057], [-79.5377000011338, 43.7529864935343], [-79.5371112182334, 43.7531116228008], [-79.5370320531055, 43.7531291832048], [-79.5362667632575, 43.753298939001], [-79.5355742965067, 43.753422562922], [-79.5345346110097, 43.7536513323279], [-79.5327693764908, 43.7540379228775], [-79.5309082137743, 43.7544454750787], [-79.5307612754384, 43.7544776579999], [-79.5305672402194, 43.7545185846348], [-79.5305527673845, 43.7544591717549], [-79.5300384851956, 43.7522697929105], [-79.5290944930369, 43.7484317883521], [-79.5290786048762, 43.7483671906458], [-79.5285962755858, 43.7462791576907], [-79.5281298918109, 43.7442601126892]]]]}"
158,Humber Summit,21,13238,76,91,118,115,109,113,92,101,127,589.8789,709.9391,924.0407,891.1274,833.5883,855.6717,695.9679,766.3126,959.3594,69,41,63,83,108,134,110,133,171,535.548,319.8627,493.3438,643.1616,825.9407,1014.69,832.1356,1009.105,1009.105,7,3,6,3,2,7,1,2,2,54.33095,23.40459,46.98512,23.2468,15.2952,53.00621,7.564869,15.17451,15.17451,54,44,41,40,56,59,25,41,55,419.1245,343.2673,321.065,309.9574,428.2655,446.7666,189.1217,311.0774,415.4706,,1,,2,1,3,,1,,,8,,15,7.647599,22.71695,,7.587254,,22,22,23,27,31,28,26,14,30,170.7544,180.1096,209.2212,237.0756,212.0248,196.6866,106.2215,226.6203,171.6336,1,6,16,9,5,9,5,4,7,7.761565,46.80917,125.2937,69.74041,38.238,68.15084,37.82434,30.34901,52.87808,71,62,67,84,81,68,92,86,71,551.0711,483.6948,524.6672,650.9105,619.4555,514.9175,695.9679,652.5038,536.3348,15,16,18,19,15,22,21,29,23,116.4235,124.8245,140.9554,147.2298,114.714,166.5909,158.8622,220.0303,173.7423,"{'type': 'MultiPolygon', 'coordinates': [[[[-79.5339680485782, 43.7688653633881], [-79.5322747809128, 43.7617050090037], [-79.5317026959132, 43.7593890917437], [-79.5313885562185, 43.7580345890371], [-79.5313256131022, 43.7577632116592], [-79.5312564961243, 43.7574652009885], [-79.5311386784354, 43.7569571691737], [-79.5307941047288, 43.7554867197057], [-79.5305672402194, 43.7545185846348], [-79.5307612754384, 43.7544776579999], [-79.5309082137743, 43.7544454750787], [-79.5327693764908, 43.7540379228775], [-79.5345346110097, 43.7536513323279], [-79.5355742965067, 43.753422562922], [-79.5362667632575, 43.753298939001], [-79.5370320531055, 43.7531291832048], [-79.5371112182334, 43.7531116228008], [-79.5377000011338, 43.7529864935343], [-79.5382139001938, 43.7528772827057], [-79.5399728263727, 43.7525009077039], [-79.540604667736, 43.7523663689042], [-79.5417316505139, 43.7521707359296], [-79.5423838683036, 43.7520985850274], [-79.5430470608534, 43.7519556953309], [-79.543521745525, 43.7518710667224], [-79.5440877870927, 43.7517563993388], [-79.5445678712734, 43.7516573435965], [-79.5450432062712, 43.7515509701253], [-79.5455696677507, 43.7514055270539], [-79.5459281261449, 43.7513312949724], [-79.5490790667181, 43.7506572173523], [-79.552319796801, 43.7499532802139], [-79.5576364591302, 43.7488035011132], [-79.5587882119827, 43.7485659672781], [-79.562362992933, 43.7477736585026], [-79.5644189731808, 43.7473190733003], [-79.5647180905341, 43.7472412508882], [-79.5650802001951, 43.7471445157042], [-79.5655495700586, 43.747020139031], [-79.565787264282, 43.7469572732872], [-79.5660367341053, 43.746898747874], [-79.5661284055729, 43.7468772356352], [-79.56654838694, 43.7467495258957], [-79.5669047814471, 43.7466432565479], [-79.5673427145915, 43.7465499266625], [-79.5677152302455, 43.7464388570854], [-79.5681573565521, 43.7463554051572], [-79.5682833392172, 43.7463286676136], [-79.5686243829079, 43.7462562915925], [-79.5691307317544, 43.7463744427183], [-79.569398949606, 43.7463952348447], [-79.5697469376101, 43.7464662223397], [-79.5701616460601, 43.7465741541929], [-79.5705789229737, 43.7466474466941], [-79.5709320165734, 43.7467383468877], [-79.5712753998285, 43.7468076946791], [-79.5716627925067, 43.7468181008159], [-79.5720651846638, 43.7468079375414], [-79.572469737371, 43.7468489971608], [-79.5728515404451, 43.7469704604566], [-79.5731179610684, 43.7471743835988], [-79.5733079558222, 43.7474263766943], [-79.5733822734215, 43.747694411657], [-79.5733457707597, 43.74801180932], [-79.5732232692562, 43.7483485601372], [-79.5731302670249, 43.7486541109803], [-79.5730181068815, 43.7489303763032], [-79.5728953877545, 43.7491941717571], [-79.5727649633177, 43.7494628688305], [-79.5726980974873, 43.749718923267], [-79.5727835811466, 43.7499792736971], [-79.5729739633002, 43.7502064333509], [-79.5732722851264, 43.7503693622315], [-79.5736232749436, 43.7503446264848], [-79.5740142870987, 43.7502502478385], [-79.5744134980427, 43.7501693200362], [-79.5748162389915, 43.7501131511387], [-79.5751439532853, 43.7500551566915], [-79.5755250018688, 43.7500388653756], [-79.5759324457878, 43.7500798029161], [-79.57630999088, 43.75013023736], [-79.5767132135736, 43.7501708332061], [-79.5771098556909, 43.750200972436], [-79.5774266427128, 43.7502690863922], [-79.577498855374, 43.7502846092604], [-79.5778989341761, 43.7503691380523], [-79.5782735956056, 43.7504917305379], [-79.578573460188, 43.7506640863338], [-79.5789126312953, 43.7508008420975], [-79.5792037924399, 43.7509711413833], [-79.5794665930153, 43.7511878701218], [-79.5797225535207, 43.7514048823931], [-79.5800062740075, 43.7515784158427], [-79.5803753809142, 43.7517079634537], [-79.580754491985, 43.7518145493298], [-79.580761350189, 43.7518167855082], [-79.5806996688055, 43.7518694325583], [-79.5807945566139, 43.7518276089798], [-79.5811137635912, 43.7519315714983], [-79.5814886778721, 43.7520546121565], [-79.581858384764, 43.7521727411269], [-79.5822350407308, 43.7522869565365], [-79.582557565386, 43.7524064399769], [-79.582655931203, 43.7524558401605], [-79.5828582796642, 43.7525574515785], [-79.5831059163948, 43.7527580795874], [-79.5831544405895, 43.7529976658016], [-79.5831302124836, 43.7532483484037], [-79.5831140637299, 43.7535042642187], [-79.5831195219277, 43.7535901585963], [-79.5831284089113, 43.7537307240992], [-79.5833394219807, 43.7539154911126], [-79.5836519244634, 43.7540537821402], [-79.5839428385299, 43.7542042399118], [-79.5841378527265, 43.7544097742792], [-79.5842472076022, 43.7546324824518], [-79.5842899426262, 43.7548210890498], [-79.5842055417851, 43.7550198164647], [-79.5841660065447, 43.7552438222561], [-79.5842799626606, 43.7554703797663], [-79.5844282410808, 43.7556503662283], [-79.5845970043096, 43.7558261250414], [-79.5847961226044, 43.7559514539369], [-79.5849883380188, 43.7561123420469], [-79.5851246011366, 43.7563024269038], [-79.5852150344587, 43.7565056245354], [-79.5852022233029, 43.7567366774043], [-79.5851213353159, 43.7569600841459], [-79.5849962489378, 43.7571126483952], [-79.5847878240138, 43.757162409009], [-79.5845111904347, 43.7572001389928], [-79.5842616537944, 43.757237147869], [-79.5840276537325, 43.7573014176526], [-79.5838648217201, 43.7574441247061], [-79.5838222243065, 43.757621398782], [-79.583902242664, 43.7578293393748], [-79.5839891906747, 43.7580184803647], [-79.5840704407438, 43.7582097953222], [-79.5840900793934, 43.7583989764654], [-79.584005388262, 43.7585715737736], [-79.583822283303, 43.7587043135569], [-79.5835498804873, 43.7587531016331], [-79.5832630708175, 43.7587113027015], [-79.5829850336041, 43.7586375872236], [-79.582715014151, 43.7585323159575], [-79.5824144609284, 43.7585200208641], [-79.5820822963719, 43.7585493344328], [-79.5818034281172, 43.7585926583689], [-79.581508942446, 43.7586595676187], [-79.5812171998833, 43.7587343236357], [-79.5809895573181, 43.7588232364854], [-79.5807698946422, 43.758935727113], [-79.5806219370867, 43.7590854399806], [-79.5805779393991, 43.759244612226], [-79.5806447617193, 43.7594260289916], [-79.5807038459013, 43.7595886028606], [-79.5807821176258, 43.7597969254368], [-79.5807850279681, 43.7600028615261], [-79.5807419708731, 43.7602065168958], [-79.5806260740849, 43.7603724817492], [-79.5804051894018, 43.7604952423634], [-79.5801956528248, 43.7605706486781], [-79.5799480545221, 43.7606120290961], [-79.5797461772704, 43.7606571762692], [-79.5795322972422, 43.7607357435256], [-79.5793319870901, 43.7608500178458], [-79.5791881094161, 43.7609915986998], [-79.5790624185986, 43.7611748867597], [-79.5789305992067, 43.7613255678609], [-79.5787636175516, 43.7614657326788], [-79.5785802124715, 43.7615935946051], [-79.5783883591571, 43.7617008315558], [-79.5782101462456, 43.761801856929], [-79.5780378496443, 43.7618774047613], [-79.5778566052166, 43.7619396450604], [-79.5776794756564, 43.7620150151537], [-79.5775372890964, 43.7621349086699], [-79.5775852934876, 43.762271262251], [-79.5777937853966, 43.7624183442422], [-79.577941858206, 43.7624318531841], [-79.5780525197586, 43.7624237573833], [-79.5781597972132, 43.7624116225985], [-79.5783216656205, 43.7623763708487], [-79.5784430943336, 43.7623394192078], [-79.578572993687, 43.7623029644662], [-79.5786596493898, 43.7622774587181], [-79.5787252556084, 43.7622722917133], [-79.5789074737758, 43.7622420750289], [-79.5790737427621, 43.7622286570397], [-79.5792524703748, 43.7622172547834], [-79.5793856468974, 43.7622269103169], [-79.5794831860589, 43.7622614070657], [-79.5795306779641, 43.7622795475563], [-79.5795858964688, 43.7623079529189], [-79.5796285849539, 43.7623379870584], [-79.5797833990561, 43.762424100916], [-79.5798237005678, 43.7624802585467], [-79.579917172253, 43.7625553257509], [-79.5800059217161, 43.7626194333428], [-79.5801034392699, 43.7626923825624], [-79.5801825808185, 43.762741843062], [-79.5802710711063, 43.762778379506], [-79.5803550289497, 43.7628159364237], [-79.5804279593598, 43.7628547797857], [-79.5804814872165, 43.7628907826954], [-79.5806471875541, 43.7630265116836], [-79.5775409388206, 43.7637102036709], [-79.5773294844775, 43.7637646785681], [-79.5771488406736, 43.7638254683864], [-79.5770042497822, 43.7638661792023], [-79.5767585076881, 43.763913906324], [-79.5765695485519, 43.7639513520523], [-79.5762191365356, 43.7640248826752], [-79.5760756394551, 43.7640564644237], [-79.5758898135255, 43.7640973821016], [-79.5758731748584, 43.7641010382569], [-79.575482307796, 43.7641920375434], [-79.5748752544207, 43.7643520824394], [-79.571153758353, 43.7651702635684], [-79.5711199964768, 43.7651776836834], [-79.5710044689565, 43.7652030936614], [-79.5690196178881, 43.7656270325321], [-79.5647875969911, 43.7665539848887], [-79.5606262485245, 43.7674108036304], [-79.5605631883887, 43.7674237895483], [-79.5578073213085, 43.7679911208431], [-79.5549914125067, 43.7685754987391], [-79.5521989561333, 43.7691257360259], [-79.5496037849477, 43.7696773764293], [-79.5465300847663, 43.7702898491808], [-79.5434514327666, 43.7709286766829], [-79.5406635589545, 43.7715009084288], [-79.5379628753515, 43.7720642753824], [-79.537799080581, 43.7720976516276], [-79.537728670207, 43.772111995772], [-79.5354083212842, 43.77258477753], [-79.5350805000475, 43.7726515680959], [-79.5348847470029, 43.7726967332211], [-79.5341947751836, 43.7698130925046], [-79.5339680485782, 43.7688653633881]]]]}"
